(1.0, 0, 0.1, 0, 0, 0.25, 0.01, 128, 1024, 1, 0.01, 4063380196) : -0.6185632759642489
(1.0, 0, 0.1, 0, 0, 0.25, 0.01, 128, 1024, 2, 0.01, 4063380196) : -0.6287705808206155
(1.0, 0, 0.1, 0, 0, 0.25, 0.01, 128, 1024, 3, 0.01, 4063380196) : -0.6275040687827346
(1.0, 0, 0.1, 0, 0, 0.25, 0.01, 128, 1024, 4, 0.01, 4063380196) : -0.6248597360480612
(1.0, 0, 0.1, 0, 0, 0.25, 0.01, 128, 1024, 5, 0.01, 4063380196) : -0.6236533908528349
(1.0, 0, 0.1, 0, 0, 0.25, 0.01, 128, 1024, 6, 0.01, 4063380196) : -0.6280064619189011
(1.0, 0, 0.1, 0, 0, 0.25, 0.01, 128, 1024, 7, 0.01, 4063380196) : -0.6273732058999606
(1.0, 0, 0.1, 0, 0, 0.25, 0.01, 128, 1024, 8, 0.01, 4063380196) : -0.6190506273897518
(1.0, 0, 0.1, 0, 0, 0.25, 0.01, 128, 1024, 9, 0.01, 4063380196) : -0.6193499574319589
(1.0, 0, 0.1, 0, 0, 0.25, 0.01, 128, 1024, 10, 0.01, 4063380196) : -0.6262390609159199
(1.0, 0, 0.1, 0, 0, 0.25, 0.01, 128, 1024, 11, 0.01, 4063380196) : -0.6218754606523891
(1.0, 0, 0.1, 0, 0, 0.25, 0.01, 128, 1024, 12, 0.01, 4063380196) : -0.6176743108640259
(1.0, 0, 0.1, 0, 0, 0.25, 0.01, 128, 1024, 1, 0.001, 4063380197) : -0.6254929920670018
(1.0, 0, 0.1, 0, 0, 0.25, 0.01, 128, 1024, 2, 0.001, 4063380197) : -0.6321685032595387
(1.0, 0, 0.1, 0, 0, 0.25, 0.01, 128, 1024, 3, 0.001, 4063380197) : -0.6313156382649086
(1.0, 0, 0.1, 0, 0, 0.25, 0.01, 128, 1024, 4, 0.001, 4063380197) : -0.6299739176737092
(1.0, 0, 0.1, 0, 0, 0.25, 0.01, 128, 1024, 5, 0.001, 4063380197) : -0.6314028801867578
(1.0, 0, 0.1, 0, 0, 0.25, 0.01, 128, 1024, 6, 0.001, 4063380197) : -0.6301860057940669
(1.0, 0, 0.1, 0, 0, 0.25, 0.01, 128, 1024, 7, 0.001, 4063380197) : -0.630898982879525
(1.0, 0, 0.1, 0, 0, 0.25, 0.01, 128, 1024, 8, 0.001, 4063380197) : -0.632284324431649
(1.0, 0, 0.1, 0, 0, 0.25, 0.01, 128, 1024, 9, 0.001, 4063380197) : -0.6306342487718444
(1.0, 0, 0.1, 0, 0, 0.25, 0.01, 128, 1024, 10, 0.001, 4063380197) : -0.6299092383178554
(1.0, 0, 0.1, 0, 0, 0.25, 0.01, 128, 1024, 11, 0.001, 4063380197) : -0.6310554166704271
(1.0, 0, 0.1, 0, 0, 0.25, 0.01, 128, 1024, 12, 0.001, 4063380197) : -0.6316811518340358
(1.0, 0, 0.1, 0, 0, 0.25, 0.01, 128, 1024, 13, 0.001, 4063380197) : -0.6303183728479073
(1.0, 0, 0.1, 0, 0, 0.25, 0.01, 128, 1024, 14, 0.001, 4063380197) : -0.6324016497748256
(1.0, 0, 0.1, 0, 0, 0.25, 0.01, 128, 1024, 15, 0.001, 4063380197) : -0.6304808233230749
(1.0, 0, 0.1, 0, 0, 0.25, 0.01, 128, 1024, 16, 0.001, 4063380197) : -0.6331356852552127
(1.0, 0, 0.1, 0, 0, 0.25, 0.01, 128, 1024, 17, 0.001, 4063380197) : -0.6321188656143486
(1.0, 0, 0.1, 0, 0, 0.25, 0.01, 128, 1024, 18, 0.001, 4063380197) : -0.6316721268076376
(1.0, 0, 0.1, 0, 0, 0.25, 0.01, 128, 1024, 19, 0.001, 4063380197) : -0.630846336892202
(1.0, 0, 0.1, 0, 0, 0.25, 0.01, 128, 1024, 20, 0.001, 4063380197) : -0.6320707321402248
(1.0, 0, 0.1, 0, 0, 0.25, 0.01, 128, 1024, 21, 0.001, 4063380197) : -0.6313171424359749
(1.0, 0, 0.1, 0, 0, 0.25, 0.01, 128, 1024, 22, 0.001, 4063380197) : -0.6311456669344091
(1.0, 0, 0.1, 0, 0, 0.25, 0.01, 128, 1024, 23, 0.001, 4063380197) : -0.630632744600778
(1.0, 0, 0.1, 0, 0, 0.25, 0.01, 128, 1024, 24, 0.001, 4063380197) : -0.6340788005138248
(1.0, 0, 0.1, 0, 0, 0.25, 0.01, 128, 1024, 25, 0.001, 4063380197) : -0.635751438739625
(1.0, 0, 0.1, 0, 0, 0.25, 0.01, 128, 1024, 26, 0.001, 4063380197) : -0.6348955654028622
(1.0, 0, 0.1, 0, 0, 0.25, 0.01, 128, 1024, 27, 0.001, 4063380197) : -0.638013712023441
(1.0, 0, 0.1, 0, 0, 0.25, 0.01, 128, 1024, 28, 0.001, 4063380197) : -0.6384378882641565
(1.0, 0, 0.1, 0, 0, 0.25, 0.01, 128, 1024, 29, 0.001, 4063380197) : -0.6359845852549119
(1.0, 0, 0.1, 0, 0, 0.25, 0.01, 128, 1024, 30, 0.001, 4063380197) : -0.6342698302392534
(1.0, 0, 0.1, 0, 0, 0.25, 0.01, 128, 1024, 31, 0.001, 4063380197) : -0.6341043714219531
(1.0, 0, 0.1, 0, 0, 0.25, 0.01, 128, 1024, 32, 0.001, 4063380197) : -0.6332530105983893
(1.0, 0, 0.1, 0, 0, 0.25, 0.01, 128, 1024, 33, 0.001, 4063380197) : -0.6323805913798964
(1.0, 0, 0.1, 0, 0, 0.25, 0.01, 128, 1024, 34, 0.001, 4063380197) : -0.6344713891621466
(1.0, 0, 0.1, 0, 0, 0.25, 0.01, 128, 1024, 35, 0.001, 4063380197) : -0.6314871137664745
(1.0, 0, 0.1, 0, 0, 0.25, 0.01, 128, 1024, 36, 0.001, 4063380197) : -0.6313998718446251
(1.0, 0, 0.1, 0, 0, 0.25, 0.01, 128, 1024, 37, 0.001, 4063380197) : -0.6298355339356034
(1.0, 0, 0.1, 0, 0, 0.25, 0.01, 128, 1024, 38, 0.001, 4063380197) : -0.6293632242207642
(1.0, 0, 0.1, 0, 0, 0.5, 0.01, 128, 1024, 1, 0.01, 4063380198) : -0.6194612660908699
(1.0, 0, 0.1, 0, 0, 0.5, 0.01, 128, 1024, 2, 0.01, 4063380198) : -0.6282185500392589
(1.0, 0, 0.1, 0, 0, 0.5, 0.01, 128, 1024, 3, 0.01, 4063380198) : -0.6176336982452341
(1.0, 0, 0.1, 0, 0, 0.5, 0.01, 128, 1024, 4, 0.01, 4063380198) : -0.6042179965043064
(1.0, 0, 0.1, 0, 0, 0.5, 0.01, 128, 1024, 5, 0.01, 4063380198) : -0.6226516129226345
(1.0, 0, 0.1, 0, 0, 0.5, 0.01, 128, 1024, 6, 0.01, 4063380198) : -0.6273070223730405
(1.0, 0, 0.1, 0, 0, 0.5, 0.01, 128, 1024, 7, 0.01, 4063380198) : -0.6299062299757227
(1.0, 0, 0.1, 0, 0, 0.5, 0.01, 128, 1024, 8, 0.01, 4063380198) : -0.6154406168304709
(1.0, 0, 0.1, 0, 0, 0.5, 0.01, 128, 1024, 9, 0.01, 4063380198) : -0.610133901308328
(1.0, 0, 0.1, 0, 0, 0.5, 0.01, 128, 1024, 10, 0.01, 4063380198) : -0.6212707838837095
(1.0, 0, 0.1, 0, 0, 0.5, 0.01, 128, 1024, 11, 0.01, 4063380198) : -0.6214648219512708
(1.0, 0, 0.1, 0, 0, 0.5, 0.01, 128, 1024, 12, 0.01, 4063380198) : -0.6224891624474668
(1.0, 0, 0.1, 0, 0, 0.5, 0.01, 128, 1024, 13, 0.01, 4063380198) : -0.6193890658796843
(1.0, 0, 0.1, 0, 0, 0.5, 0.01, 128, 1024, 14, 0.01, 4063380198) : -0.6210617041054846
(1.0, 0, 0.1, 0, 0, 0.5, 0.01, 128, 1024, 15, 0.01, 4063380198) : -0.6275251271776636
(1.0, 0, 0.1, 0, 0, 0.5, 0.01, 128, 1024, 16, 0.01, 4063380198) : -0.6233284899024997
(1.0, 0, 0.1, 0, 0, 0.5, 0.01, 128, 1024, 17, 0.01, 4063380198) : -0.6112424753842405
(1.0, 0, 0.1, 0, 0, 0.5, 0.01, 128, 1024, 1, 0.001, 4063380199) : -0.6090117896928182
(1.0, 0, 0.1, 0, 0, 0.5, 0.01, 128, 1024, 2, 0.001, 4063380199) : -0.6307094573251627
(1.0, 0, 0.1, 0, 0, 0.5, 0.01, 128, 1024, 3, 0.001, 4063380199) : -0.6345481018865313
(1.0, 0, 0.1, 0, 0, 0.5, 0.01, 128, 1024, 4, 0.001, 4063380199) : -0.6237812453934761
(1.0, 0, 0.1, 0, 0, 0.5, 0.01, 128, 1024, 5, 0.001, 4063380199) : -0.6240775670935504
(1.0, 0, 0.1, 0, 0, 0.5, 0.01, 128, 1024, 6, 0.001, 4063380199) : -0.6260269727955621
(1.0, 0, 0.1, 0, 0, 0.5, 0.01, 128, 1024, 7, 0.001, 4063380199) : -0.6283659588037628
(1.0, 0, 0.1, 0, 0, 0.5, 0.01, 128, 1024, 8, 0.001, 4063380199) : -0.6278274655620034
(1.0, 0, 0.1, 0, 0, 0.5, 0.01, 128, 1024, 9, 0.001, 4063380199) : -0.6299302967127846
(1.0, 0, 0.1, 0, 0, 0.5, 0.01, 128, 1024, 10, 0.001, 4063380199) : -0.6314720720558108
(1.0, 0, 0.1, 0, 0, 0.5, 0.01, 128, 1024, 11, 0.001, 4063380199) : -0.6297332503030905
(1.0, 0, 0.1, 0, 0, 0.5, 0.01, 128, 1024, 12, 0.001, 4063380199) : -0.6292865114963795
(1.0, 0, 0.1, 0, 0, 0.5, 0.01, 128, 1024, 13, 0.001, 4063380199) : -0.6296099082756483
(1.0, 0, 0.1, 64, 0, 0.25, 0.01, 128, 1024, 1, 0.01, 4063380200) : -0.6133723816142163
(1.0, 0, 0.1, 64, 0, 0.25, 0.01, 128, 1024, 2, 0.01, 4063380200) : -0.6066682911714183
(1.0, 0, 0.1, 64, 0, 0.25, 0.01, 128, 1024, 3, 0.01, 4063380200) : -0.6018729938118402
(1.0, 0, 0.1, 64, 0, 0.25, 0.01, 128, 1024, 4, 0.01, 4063380200) : -0.5966309576455511
(1.0, 0, 0.1, 64, 0, 0.25, 0.01, 128, 1024, 5, 0.01, 4063380200) : -0.5951147532106531
(1.0, 0, 0.1, 64, 0, 0.25, 0.01, 128, 1024, 6, 0.01, 4063380200) : -0.5964429362622552
(1.0, 0, 0.1, 64, 0, 0.25, 0.01, 128, 1024, 7, 0.01, 4063380200) : -0.5981095578037899
(1.0, 0, 0.1, 64, 0, 0.25, 0.01, 128, 1024, 8, 0.01, 4063380200) : -0.6012547795035634
(1.0, 0, 0.1, 64, 0, 0.25, 0.01, 128, 1024, 9, 0.01, 4063380200) : -0.602187365564711
(1.0, 0, 0.1, 64, 0, 0.25, 0.01, 128, 1024, 10, 0.01, 4063380200) : -0.5991278816157204
(1.0, 0, 0.1, 64, 0, 0.25, 0.01, 128, 1024, 11, 0.01, 4063380200) : -0.594007683305807
(1.0, 0, 0.1, 64, 0, 0.25, 0.01, 128, 1024, 1, 0.001, 4063380201) : -0.6225072125002632
(1.0, 0, 0.1, 64, 0, 0.25, 0.01, 128, 1024, 2, 0.001, 4063380201) : -0.6225824210535816
(1.0, 0, 0.1, 64, 0, 0.25, 0.01, 128, 1024, 3, 0.001, 4063380201) : -0.6218498897442608
(1.0, 0, 0.1, 64, 0, 0.25, 0.01, 128, 1024, 4, 0.001, 4063380201) : -0.622735846502351
(1.0, 0, 0.1, 64, 0, 0.25, 0.01, 128, 1024, 5, 0.001, 4063380201) : -0.620789449142472
(1.0, 0, 0.1, 64, 0, 0.25, 0.01, 128, 1024, 6, 0.001, 4063380201) : -0.6221627573260652
(1.0, 0, 0.1, 64, 0, 0.25, 0.01, 128, 1024, 7, 0.001, 4063380201) : -0.6216874392690932
(1.0, 0, 0.1, 64, 0, 0.25, 0.01, 128, 1024, 8, 0.001, 4063380201) : -0.6226696629754309
(1.0, 0, 0.1, 64, 0, 0.25, 0.01, 128, 1024, 9, 0.001, 4063380201) : -0.6222921160377728
(1.0, 0, 0.1, 64, 0, 0.25, 0.01, 128, 1024, 10, 0.001, 4063380201) : -0.6231735602826638
(1.0, 0, 0.1, 64, 0, 0.25, 0.01, 128, 1024, 11, 0.001, 4063380201) : -0.6213309507263642
(1.0, 0, 0.1, 64, 0, 0.25, 0.01, 128, 1024, 12, 0.001, 4063380201) : -0.6189152519937787
(1.0, 0, 0.1, 64, 0, 0.25, 0.01, 128, 1024, 13, 0.001, 4063380201) : -0.6202103432819208
(1.0, 0, 0.1, 64, 0, 0.25, 0.01, 128, 1024, 14, 0.001, 4063380201) : -0.622543312605856
(1.0, 0, 0.1, 64, 0, 0.25, 0.01, 128, 1024, 15, 0.001, 4063380201) : -0.6195770872629802
(1.0, 0, 0.1, 64, 0, 0.25, 0.01, 128, 1024, 16, 0.001, 4063380201) : -0.62110081255321
(1.0, 0, 0.1, 64, 0, 0.25, 0.01, 128, 1024, 17, 0.001, 4063380201) : -0.6192446654573132
(1.0, 0, 0.1, 64, 0, 0.25, 0.01, 128, 1024, 18, 0.001, 4063380201) : -0.6177856195229371
(1.0, 0, 0.1, 64, 0, 0.25, 0.01, 128, 1024, 19, 0.001, 4063380201) : -0.6168154291851303
(1.0, 0, 0.1, 64, 0, 0.25, 0.01, 128, 1024, 20, 0.001, 4063380201) : -0.6178818864711846
(1.0, 0, 0.1, 64, 0, 0.5, 0.01, 128, 1024, 1, 0.01, 4063380202) : -0.6231133934400092
(1.0, 0, 0.1, 64, 0, 0.5, 0.01, 128, 1024, 2, 0.01, 4063380202) : -0.6113176839375588
(1.0, 0, 0.1, 64, 0, 0.5, 0.01, 128, 1024, 3, 0.01, 4063380202) : -0.6021016278139281
(1.0, 0, 0.1, 64, 0, 0.5, 0.01, 128, 1024, 4, 0.01, 4063380202) : -0.591864239536234
(1.0, 0, 0.1, 64, 0, 0.5, 0.01, 128, 1024, 5, 0.01, 4063380202) : -0.589958454795147
(1.0, 0, 0.1, 64, 0, 0.5, 0.01, 128, 1024, 6, 0.01, 4063380202) : -0.5707321402248435
(1.0, 0, 0.1, 64, 0, 0.5, 0.01, 128, 1024, 7, 0.01, 4063380202) : -0.5787960013116372
(1.0, 0, 0.1, 64, 0, 0.5, 0.01, 128, 1024, 8, 0.01, 4063380202) : -0.5787373386400488
(1.0, 0, 0.1, 64, 0, 0.5, 0.01, 128, 1024, 9, 0.01, 4063380202) : -0.5909451910146837
(1.0, 0, 0.1, 64, 0, 0.5, 0.01, 128, 1024, 10, 0.01, 4063380202) : -0.5853707330427275
(1.0, 0, 0.1, 64, 0, 0.5, 0.01, 128, 1024, 11, 0.01, 4063380202) : -0.5844998179953009
(1.0, 0, 0.1, 64, 0, 0.5, 0.01, 128, 1024, 1, 0.001, 4063380203) : -0.6230697724790845
(1.0, 0, 0.1, 64, 0, 0.5, 0.01, 128, 1024, 2, 0.001, 4063380203) : -0.6325971920134533
(1.0, 0, 0.1, 64, 0, 0.5, 0.01, 128, 1024, 3, 0.001, 4063380203) : -0.6333808651390306
(1.0, 0, 0.1, 64, 0, 0.5, 0.01, 128, 1024, 4, 0.001, 4063380203) : -0.6298701298701299
(1.0, 0, 0.1, 64, 0, 0.5, 0.01, 128, 1024, 5, 0.001, 4063380203) : -0.6298204922249397
(1.0, 0, 0.1, 64, 0, 0.5, 0.01, 128, 1024, 6, 0.001, 4063380203) : -0.6303439437560355
(1.0, 0, 0.1, 64, 0, 0.5, 0.01, 128, 1024, 7, 0.001, 4063380203) : -0.6309004870505913
(1.0, 0, 0.1, 64, 0, 0.5, 0.01, 128, 1024, 8, 0.001, 4063380203) : -0.6314480053187489
(1.0, 0, 0.1, 64, 0, 0.5, 0.01, 128, 1024, 9, 0.001, 4063380203) : -0.6313562508837005
(1.0, 0, 0.1, 64, 0, 0.5, 0.01, 128, 1024, 10, 0.001, 4063380203) : -0.6297076793949622
(1.0, 0, 0.1, 64, 0, 0.5, 0.01, 128, 1024, 11, 0.001, 4063380203) : -0.6277251819294905
(1.0, 0, 0.1, 64, 0, 0.5, 0.01, 128, 1024, 12, 0.001, 4063380203) : -0.6282456251184535
(1.0, 0, 0.1, 64, 0, 0.5, 0.01, 128, 1024, 13, 0.001, 4063380203) : -0.6280440661955603
(1.0, 0, 0.1, 128, 0, 0.25, 0.01, 128, 1024, 1, 0.01, 4063380204) : -0.6180368160910203
(1.0, 0, 0.1, 128, 0, 0.25, 0.01, 128, 1024, 2, 0.01, 4063380204) : -0.6220033151930303
(1.0, 0, 0.1, 128, 0, 0.25, 0.01, 128, 1024, 3, 0.01, 4063380204) : -0.627452926966478
(1.0, 0, 0.1, 128, 0, 0.25, 0.01, 128, 1024, 4, 0.01, 4063380204) : -0.6303514646113674
(1.0, 0, 0.1, 128, 0, 0.25, 0.01, 128, 1024, 5, 0.01, 4063380204) : -0.6259126557945182
(1.0, 0, 0.1, 128, 0, 0.25, 0.01, 128, 1024, 6, 0.01, 4063380204) : -0.6258103721620052
(1.0, 0, 0.1, 128, 0, 0.25, 0.01, 128, 1024, 7, 0.01, 4063380204) : -0.6289931981384379
(1.0, 0, 0.1, 128, 0, 0.25, 0.01, 128, 1024, 8, 0.01, 4063380204) : -0.6221191363651405
(1.0, 0, 0.1, 128, 0, 0.25, 0.01, 128, 1024, 9, 0.01, 4063380204) : -0.6143831845708149
(1.0, 0, 0.1, 128, 0, 0.25, 0.01, 128, 1024, 10, 0.01, 4063380204) : -0.6088162474541905
(1.0, 0, 0.1, 128, 0, 0.25, 0.01, 128, 1024, 11, 0.01, 4063380204) : -0.6056168755960278
(1.0, 0, 0.1, 128, 0, 0.25, 0.01, 128, 1024, 12, 0.01, 4063380204) : -0.6063118026286893
(1.0, 0, 0.1, 128, 0, 0.25, 0.01, 128, 1024, 13, 0.01, 4063380204) : -0.6034523734315256
(1.0, 0, 0.1, 128, 0, 0.25, 0.01, 128, 1024, 14, 0.01, 4063380204) : -0.6067134163034094
(1.0, 0, 0.1, 128, 0, 0.25, 0.01, 128, 1024, 1, 0.001, 4063380205) : -0.6249319362592469
(1.0, 0, 0.1, 128, 0, 0.25, 0.01, 128, 1024, 2, 0.001, 4063380205) : -0.6222710576428436
(1.0, 0, 0.1, 128, 0, 0.25, 0.01, 128, 1024, 3, 0.001, 4063380205) : -0.6243648637672266
(1.0, 0, 0.1, 128, 0, 0.25, 0.01, 128, 1024, 4, 0.001, 4063380205) : -0.6225869335667806
(1.0, 0, 0.1, 128, 0, 0.25, 0.01, 128, 1024, 5, 0.001, 4063380205) : -0.6228621968719259
(1.0, 0, 0.1, 128, 0, 0.25, 0.01, 128, 1024, 6, 0.001, 4063380205) : -0.6234458152456762
(1.0, 0, 0.1, 128, 0, 0.25, 0.01, 128, 1024, 7, 0.001, 4063380205) : -0.6230246473470935
(1.0, 0, 0.1, 128, 0, 0.25, 0.01, 128, 1024, 8, 0.001, 4063380205) : -0.6238639748021263
(1.0, 0, 0.1, 128, 0, 0.25, 0.01, 128, 1024, 9, 0.001, 4063380205) : -0.6225538418033206
(1.0, 0, 0.1, 128, 0, 0.25, 0.01, 128, 1024, 10, 0.001, 4063380205) : -0.6219296108107782
(1.0, 0, 0.1, 128, 0, 0.25, 0.01, 128, 1024, 11, 0.001, 4063380205) : -0.6239948376849003
(1.0, 0, 0.1, 128, 0, 0.5, 0.01, 128, 1024, 1, 0.01, 4063380206) : -0.6337012535761667
(1.0, 0, 0.1, 128, 0, 0.5, 0.01, 128, 1024, 2, 0.01, 4063380206) : -0.6224575748550731
(1.0, 0, 0.1, 128, 0, 0.5, 0.01, 128, 1024, 3, 0.01, 4063380206) : -0.6157835678336026
(1.0, 0, 0.1, 128, 0, 0.5, 0.01, 128, 1024, 4, 0.01, 4063380206) : -0.6149788363130962
(1.0, 0, 0.1, 128, 0, 0.5, 0.01, 128, 1024, 5, 0.01, 4063380206) : -0.5883249250170723
(1.0, 0, 0.1, 128, 0, 0.5, 0.01, 128, 1024, 6, 0.01, 4063380206) : -0.5729703467715976
(1.0, 0, 0.1, 128, 0, 0.5, 0.01, 128, 1024, 7, 0.01, 4063380206) : -0.5647455393807027
(1.0, 0, 0.1, 128, 0, 0.5, 0.01, 128, 1024, 8, 0.01, 4063380206) : -0.5470685210087572
(1.0, 0, 0.1, 128, 0, 0.5, 0.01, 128, 1024, 9, 0.01, 4063380206) : -0.5499625461404475
(1.0, 0, 0.1, 128, 0, 0.5, 0.01, 128, 1024, 10, 0.01, 4063380206) : -0.5488599887488004
(1.0, 0, 0.1, 128, 0, 0.5, 0.01, 128, 1024, 11, 0.01, 4063380206) : -0.5473964303012253
(1.0, 0, 0.1, 128, 0, 0.5, 0.01, 128, 1024, 1, 0.001, 4063380207) : -0.6115132261761865
(1.0, 0, 0.1, 128, 0, 0.5, 0.01, 128, 1024, 2, 0.001, 4063380207) : -0.6214798636619345
(1.0, 0, 0.1, 128, 0, 0.5, 0.01, 128, 1024, 3, 0.001, 4063380207) : -0.6340833130270239
(1.0, 0, 0.1, 128, 0, 0.5, 0.01, 128, 1024, 4, 0.001, 4063380207) : -0.6247709899551456
(1.0, 0, 0.1, 128, 0, 0.5, 0.01, 128, 1024, 5, 0.001, 4063380207) : -0.6273310891101023
(1.0, 0, 0.1, 128, 0, 0.5, 0.01, 128, 1024, 6, 0.001, 4063380207) : -0.6256749967660322
(1.0, 0, 0.1, 128, 0, 0.5, 0.01, 128, 1024, 7, 0.001, 4063380207) : -0.6249409612856451
(1.0, 0, 0.1, 128, 0, 0.5, 0.01, 128, 1024, 8, 0.001, 4063380207) : -0.6237782370513434
(1.0, 0, 0.1, 128, 0, 0.5, 0.01, 128, 1024, 9, 0.001, 4063380207) : -0.6241753382128643
(1.0, 0, 0.1, 128, 0, 0.5, 0.01, 128, 1024, 10, 0.001, 4063380207) : -0.6254418502507453
(1.0, 0, 0.1, 128, 0, 0.5, 0.01, 128, 1024, 11, 0.001, 4063380207) : -0.6302296267549916
(1.0, 0, 0.1, 128, 0, 0.5, 0.01, 128, 1024, 12, 0.001, 4063380207) : -0.6318616523619999
(1.0, 0, 0.1, 128, 0, 0.5, 0.01, 128, 1024, 13, 0.001, 4063380207) : -0.6317142435974958
(1.0, 0.001, 0.1, 0, 0, 0.25, 0.01, 128, 1024, 1, 0.01, 4063380220) : -0.6250643033130872
(1.0, 0.001, 0.1, 0, 0, 0.25, 0.01, 128, 1024, 2, 0.01, 4063380220) : -0.6348083234810129
(1.0, 0.001, 0.1, 0, 0, 0.25, 0.01, 128, 1024, 3, 0.01, 4063380220) : -0.635677734357373
(1.0, 0.001, 0.1, 0, 0, 0.25, 0.01, 128, 1024, 4, 0.01, 4063380220) : -0.6358627473985361
(1.0, 0.001, 0.1, 0, 0, 0.25, 0.01, 128, 1024, 5, 0.01, 4063380220) : -0.6380483079579674
(1.0, 0.001, 0.1, 0, 0, 0.25, 0.01, 128, 1024, 6, 0.01, 4063380220) : -0.6336275491939147
(1.0, 0.001, 0.1, 0, 0, 0.25, 0.01, 128, 1024, 7, 0.01, 4063380220) : -0.6313291758045059
(1.0, 0.001, 0.1, 0, 0, 0.25, 0.01, 128, 1024, 8, 0.01, 4063380220) : -0.6332379688877257
(1.0, 0.001, 0.1, 0, 0, 0.25, 0.01, 128, 1024, 9, 0.01, 4063380220) : -0.6270407840942934
(1.0, 0.001, 0.1, 0, 0, 0.25, 0.01, 128, 1024, 10, 0.01, 4063380220) : -0.6299047258046563
(1.0, 0.001, 0.1, 0, 0, 0.25, 0.01, 128, 1024, 11, 0.01, 4063380220) : -0.6236172907472421
(1.0, 0.001, 0.1, 0, 0, 0.25, 0.01, 128, 1024, 12, 0.01, 4063380220) : -0.6168575459749887
(1.0, 0.001, 0.1, 0, 0, 0.25, 0.01, 128, 1024, 13, 0.01, 4063380220) : -0.6119584608118313
(1.0, 0.001, 0.1, 0, 0, 0.25, 0.01, 128, 1024, 14, 0.01, 4063380220) : -0.6088673892704469
(1.0, 0.001, 0.1, 0, 0, 0.25, 0.01, 128, 1024, 15, 0.01, 4063380220) : -0.604466184730257
(1.0, 0.001, 0.1, 0, 0, 0.25, 0.01, 128, 1024, 1, 0.001, 4063380221) : -0.6202569725849781
(1.0, 0.001, 0.1, 0, 0, 0.25, 0.01, 128, 1024, 2, 0.001, 4063380221) : -0.6201215971890051
(1.0, 0.001, 0.1, 0, 0, 0.25, 0.01, 128, 1024, 3, 0.001, 4063380221) : -0.6265068033657332
(1.0, 0.001, 0.1, 0, 0, 0.25, 0.01, 128, 1024, 4, 0.001, 4063380221) : -0.625423800197949
(1.0, 0.001, 0.1, 0, 0, 0.25, 0.01, 128, 1024, 5, 0.001, 4063380221) : -0.6273957684659561
(1.0, 0.001, 0.1, 0, 0, 0.25, 0.01, 128, 1024, 6, 0.001, 4063380221) : -0.6295196580116663
(1.0, 0.001, 0.1, 0, 0, 0.25, 0.01, 128, 1024, 7, 0.001, 4063380221) : -0.6316074474517838
(1.0, 0.001, 0.1, 0, 0, 0.25, 0.01, 128, 1024, 8, 0.001, 4063380221) : -0.6314795929111426
(1.0, 0.001, 0.1, 0, 0, 0.25, 0.01, 128, 1024, 9, 0.001, 4063380221) : -0.6319669443366455
(1.0, 0.001, 0.1, 0, 0, 0.25, 0.01, 128, 1024, 10, 0.001, 4063380221) : -0.6310824917496217
(1.0, 0.001, 0.1, 0, 0, 0.25, 0.01, 128, 1024, 11, 0.001, 4063380221) : -0.6320421528899639
(1.0, 0.001, 0.1, 0, 0, 0.25, 0.01, 128, 1024, 12, 0.001, 4063380221) : -0.6307605991414191
(1.0, 0.001, 0.1, 0, 0, 0.25, 0.01, 128, 1024, 13, 0.001, 4063380221) : -0.6316315141888457
(1.0, 0.001, 0.1, 0, 0, 0.25, 0.01, 128, 1024, 14, 0.001, 4063380221) : -0.6272949890045095
(1.0, 0.001, 0.1, 0, 0, 0.25, 0.01, 128, 1024, 15, 0.001, 4063380221) : -0.6307936909048792
(1.0, 0.001, 0.1, 0, 0, 0.25, 0.01, 128, 1024, 16, 0.001, 4063380221) : -0.6314088968710233
(1.0, 0.001, 0.1, 0, 0, 0.25, 0.01, 128, 1024, 17, 0.001, 4063380221) : -0.6314269469238197
(1.0, 0.001, 0.1, 0, 0, 0.25, 0.01, 128, 1024, 18, 0.001, 4063380221) : -0.6316465558995094
(1.0, 0.001, 0.1, 0, 0, 0.25, 0.01, 128, 1024, 19, 0.001, 4063380221) : -0.6337869913269496
(1.0, 0.001, 0.1, 0, 0, 0.25, 0.01, 128, 1024, 20, 0.001, 4063380221) : -0.6314224344106206
(1.0, 0.001, 0.1, 0, 0, 0.25, 0.01, 128, 1024, 21, 0.001, 4063380221) : -0.6328408677262047
(1.0, 0.001, 0.1, 0, 0, 0.25, 0.01, 128, 1024, 22, 0.001, 4063380221) : -0.6326378046322452
(1.0, 0.001, 0.1, 0, 0, 0.25, 0.01, 128, 1024, 23, 0.001, 4063380221) : -0.6307079531540963
(1.0, 0.001, 0.1, 0, 0, 0.25, 0.01, 128, 1024, 24, 0.001, 4063380221) : -0.6340968505666212
(1.0, 0.001, 0.1, 0, 0, 0.25, 0.01, 128, 1024, 25, 0.001, 4063380221) : -0.6350730575886935
(1.0, 0.001, 0.1, 0, 0, 0.25, 0.01, 128, 1024, 26, 0.001, 4063380221) : -0.6341825883174042
(1.0, 0.001, 0.1, 0, 0, 0.25, 0.01, 128, 1024, 27, 0.001, 4063380221) : -0.6343074345159126
(1.0, 0.001, 0.1, 0, 0, 0.25, 0.01, 128, 1024, 28, 0.001, 4063380221) : -0.6338125622350779
(1.0, 0.001, 0.1, 0, 0, 0.25, 0.01, 128, 1024, 29, 0.001, 4063380221) : -0.6282982711057763
(1.0, 0.001, 0.1, 0, 0, 0.25, 0.01, 128, 1024, 30, 0.001, 4063380221) : -0.6260119310848984
(1.0, 0.001, 0.1, 0, 0, 0.25, 0.01, 128, 1024, 31, 0.001, 4063380221) : -0.624161800673267
(1.0, 0.001, 0.1, 0, 0, 0.25, 0.01, 128, 1024, 32, 0.001, 4063380221) : -0.6250251948653617
(1.0, 0.001, 0.1, 0, 0, 0.25, 0.01, 128, 1024, 33, 0.001, 4063380221) : -0.6273792225842261
(1.0, 0.001, 0.1, 0, 0, 0.25, 0.01, 128, 1024, 34, 0.001, 4063380221) : -0.625145528550671
(1.0, 0.001, 0.1, 0, 0, 0.25, 0.01, 128, 1024, 35, 0.001, 4063380221) : -0.6238940582234537
(1.0, 0.001, 0.1, 0, 0, 0.5, 0.01, 128, 1024, 1, 0.01, 4063380222) : -0.6248146109160703
(1.0, 0.001, 0.1, 0, 0, 0.5, 0.01, 128, 1024, 2, 0.01, 4063380222) : -0.6176983776010878
(1.0, 0.001, 0.1, 0, 0, 0.5, 0.01, 128, 1024, 3, 0.01, 4063380222) : -0.612244253314441
(1.0, 0.001, 0.1, 0, 0, 0.5, 0.01, 128, 1024, 4, 0.01, 4063380222) : -0.604720389640473
(1.0, 0.001, 0.1, 0, 0, 0.5, 0.01, 128, 1024, 5, 0.01, 4063380222) : -0.6073902932832745
(1.0, 0.001, 0.1, 0, 0, 0.5, 0.01, 128, 1024, 6, 0.01, 4063380222) : -0.6049881320902863
(1.0, 0.001, 0.1, 0, 0, 0.5, 0.01, 128, 1024, 7, 0.01, 4063380222) : -0.5992873237487553
(1.0, 0.001, 0.1, 0, 0, 0.5, 0.01, 128, 1024, 8, 0.01, 4063380222) : -0.5777205189991848
(1.0, 0.001, 0.1, 0, 0, 0.5, 0.01, 128, 1024, 9, 0.01, 4063380222) : -0.5884798546369081
(1.0, 0.001, 0.1, 0, 0, 0.5, 0.01, 128, 1024, 10, 0.01, 4063380222) : -0.5949387651958882
(1.0, 0.001, 0.1, 0, 0, 0.5, 0.01, 128, 1024, 11, 0.01, 4063380222) : -0.6175359271259202
(1.0, 0.001, 0.1, 0, 0, 0.5, 0.01, 128, 1024, 1, 0.001, 4063380223) : -0.6094464951309982
(1.0, 0.001, 0.1, 0, 0, 0.5, 0.01, 128, 1024, 2, 0.001, 4063380223) : -0.6240926088042141
(1.0, 0.001, 0.1, 0, 0, 0.5, 0.01, 128, 1024, 3, 0.001, 4063380223) : -0.6284381590149485
(1.0, 0.001, 0.1, 0, 0, 0.5, 0.01, 128, 1024, 4, 0.001, 4063380223) : -0.6371292594364172
(1.0, 0.001, 0.1, 0, 0, 0.5, 0.01, 128, 1024, 5, 0.001, 4063380223) : -0.6404609983484202
(1.0, 0.001, 0.1, 0, 0, 0.5, 0.01, 128, 1024, 6, 0.001, 4063380223) : -0.6386138762789214
(1.0, 0.001, 0.1, 0, 0, 0.5, 0.01, 128, 1024, 7, 0.001, 4063380223) : -0.6391207819282871
(1.0, 0.001, 0.1, 0, 0, 0.5, 0.01, 128, 1024, 8, 0.001, 4063380223) : -0.6410130291297769
(1.0, 0.001, 0.1, 0, 0, 0.5, 0.01, 128, 1024, 9, 0.001, 4063380223) : -0.6396111416959228
(1.0, 0.001, 0.1, 0, 0, 0.5, 0.01, 128, 1024, 10, 0.001, 4063380223) : -0.6384694758565502
(1.0, 0.001, 0.1, 0, 0, 0.5, 0.01, 128, 1024, 11, 0.001, 4063380223) : -0.6381972208935378
(1.0, 0.001, 0.1, 0, 0, 0.5, 0.01, 128, 1024, 12, 0.001, 4063380223) : -0.6396291917487192
(1.0, 0.001, 0.1, 0, 0, 0.5, 0.01, 128, 1024, 13, 0.001, 4063380223) : -0.6409167621815294
(1.0, 0.001, 0.1, 0, 0, 0.5, 0.01, 128, 1024, 14, 0.001, 4063380223) : -0.6428405969754128
(1.0, 0.001, 0.1, 0, 0, 0.5, 0.01, 128, 1024, 15, 0.001, 4063380223) : -0.6382438501965951
(1.0, 0.001, 0.1, 0, 0, 0.5, 0.01, 128, 1024, 16, 0.001, 4063380223) : -0.6397344837233649
(1.0, 0.001, 0.1, 0, 0, 0.5, 0.01, 128, 1024, 17, 0.001, 4063380223) : -0.641996757007181
(1.0, 0.001, 0.1, 0, 0, 0.5, 0.01, 128, 1024, 18, 0.001, 4063380223) : -0.641210075539471
(1.0, 0.001, 0.1, 0, 0, 0.5, 0.01, 128, 1024, 19, 0.001, 4063380223) : -0.641747064610164
(1.0, 0.001, 0.1, 0, 0, 0.5, 0.01, 128, 1024, 20, 0.001, 4063380223) : -0.6341344548432805
(1.0, 0.001, 0.1, 0, 0, 0.5, 0.01, 128, 1024, 21, 0.001, 4063380223) : -0.6361470357300795
(1.0, 0.001, 0.1, 0, 0, 0.5, 0.01, 128, 1024, 22, 0.001, 4063380223) : -0.6344834225306776
(1.0, 0.001, 0.1, 0, 0, 0.5, 0.01, 128, 1024, 23, 0.001, 4063380223) : -0.6305485110210614
(1.0, 0.001, 0.1, 0, 0, 0.5, 0.01, 128, 1024, 24, 0.001, 4063380223) : -0.6299092383178554
(1.0, 0.001, 0.1, 64, 0, 0.25, 0.01, 128, 1024, 1, 0.01, 4063380224) : -0.609539753737113
(1.0, 0.001, 0.1, 64, 0, 0.25, 0.01, 128, 1024, 2, 0.01, 4063380224) : -0.61300235553189
(1.0, 0.001, 0.1, 64, 0, 0.25, 0.01, 128, 1024, 3, 0.01, 4063380224) : -0.614313992701762
(1.0, 0.001, 0.1, 64, 0, 0.25, 0.01, 128, 1024, 4, 0.01, 4063380224) : -0.6162107524164508
(1.0, 0.001, 0.1, 64, 0, 0.25, 0.01, 128, 1024, 5, 0.01, 4063380224) : -0.6159580516773011
(1.0, 0.001, 0.1, 64, 0, 0.25, 0.01, 128, 1024, 6, 0.01, 4063380224) : -0.6144012346236113
(1.0, 0.001, 0.1, 64, 0, 0.25, 0.01, 128, 1024, 7, 0.01, 4063380224) : -0.6128338883724568
(1.0, 0.001, 0.1, 64, 0, 0.25, 0.01, 128, 1024, 8, 0.01, 4063380224) : -0.6160076893224913
(1.0, 0.001, 0.1, 64, 0, 0.25, 0.01, 128, 1024, 9, 0.01, 4063380224) : -0.6115583513081776
(1.0, 0.001, 0.1, 64, 0, 0.25, 0.01, 128, 1024, 10, 0.01, 4063380224) : -0.6128955593861779
(1.0, 0.001, 0.1, 64, 0, 0.25, 0.01, 128, 1024, 11, 0.01, 4063380224) : -0.6123149493545602
(1.0, 0.001, 0.1, 64, 0, 0.25, 0.01, 128, 1024, 12, 0.01, 4063380224) : -0.6158407263341246
(1.0, 0.001, 0.1, 64, 0, 0.25, 0.01, 128, 1024, 13, 0.01, 4063380224) : -0.6210692249608163
(1.0, 0.001, 0.1, 64, 0, 0.25, 0.01, 128, 1024, 14, 0.01, 4063380224) : -0.6217370769142833
(1.0, 0.001, 0.1, 64, 0, 0.25, 0.01, 128, 1024, 15, 0.01, 4063380224) : -0.6182173166189845
(1.0, 0.001, 0.1, 64, 0, 0.25, 0.01, 128, 1024, 16, 0.01, 4063380224) : -0.6218694439681236
(1.0, 0.001, 0.1, 64, 0, 0.25, 0.01, 128, 1024, 17, 0.01, 4063380224) : -0.6214994178857973
(1.0, 0.001, 0.1, 64, 0, 0.25, 0.01, 128, 1024, 18, 0.01, 4063380224) : -0.6175584896919157
(1.0, 0.001, 0.1, 64, 0, 0.25, 0.01, 128, 1024, 19, 0.01, 4063380224) : -0.6212376921202495
(1.0, 0.001, 0.1, 64, 0, 0.25, 0.01, 128, 1024, 20, 0.01, 4063380224) : -0.6231374601770711
(1.0, 0.001, 0.1, 64, 0, 0.25, 0.01, 128, 1024, 21, 0.01, 4063380224) : -0.6263097569560391
(1.0, 0.001, 0.1, 64, 0, 0.25, 0.01, 128, 1024, 22, 0.01, 4063380224) : -0.6262556067976499
(1.0, 0.001, 0.1, 64, 0, 0.25, 0.01, 128, 1024, 23, 0.01, 4063380224) : -0.6150916491430738
(1.0, 0.001, 0.1, 64, 0, 0.25, 0.01, 128, 1024, 24, 0.01, 4063380224) : -0.6153413415400907
(1.0, 0.001, 0.1, 64, 0, 0.25, 0.01, 128, 1024, 25, 0.01, 4063380224) : -0.6226350670409044
(1.0, 0.001, 0.1, 64, 0, 0.25, 0.01, 128, 1024, 26, 0.01, 4063380224) : -0.6251695952877329
(1.0, 0.001, 0.1, 64, 0, 0.25, 0.01, 128, 1024, 27, 0.01, 4063380224) : -0.6260044102295665
(1.0, 0.001, 0.1, 64, 0, 0.25, 0.01, 128, 1024, 28, 0.01, 4063380224) : -0.6299889593843728
(1.0, 0.001, 0.1, 64, 0, 0.25, 0.01, 128, 1024, 29, 0.01, 4063380224) : -0.6284532007256122
(1.0, 0.001, 0.1, 64, 0, 0.25, 0.01, 128, 1024, 30, 0.01, 4063380224) : -0.6219431483503756
(1.0, 0.001, 0.1, 64, 0, 0.25, 0.01, 128, 1024, 31, 0.01, 4063380224) : -0.6235706614441847
(1.0, 0.001, 0.1, 64, 0, 0.25, 0.01, 128, 1024, 32, 0.01, 4063380224) : -0.6226185211591744
(1.0, 0.001, 0.1, 64, 0, 0.25, 0.01, 128, 1024, 33, 0.01, 4063380224) : -0.6162919776540347
(1.0, 0.001, 0.1, 64, 0, 0.25, 0.01, 128, 1024, 34, 0.01, 4063380224) : -0.6143245218992266
(1.0, 0.001, 0.1, 64, 0, 0.25, 0.01, 128, 1024, 35, 0.01, 4063380224) : -0.6164469072738704
(1.0, 0.001, 0.1, 64, 0, 0.25, 0.01, 128, 1024, 36, 0.01, 4063380224) : -0.6216678850452304
(1.0, 0.001, 0.1, 64, 0, 0.25, 0.01, 128, 1024, 37, 0.01, 4063380224) : -0.6160046809803585
(1.0, 0.001, 0.1, 64, 0, 0.25, 0.01, 128, 1024, 38, 0.01, 4063380224) : -0.6182970376855019
(1.0, 0.001, 0.1, 64, 0, 0.25, 0.01, 128, 1024, 1, 0.001, 4063380225) : -0.6253591208420951
(1.0, 0.001, 0.1, 64, 0, 0.25, 0.01, 128, 1024, 2, 0.001, 4063380225) : -0.6270543216338907
(1.0, 0.001, 0.1, 64, 0, 0.25, 0.01, 128, 1024, 3, 0.001, 4063380225) : -0.6277131485609595
(1.0, 0.001, 0.1, 64, 0, 0.25, 0.01, 128, 1024, 4, 0.001, 4063380225) : -0.6288743686241949
(1.0, 0.001, 0.1, 64, 0, 0.25, 0.01, 128, 1024, 5, 0.001, 4063380225) : -0.6303755313484292
(1.0, 0.001, 0.1, 64, 0, 0.25, 0.01, 128, 1024, 6, 0.001, 4063380225) : -0.6301754765966023
(1.0, 0.001, 0.1, 64, 0, 0.25, 0.01, 128, 1024, 7, 0.001, 4063380225) : -0.6294655078532772
(1.0, 0.001, 0.1, 64, 0, 0.25, 0.01, 128, 1024, 8, 0.001, 4063380225) : -0.6297858962904133
(1.0, 0.001, 0.1, 64, 0, 0.25, 0.01, 128, 1024, 9, 0.001, 4063380225) : -0.6268542668820639
(1.0, 0.001, 0.1, 64, 0, 0.25, 0.01, 128, 1024, 10, 0.001, 4063380225) : -0.6236834742741623
(1.0, 0.001, 0.1, 64, 0, 0.25, 0.01, 128, 1024, 11, 0.001, 4063380225) : -0.6240670378960859
(1.0, 0.001, 0.1, 64, 0, 0.25, 0.01, 128, 1024, 12, 0.001, 4063380225) : -0.6255862506731166
(1.0, 0.001, 0.1, 64, 0, 0.25, 0.01, 128, 1024, 13, 0.001, 4063380225) : -0.6259141599655845
(1.0, 0.001, 0.1, 64, 0, 0.25, 0.01, 128, 1024, 14, 0.001, 4063380225) : -0.6252117120775912
(1.0, 0.001, 0.1, 64, 0, 0.25, 0.01, 128, 1024, 15, 0.001, 4063380225) : -0.6244716599129386
(1.0, 0.001, 0.1, 64, 0, 0.5, 0.01, 128, 1024, 1, 0.01, 4063380226) : -0.5998995213727667
(1.0, 0.001, 0.1, 64, 0, 0.5, 0.01, 128, 1024, 2, 0.01, 4063380226) : -0.6098120087001254
(1.0, 0.001, 0.1, 64, 0, 0.5, 0.01, 128, 1024, 3, 0.01, 4063380226) : -0.6206961905363573
(1.0, 0.001, 0.1, 64, 0, 0.5, 0.01, 128, 1024, 4, 0.01, 4063380226) : -0.6193003197867687
(1.0, 0.001, 0.1, 64, 0, 0.5, 0.01, 128, 1024, 5, 0.01, 4063380226) : -0.6232893814547741
(1.0, 0.001, 0.1, 64, 0, 0.5, 0.01, 128, 1024, 6, 0.01, 4063380226) : -0.6188595976643232
(1.0, 0.001, 0.1, 64, 0, 0.5, 0.01, 128, 1024, 7, 0.01, 4063380226) : -0.6161490814027297
(1.0, 0.001, 0.1, 64, 0, 0.5, 0.01, 128, 1024, 8, 0.01, 4063380226) : -0.6183933046337494
(1.0, 0.001, 0.1, 64, 0, 0.5, 0.01, 128, 1024, 9, 0.01, 4063380226) : -0.614748698139942
(1.0, 0.001, 0.1, 64, 0, 0.5, 0.01, 128, 1024, 10, 0.01, 4063380226) : -0.6136401240640296
(1.0, 0.001, 0.1, 64, 0, 0.5, 0.01, 128, 1024, 11, 0.01, 4063380226) : -0.6234548402720744
(1.0, 0.001, 0.1, 64, 0, 0.5, 0.01, 128, 1024, 12, 0.01, 4063380226) : -0.6162288024692473
(1.0, 0.001, 0.1, 64, 0, 0.5, 0.01, 128, 1024, 13, 0.01, 4063380226) : -0.6171824469253239
(1.0, 0.001, 0.1, 64, 0, 0.5, 0.01, 128, 1024, 14, 0.01, 4063380226) : -0.6197079501457542
(1.0, 0.001, 0.1, 64, 0, 0.5, 0.01, 128, 1024, 15, 0.01, 4063380226) : -0.6200674470306159
(1.0, 0.001, 0.1, 64, 0, 0.5, 0.01, 128, 1024, 16, 0.01, 4063380226) : -0.62230565357737
(1.0, 0.001, 0.1, 64, 0, 0.5, 0.01, 128, 1024, 17, 0.01, 4063380226) : -0.6229810263861688
(1.0, 0.001, 0.1, 64, 0, 0.5, 0.01, 128, 1024, 18, 0.01, 4063380226) : -0.6090839899040038
(1.0, 0.001, 0.1, 64, 0, 0.5, 0.01, 128, 1024, 19, 0.01, 4063380226) : -0.6106558486683573
(1.0, 0.001, 0.1, 64, 0, 0.5, 0.01, 128, 1024, 20, 0.01, 4063380226) : -0.6159881350986285
(1.0, 0.001, 0.1, 64, 0, 0.5, 0.01, 128, 1024, 21, 0.01, 4063380226) : -0.615002903050158
(1.0, 0.001, 0.1, 64, 0, 0.5, 0.01, 128, 1024, 1, 0.001, 4063380227) : -0.6220544570092867
(1.0, 0.001, 0.1, 64, 0, 0.5, 0.01, 128, 1024, 2, 0.001, 4063380227) : -0.6284908050022713
(1.0, 0.001, 0.1, 64, 0, 0.5, 0.01, 128, 1024, 3, 0.001, 4063380227) : -0.6311065584866836
(1.0, 0.001, 0.1, 64, 0, 0.5, 0.01, 128, 1024, 4, 0.001, 4063380227) : -0.6333357400070395
(1.0, 0.001, 0.1, 64, 0, 0.5, 0.01, 128, 1024, 5, 0.001, 4063380227) : -0.638714655740368
(1.0, 0.001, 0.1, 64, 0, 0.5, 0.01, 128, 1024, 6, 0.001, 4063380227) : -0.6387657975566245
(1.0, 0.001, 0.1, 64, 0, 0.5, 0.01, 128, 1024, 7, 0.001, 4063380227) : -0.6292323613379902
(1.0, 0.001, 0.1, 64, 0, 0.5, 0.01, 128, 1024, 8, 0.001, 4063380227) : -0.6367216290774317
(1.0, 0.001, 0.1, 64, 0, 0.5, 0.01, 128, 1024, 9, 0.001, 4063380227) : -0.6392681906927911
(1.0, 0.001, 0.1, 64, 0, 0.5, 0.01, 128, 1024, 10, 0.001, 4063380227) : -0.6413695176725058
(1.0, 0.001, 0.1, 64, 0, 0.5, 0.01, 128, 1024, 11, 0.001, 4063380227) : -0.6425006543144138
(1.0, 0.001, 0.1, 64, 0, 0.5, 0.01, 128, 1024, 12, 0.001, 4063380227) : -0.636169598296075
(1.0, 0.001, 0.1, 64, 0, 0.5, 0.01, 128, 1024, 13, 0.001, 4063380227) : -0.6374015143994296
(1.0, 0.001, 0.1, 64, 0, 0.5, 0.01, 128, 1024, 14, 0.001, 4063380227) : -0.6365636911154632
(1.0, 0.001, 0.1, 64, 0, 0.5, 0.01, 128, 1024, 15, 0.001, 4063380227) : -0.6380197287077065
(1.0, 0.001, 0.1, 64, 0, 0.5, 0.01, 128, 1024, 16, 0.001, 4063380227) : -0.6394622287603524
(1.0, 0.001, 0.1, 64, 0, 0.5, 0.01, 128, 1024, 17, 0.001, 4063380227) : -0.639337382561844
(1.0, 0.001, 0.1, 64, 0, 0.5, 0.01, 128, 1024, 18, 0.001, 4063380227) : -0.6390982193622916
(1.0, 0.001, 0.1, 64, 0, 0.5, 0.01, 128, 1024, 19, 0.001, 4063380227) : -0.6333056565857121
(1.0, 0.001, 0.1, 64, 0, 0.5, 0.01, 128, 1024, 20, 0.001, 4063380227) : -0.6421155865214239
(1.0, 0.001, 0.1, 64, 0, 0.5, 0.01, 128, 1024, 21, 0.001, 4063380227) : -0.6424795959194848
(1.0, 0.001, 0.1, 128, 0, 0.25, 0.01, 128, 1024, 1, 0.01, 4063380228) : -0.615761005267607
(1.0, 0.001, 0.1, 128, 0, 0.25, 0.01, 128, 1024, 2, 0.01, 4063380228) : -0.6208210367348658
(1.0, 0.001, 0.1, 128, 0, 0.25, 0.01, 128, 1024, 3, 0.01, 4063380228) : -0.6198613755945236
(1.0, 0.001, 0.1, 128, 0, 0.25, 0.01, 128, 1024, 4, 0.01, 4063380228) : -0.6204134063758803
(1.0, 0.001, 0.1, 128, 0, 0.25, 0.01, 128, 1024, 5, 0.01, 4063380228) : -0.6229539513069743
(1.0, 0.001, 0.1, 128, 0, 0.25, 0.01, 128, 1024, 6, 0.01, 4063380228) : -0.6280666287615558
(1.0, 0.001, 0.1, 128, 0, 0.25, 0.01, 128, 1024, 7, 0.01, 4063380228) : -0.6340757921716921
(1.0, 0.001, 0.1, 128, 0, 0.25, 0.01, 128, 1024, 8, 0.01, 4063380228) : -0.629313586575574
(1.0, 0.001, 0.1, 128, 0, 0.25, 0.01, 128, 1024, 9, 0.01, 4063380228) : -0.6341720591199396
(1.0, 0.001, 0.1, 128, 0, 0.25, 0.01, 128, 1024, 10, 0.01, 4063380228) : -0.6345270434916022
(1.0, 0.001, 0.1, 128, 0, 0.25, 0.01, 128, 1024, 11, 0.01, 4063380228) : -0.6342878802920499
(1.0, 0.001, 0.1, 128, 0, 0.25, 0.01, 128, 1024, 12, 0.01, 4063380228) : -0.6344428099118856
(1.0, 0.001, 0.1, 128, 0, 0.25, 0.01, 128, 1024, 13, 0.01, 4063380228) : -0.6331432061105445
(1.0, 0.001, 0.1, 128, 0, 0.25, 0.01, 128, 1024, 14, 0.01, 4063380228) : -0.6308087326155429
(1.0, 0.001, 0.1, 128, 0, 0.25, 0.01, 128, 1024, 15, 0.01, 4063380228) : -0.6326979714748999
(1.0, 0.001, 0.1, 128, 0, 0.25, 0.01, 128, 1024, 16, 0.01, 4063380228) : -0.6338637040513343
(1.0, 0.001, 0.1, 128, 0, 0.25, 0.01, 128, 1024, 17, 0.01, 4063380228) : -0.6325641002499932
(1.0, 0.001, 0.1, 128, 0, 0.25, 0.01, 128, 1024, 18, 0.01, 4063380228) : -0.6254779503563381
(1.0, 0.001, 0.1, 128, 0, 0.25, 0.01, 128, 1024, 19, 0.01, 4063380228) : -0.6231735602826638
(1.0, 0.001, 0.1, 128, 0, 0.25, 0.01, 128, 1024, 20, 0.01, 4063380228) : -0.6215836514655139
(1.0, 0.001, 0.1, 128, 0, 0.25, 0.01, 128, 1024, 1, 0.001, 4063380229) : -0.6217641519934779
(1.0, 0.001, 0.1, 128, 0, 0.25, 0.01, 128, 1024, 2, 0.001, 4063380229) : -0.6188114641901994
(1.0, 0.001, 0.1, 128, 0, 0.25, 0.01, 128, 1024, 3, 0.001, 4063380229) : -0.624161800673267
(1.0, 0.001, 0.1, 128, 0, 0.25, 0.01, 128, 1024, 4, 0.001, 4063380229) : -0.6238459247493299
(1.0, 0.001, 0.1, 128, 0, 0.25, 0.01, 128, 1024, 5, 0.001, 4063380229) : -0.6269324837775151
(1.0, 0.001, 0.1, 128, 0, 0.25, 0.01, 128, 1024, 6, 0.001, 4063380229) : -0.629596370736051
(1.0, 0.001, 0.1, 128, 0, 0.25, 0.01, 128, 1024, 7, 0.001, 4063380229) : -0.6287074056358282
(1.0, 0.001, 0.1, 128, 0, 0.25, 0.01, 128, 1024, 8, 0.001, 4063380229) : -0.6298731382122627
(1.0, 0.001, 0.1, 128, 0, 0.25, 0.01, 128, 1024, 9, 0.001, 4063380229) : -0.6307816575363483
(1.0, 0.001, 0.1, 128, 0, 0.25, 0.01, 128, 1024, 10, 0.001, 4063380229) : -0.6291240610212118
(1.0, 0.001, 0.1, 128, 0, 0.25, 0.01, 128, 1024, 11, 0.001, 4063380229) : -0.6297212169345595
(1.0, 0.001, 0.1, 128, 0, 0.25, 0.01, 128, 1024, 12, 0.001, 4063380229) : -0.6308222701551403
(1.0, 0.001, 0.1, 128, 0, 0.25, 0.01, 128, 1024, 13, 0.001, 4063380229) : -0.6303003227951108
(1.0, 0.001, 0.1, 128, 0, 0.25, 0.01, 128, 1024, 14, 0.001, 4063380229) : -0.6299272883706518
(1.0, 0.001, 0.1, 128, 0, 0.25, 0.01, 128, 1024, 15, 0.001, 4063380229) : -0.6305891236398533
(1.0, 0.001, 0.1, 128, 0, 0.25, 0.01, 128, 1024, 16, 0.001, 4063380229) : -0.6295783206832547
(1.0, 0.001, 0.1, 128, 0, 0.25, 0.01, 128, 1024, 17, 0.001, 4063380229) : -0.6287465140835536
(1.0, 0.001, 0.1, 128, 0, 0.25, 0.01, 128, 1024, 18, 0.001, 4063380229) : -0.6287675724784828
(1.0, 0.001, 0.1, 128, 0, 0.25, 0.01, 128, 1024, 19, 0.001, 4063380229) : -0.62831331281644
(1.0, 0.001, 0.1, 128, 0, 0.25, 0.01, 128, 1024, 20, 0.001, 4063380229) : -0.6273401141365005
(1.0, 0.001, 0.1, 128, 0, 0.25, 0.01, 128, 1024, 21, 0.001, 4063380229) : -0.6280816704722194
(1.0, 0.001, 0.1, 128, 0, 0.25, 0.01, 128, 1024, 22, 0.001, 4063380229) : -0.628997710651637
(1.0, 0.001, 0.1, 128, 0, 0.5, 0.01, 128, 1024, 1, 0.01, 4063380230) : -0.6198899548447846
(1.0, 0.001, 0.1, 128, 0, 0.5, 0.01, 128, 1024, 2, 0.01, 4063380230) : -0.6394050702598305
(1.0, 0.001, 0.1, 128, 0, 0.5, 0.01, 128, 1024, 3, 0.01, 4063380230) : -0.6375744940720618
(1.0, 0.001, 0.1, 128, 0, 0.5, 0.01, 128, 1024, 4, 0.01, 4063380230) : -0.630067176279824
(1.0, 0.001, 0.1, 128, 0, 0.5, 0.01, 128, 1024, 5, 0.01, 4063380230) : -0.6363681488768355
(1.0, 0.001, 0.1, 128, 0, 0.5, 0.01, 128, 1024, 6, 0.01, 4063380230) : -0.6288412768607348
(1.0, 0.001, 0.1, 128, 0, 0.5, 0.01, 128, 1024, 7, 0.01, 4063380230) : -0.6326693922246389
(1.0, 0.001, 0.1, 128, 0, 0.5, 0.01, 128, 1024, 8, 0.01, 4063380230) : -0.6182308541585817
(1.0, 0.001, 0.1, 128, 0, 0.5, 0.01, 128, 1024, 9, 0.01, 4063380230) : -0.618990460547097
(1.0, 0.001, 0.1, 128, 0, 0.5, 0.01, 128, 1024, 10, 0.01, 4063380230) : -0.6284516965545458
(1.0, 0.001, 0.1, 128, 0, 0.5, 0.01, 128, 1024, 11, 0.01, 4063380230) : -0.6106483278130255
(1.0, 0.001, 0.1, 128, 0, 0.5, 0.01, 128, 1024, 12, 0.01, 4063380230) : -0.6230577391105535
(1.0, 0.001, 0.1, 128, 0, 0.5, 0.01, 128, 1024, 1, 0.001, 4063380231) : -0.6239346708422455
(1.0, 0.001, 0.1, 128, 0, 0.5, 0.01, 128, 1024, 2, 0.001, 4063380231) : -0.6248025775475393
(1.0, 0.001, 0.1, 128, 0, 0.5, 0.01, 128, 1024, 3, 0.001, 4063380231) : -0.6276620067447031
(1.0, 0.001, 0.1, 128, 0, 0.5, 0.01, 128, 1024, 4, 0.001, 4063380231) : -0.6335267697324681
(1.0, 0.001, 0.1, 128, 0, 0.5, 0.01, 128, 1024, 5, 0.001, 4063380231) : -0.6373052474511821
(1.0, 0.001, 0.1, 128, 0, 0.5, 0.01, 128, 1024, 6, 0.001, 4063380231) : -0.6383732089083027
(1.0, 0.001, 0.1, 128, 0, 0.5, 0.01, 128, 1024, 7, 0.001, 4063380231) : -0.6378151614426806
(1.0, 0.001, 0.1, 128, 0, 0.5, 0.01, 128, 1024, 8, 0.001, 4063380231) : -0.6398683549482715
(1.0, 0.001, 0.1, 128, 0, 0.5, 0.01, 128, 1024, 9, 0.001, 4063380231) : -0.6402338685173987
(1.0, 0.001, 0.1, 128, 0, 0.5, 0.01, 128, 1024, 10, 0.001, 4063380231) : -0.6405843403758623
(1.0, 0.001, 0.1, 128, 0, 0.5, 0.01, 128, 1024, 11, 0.001, 4063380231) : -0.6399886886335809
(1.0, 0.001, 0.1, 128, 0, 0.5, 0.01, 128, 1024, 12, 0.001, 4063380231) : -0.6386860764901071
(1.0, 0.001, 0.1, 128, 0, 0.5, 0.01, 128, 1024, 13, 0.001, 4063380231) : -0.6370660842516298
(1.0, 0.001, 0.1, 128, 0, 0.5, 0.01, 128, 1024, 14, 0.001, 4063380231) : -0.6376842985599066
(1.0, 0.001, 0.1, 128, 0, 0.5, 0.01, 128, 1024, 15, 0.001, 4063380231) : -0.6356957844101694
(1.0, 0.001, 0.1, 128, 0, 0.5, 0.01, 128, 1024, 16, 0.001, 4063380231) : -0.6400247887391737
(1.0, 0.001, 0.1, 128, 0, 0.5, 0.01, 128, 1024, 17, 0.001, 4063380231) : -0.6376512067964466
(1.0, 0.001, 0.1, 128, 0, 0.5, 0.01, 128, 1024, 18, 0.001, 4063380231) : -0.6377008444416367
(1.0, 0.001, 0.1, 128, 0, 0.5, 0.01, 128, 1024, 19, 0.001, 4063380231) : -0.6375368897954027
(1.0, 0.001, 0.1, 128, 0, 0.5, 0.01, 128, 1024, 20, 0.001, 4063380231) : -0.6364268115484237
(1.0, 0.001, 1, 0, 0, 0.25, 0.01, 128, 1024, 1, 0.01, 4063380232) : -0.6229720013597706
(1.0, 0.001, 1, 0, 0, 0.25, 0.01, 128, 1024, 2, 0.01, 4063380232) : -0.627210755424793
(1.0, 0.001, 1, 0, 0, 0.25, 0.01, 128, 1024, 3, 0.01, 4063380232) : -0.6259261933341155
(1.0, 0.001, 1, 0, 0, 0.25, 0.01, 128, 1024, 4, 0.01, 4063380232) : -0.6281659040519361
(1.0, 0.001, 1, 0, 0, 0.25, 0.01, 128, 1024, 5, 0.01, 4063380232) : -0.6257426844640187
(1.0, 0.001, 1, 0, 0, 0.25, 0.01, 128, 1024, 6, 0.01, 4063380232) : -0.626747470736352
(1.0, 0.001, 1, 0, 0, 0.25, 0.01, 128, 1024, 7, 0.01, 4063380232) : -0.6184339172525413
(1.0, 0.001, 1, 0, 0, 0.25, 0.01, 128, 1024, 8, 0.01, 4063380232) : -0.6165100824586579
(1.0, 0.001, 1, 0, 0, 0.25, 0.01, 128, 1024, 9, 0.01, 4063380232) : -0.6184835548977314
(1.0, 0.001, 1, 0, 0, 0.25, 0.01, 128, 1024, 10, 0.01, 4063380232) : -0.6159791100722303
(1.0, 0.001, 1, 0, 0, 0.25, 0.01, 128, 1024, 11, 0.01, 4063380232) : -0.6073286222695534
(1.0, 0.001, 1, 0, 0, 0.25, 0.01, 128, 1024, 12, 0.01, 4063380232) : -0.6047955981937914
(1.0, 0.001, 1, 0, 0, 0.25, 0.01, 128, 1024, 13, 0.01, 4063380232) : -0.6124172329870732
(1.0, 0.001, 1, 0, 0, 0.25, 0.01, 128, 1024, 14, 0.01, 4063380232) : -0.6128218550039259
(1.0, 0.001, 1, 0, 0, 0.25, 0.01, 128, 1024, 1, 0.001, 4063380233) : -0.621276800567975
(1.0, 0.001, 1, 0, 0, 0.25, 0.01, 128, 1024, 2, 0.001, 4063380233) : -0.6214091676218153
(1.0, 0.001, 1, 0, 0, 0.25, 0.01, 128, 1024, 3, 0.001, 4063380233) : -0.6214903928593991
(1.0, 0.001, 1, 0, 0, 0.25, 0.01, 128, 1024, 4, 0.001, 4063380233) : -0.6227930050028729
(1.0, 0.001, 1, 0, 0, 0.25, 0.01, 128, 1024, 5, 0.001, 4063380233) : -0.6230998559004118
(1.0, 0.001, 1, 0, 0, 0.25, 0.01, 128, 1024, 6, 0.001, 4063380233) : -0.6238113288148035
(1.0, 0.001, 1, 0, 0, 0.25, 0.01, 128, 1024, 7, 0.001, 4063380233) : -0.6241452547915369
(1.0, 0.001, 1, 0, 0, 0.25, 0.01, 128, 1024, 8, 0.001, 4063380233) : -0.6261066938620795
(1.0, 0.001, 1, 0, 0, 0.25, 0.01, 128, 1024, 9, 0.001, 4063380233) : -0.6243377886880319
(1.0, 0.001, 1, 0, 0, 0.25, 0.01, 128, 1024, 10, 0.001, 4063380233) : -0.6251395118664056
(1.0, 0.001, 1, 0, 0, 0.25, 0.01, 128, 1024, 11, 0.001, 4063380233) : -0.6264917616550695
(1.0, 0.001, 1, 0, 0, 0.25, 0.01, 128, 1024, 12, 0.001, 4063380233) : -0.6274739853614072
(1.0, 0.001, 1, 0, 0, 0.25, 0.01, 128, 1024, 13, 0.001, 4063380233) : -0.6307034406408972
(1.0, 0.001, 1, 0, 0, 0.25, 0.01, 128, 1024, 14, 0.001, 4063380233) : -0.6312088421191965
(1.0, 0.001, 1, 0, 0, 0.25, 0.01, 128, 1024, 15, 0.001, 4063380233) : -0.6328829845160631
(1.0, 0.001, 1, 0, 0, 0.25, 0.01, 128, 1024, 16, 0.001, 4063380233) : -0.6322091158783306
(1.0, 0.001, 1, 0, 0, 0.25, 0.01, 128, 1024, 17, 0.001, 4063380233) : -0.634059246289962
(1.0, 0.001, 1, 0, 0, 0.25, 0.01, 128, 1024, 18, 0.001, 4063380233) : -0.6329912848328415
(1.0, 0.001, 1, 0, 0, 0.25, 0.01, 128, 1024, 19, 0.001, 4063380233) : -0.6341224214747495
(1.0, 0.001, 1, 0, 0, 0.25, 0.01, 128, 1024, 20, 0.001, 4063380233) : -0.6332078854663983
(1.0, 0.001, 1, 0, 0, 0.25, 0.01, 128, 1024, 21, 0.001, 4063380233) : -0.6326964673038336
(1.0, 0.001, 1, 0, 0, 0.25, 0.01, 128, 1024, 22, 0.001, 4063380233) : -0.6313818217918288
(1.0, 0.001, 1, 0, 0, 0.25, 0.01, 128, 1024, 23, 0.001, 4063380233) : -0.6305800986134551
(1.0, 0.001, 1, 0, 0, 0.25, 0.01, 128, 1024, 24, 0.001, 4063380233) : -0.6316285058467129
(1.0, 0.001, 1, 0, 0, 0.25, 0.01, 128, 1024, 25, 0.001, 4063380233) : -0.6305800986134551
(1.0, 0.001, 1, 0, 0, 0.25, 0.01, 128, 1024, 26, 0.001, 4063380233) : -0.6293632242207642
(1.0, 0.001, 1, 0, 0, 0.25, 0.01, 128, 1024, 27, 0.001, 4063380233) : -0.6274694728482081
(1.0, 0.001, 1, 0, 0, 0.25, 0.01, 128, 1024, 28, 0.001, 4063380233) : -0.6237496578010824
(1.0, 0.001, 1, 0, 0, 0.25, 0.01, 128, 1024, 29, 0.001, 4063380233) : -0.6220469361539549
(1.0, 0.001, 1, 0, 0, 0.5, 0.01, 128, 1024, 1, 0.01, 4063380234) : -0.6269069128693868
(1.0, 0.001, 1, 0, 0, 0.5, 0.01, 128, 1024, 2, 0.01, 4063380234) : -0.6246672021515663
(1.0, 0.001, 1, 0, 0, 0.5, 0.01, 128, 1024, 3, 0.01, 4063380234) : -0.6164032863129458
(1.0, 0.001, 1, 0, 0, 0.5, 0.01, 128, 1024, 4, 0.01, 4063380234) : -0.6204134063758803
(1.0, 0.001, 1, 0, 0, 0.5, 0.01, 128, 1024, 5, 0.01, 4063380234) : -0.6245859769139824
(1.0, 0.001, 1, 0, 0, 0.5, 0.01, 128, 1024, 6, 0.01, 4063380234) : -0.6246506562698363
(1.0, 0.001, 1, 0, 0, 0.5, 0.01, 128, 1024, 7, 0.01, 4063380234) : -0.618194754052989
(1.0, 0.001, 1, 0, 0, 0.5, 0.01, 128, 1024, 8, 0.01, 4063380234) : -0.6112740629766342
(1.0, 0.001, 1, 0, 0, 0.5, 0.01, 128, 1024, 9, 0.01, 4063380234) : -0.6110198580664182
(1.0, 0.001, 1, 0, 0, 0.5, 0.01, 128, 1024, 10, 0.01, 4063380234) : -0.6123405202626885
(1.0, 0.001, 1, 0, 0, 0.5, 0.01, 128, 1024, 11, 0.01, 4063380234) : -0.6044872431251861
(1.0, 0.001, 1, 0, 0, 0.5, 0.01, 128, 1024, 1, 0.001, 4063380235) : -0.6337177994578967
(1.0, 0.001, 1, 0, 0, 0.5, 0.01, 128, 1024, 2, 0.001, 4063380235) : -0.6285870719505188
(1.0, 0.001, 1, 0, 0, 0.5, 0.01, 128, 1024, 3, 0.001, 4063380235) : -0.6283990505672229
(1.0, 0.001, 1, 0, 0, 0.5, 0.01, 128, 1024, 4, 0.001, 4063380235) : -0.6282802210529799
(1.0, 0.001, 1, 0, 0, 0.5, 0.01, 128, 1024, 5, 0.001, 4063380235) : -0.6300762013062221
(1.0, 0.001, 1, 0, 0, 0.5, 0.01, 128, 1024, 6, 0.001, 4063380235) : -0.6336455992467112
(1.0, 0.001, 1, 0, 0, 0.5, 0.01, 128, 1024, 7, 0.001, 4063380235) : -0.6321534615488751
(1.0, 0.001, 1, 0, 0, 0.5, 0.01, 128, 1024, 8, 0.001, 4063380235) : -0.6329702264379123
(1.0, 0.001, 1, 0, 0, 0.5, 0.01, 128, 1024, 9, 0.001, 4063380235) : -0.6339629793417145
(1.0, 0.001, 1, 0, 0, 0.5, 0.01, 128, 1024, 10, 0.001, 4063380235) : -0.6316300100177793
(1.0, 0.001, 1, 0, 0, 0.5, 0.01, 128, 1024, 11, 0.001, 4063380235) : -0.6326708963957053
(1.0, 0.001, 1, 0, 0, 0.5, 0.01, 128, 1024, 12, 0.001, 4063380235) : -0.6359319392675891
(1.0, 0.001, 1, 0, 0, 0.5, 0.01, 128, 1024, 13, 0.001, 4063380235) : -0.6327972467652802
(1.0, 0.001, 1, 0, 0, 0.5, 0.01, 128, 1024, 14, 0.001, 4063380235) : -0.6335117280218044
(1.0, 0.001, 1, 0, 0, 0.5, 0.01, 128, 1024, 15, 0.001, 4063380235) : -0.6321143531011495
(1.0, 0.001, 1, 0, 0, 0.5, 0.01, 128, 1024, 16, 0.001, 4063380235) : -0.6348985737449949
(1.0, 0.001, 1, 0, 0, 0.5, 0.01, 128, 1024, 17, 0.001, 4063380235) : -0.6360206853605047
(1.0, 0.001, 1, 0, 0, 0.5, 0.01, 128, 1024, 18, 0.001, 4063380235) : -0.634071279658493
(1.0, 0.001, 1, 0, 0, 0.5, 0.01, 128, 1024, 19, 0.001, 4063380235) : -0.6337403620238923
(1.0, 0.001, 1, 0, 0, 0.5, 0.01, 128, 1024, 20, 0.001, 4063380235) : -0.6340005836183737
(1.0, 0.001, 1, 0, 0, 0.5, 0.01, 128, 1024, 21, 0.001, 4063380235) : -0.6353392958674404
(1.0, 0.001, 1, 0, 0, 0.5, 0.01, 128, 1024, 22, 0.001, 4063380235) : -0.6340833130270239
(1.0, 0.001, 1, 0, 0, 0.5, 0.01, 128, 1024, 23, 0.001, 4063380235) : -0.6328002551074129
(1.0, 0.001, 1, 0, 0, 0.5, 0.01, 128, 1024, 24, 0.001, 4063380235) : -0.6281147622356795
(1.0, 0.001, 1, 0, 0, 0.5, 0.01, 128, 1024, 25, 0.001, 4063380235) : -0.6308508494054011
(1.0, 0.001, 1, 0, 0, 0.5, 0.01, 128, 1024, 26, 0.001, 4063380235) : -0.6293963159842243
(1.0, 0.001, 1, 0, 0, 0.5, 0.01, 128, 1024, 27, 0.001, 4063380235) : -0.6298806590675944
(1.0, 0.001, 1, 64, 0, 0.25, 0.01, 128, 1024, 1, 0.01, 4063380236) : -0.6215204762807265
(1.0, 0.001, 1, 64, 0, 0.25, 0.01, 128, 1024, 2, 0.01, 4063380236) : -0.6216272724264386
(1.0, 0.001, 1, 64, 0, 0.25, 0.01, 128, 1024, 3, 0.01, 4063380236) : -0.6194973661964628
(1.0, 0.001, 1, 64, 0, 0.25, 0.01, 128, 1024, 4, 0.01, 4063380236) : -0.6215701139259165
(1.0, 0.001, 1, 64, 0, 0.25, 0.01, 128, 1024, 5, 0.01, 4063380236) : -0.6129421886892352
(1.0, 0.001, 1, 64, 0, 0.25, 0.01, 128, 1024, 6, 0.01, 4063380236) : -0.6165251241693215
(1.0, 0.001, 1, 64, 0, 0.25, 0.01, 128, 1024, 7, 0.01, 4063380236) : -0.6129045844125761
(1.0, 0.001, 1, 64, 0, 0.25, 0.01, 128, 1024, 8, 0.01, 4063380236) : -0.6050603323014719
(1.0, 0.001, 1, 64, 0, 0.25, 0.01, 128, 1024, 9, 0.01, 4063380236) : -0.6025904834104973
(1.0, 0.001, 1, 64, 0, 0.25, 0.01, 128, 1024, 10, 0.01, 4063380236) : -0.6008742242237726
(1.0, 0.001, 1, 64, 0, 0.25, 0.01, 128, 1024, 11, 0.01, 4063380236) : -0.6063584319317468
(1.0, 0.001, 1, 64, 0, 0.25, 0.01, 128, 1024, 12, 0.01, 4063380236) : -0.6024220162510642
(1.0, 0.001, 1, 64, 0, 0.25, 0.01, 128, 1024, 1, 0.001, 4063380237) : -0.6212497254887804
(1.0, 0.001, 1, 64, 0, 0.25, 0.01, 128, 1024, 2, 0.001, 4063380237) : -0.620485606587066
(1.0, 0.001, 1, 64, 0, 0.25, 0.01, 128, 1024, 3, 0.001, 4063380237) : -0.6249665321937733
(1.0, 0.001, 1, 64, 0, 0.25, 0.01, 128, 1024, 4, 0.001, 4063380237) : -0.6233495482974287
(1.0, 0.001, 1, 64, 0, 0.25, 0.01, 128, 1024, 5, 0.001, 4063380237) : -0.623391665087287
(1.0, 0.001, 1, 64, 0, 0.25, 0.01, 128, 1024, 6, 0.001, 4063380237) : -0.6246897647175618
(1.0, 0.001, 1, 64, 0, 0.25, 0.01, 128, 1024, 7, 0.001, 4063380237) : -0.6250176740100298
(1.0, 0.001, 1, 64, 0, 0.25, 0.01, 128, 1024, 8, 0.001, 4063380237) : -0.6233585733238269
(1.0, 0.001, 1, 64, 0, 0.25, 0.01, 128, 1024, 9, 0.001, 4063380237) : -0.6212993631339705
(1.0, 0.001, 1, 64, 0, 0.25, 0.01, 128, 1024, 10, 0.001, 4063380237) : -0.6222981327220383
(1.0, 0.001, 1, 64, 0, 0.25, 0.01, 128, 1024, 11, 0.001, 4063380237) : -0.6206209819830389
(1.0, 0.001, 1, 64, 0, 0.25, 0.01, 128, 1024, 12, 0.001, 4063380237) : -0.6222033699448571
(1.0, 0.001, 1, 64, 0, 0.25, 0.01, 128, 1024, 13, 0.001, 4063380237) : -0.6219025357315837
(1.0, 0.001, 1, 64, 0, 0.25, 0.01, 128, 1024, 14, 0.001, 4063380237) : -0.6232803564283759
(1.0, 0.001, 1, 64, 0, 0.25, 0.01, 128, 1024, 15, 0.001, 4063380237) : -0.6220770195752823
(1.0, 0.001, 1, 64, 0, 0.25, 0.01, 128, 1024, 16, 0.001, 4063380237) : -0.6231224184664074
(1.0, 0.001, 1, 64, 0, 0.25, 0.01, 128, 1024, 17, 0.001, 4063380237) : -0.620891732774985
(1.0, 0.001, 1, 64, 0, 0.5, 0.01, 128, 1024, 1, 0.01, 4063380238) : -0.6240113835666302
(1.0, 0.001, 1, 64, 0, 0.5, 0.01, 128, 1024, 2, 0.01, 4063380238) : -0.6207774157739412
(1.0, 0.001, 1, 64, 0, 0.5, 0.01, 128, 1024, 3, 0.01, 4063380238) : -0.6188806560592524
(1.0, 0.001, 1, 64, 0, 0.5, 0.01, 128, 1024, 4, 0.01, 4063380238) : -0.6138341621315909
(1.0, 0.001, 1, 64, 0, 0.5, 0.01, 128, 1024, 5, 0.01, 4063380238) : -0.6192055570095876
(1.0, 0.001, 1, 64, 0, 0.5, 0.01, 128, 1024, 6, 0.01, 4063380238) : -0.6192762530497068
(1.0, 0.001, 1, 64, 0, 0.5, 0.01, 128, 1024, 7, 0.01, 4063380238) : -0.6252417954989185
(1.0, 0.001, 1, 64, 0, 0.5, 0.01, 128, 1024, 8, 0.01, 4063380238) : -0.6240279294483603
(1.0, 0.001, 1, 64, 0, 0.5, 0.01, 128, 1024, 9, 0.01, 4063380238) : -0.6193288990370297
(1.0, 0.001, 1, 64, 0, 0.5, 0.01, 128, 1024, 10, 0.01, 4063380238) : -0.6183030543697674
(1.0, 0.001, 1, 64, 0, 0.5, 0.01, 128, 1024, 11, 0.01, 4063380238) : -0.6178051737467999
(1.0, 0.001, 1, 64, 0, 0.5, 0.01, 128, 1024, 12, 0.01, 4063380238) : -0.6121675405900562
(1.0, 0.001, 1, 64, 0, 0.5, 0.01, 128, 1024, 13, 0.01, 4063380238) : -0.5998363461879793
(1.0, 0.001, 1, 64, 0, 0.5, 0.01, 128, 1024, 14, 0.01, 4063380238) : -0.5944649513099826
(1.0, 0.001, 1, 64, 0, 0.5, 0.01, 128, 1024, 15, 0.01, 4063380238) : -0.591422013242722
(1.0, 0.001, 1, 64, 0, 0.5, 0.01, 128, 1024, 16, 0.01, 4063380238) : -0.590212659705363
(1.0, 0.001, 1, 64, 0, 0.5, 0.01, 128, 1024, 17, 0.01, 4063380238) : -0.5902261972449603
(1.0, 0.001, 1, 64, 0, 0.5, 0.01, 128, 1024, 1, 0.001, 4063380239) : -0.6246672021515663
(1.0, 0.001, 1, 64, 0, 0.5, 0.01, 128, 1024, 2, 0.001, 4063380239) : -0.6257381719508196
(1.0, 0.001, 1, 64, 0, 0.5, 0.01, 128, 1024, 3, 0.001, 4063380239) : -0.6255997882127139
(1.0, 0.001, 1, 64, 0, 0.5, 0.01, 128, 1024, 4, 0.001, 4063380239) : -0.6290894650866854
(1.0, 0.001, 1, 64, 0, 0.5, 0.01, 128, 1024, 5, 0.001, 4063380239) : -0.626645187103839
(1.0, 0.001, 1, 64, 0, 0.5, 0.01, 128, 1024, 6, 0.001, 4063380239) : -0.6231735602826638
(1.0, 0.001, 1, 64, 0, 0.5, 0.01, 128, 1024, 7, 0.001, 4063380239) : -0.6244686515708059
(1.0, 0.001, 1, 64, 0, 0.5, 0.01, 128, 1024, 8, 0.001, 4063380239) : -0.6235586280756538
(1.0, 0.001, 1, 64, 0, 0.5, 0.01, 128, 1024, 9, 0.001, 4063380239) : -0.6257998429645407
(1.0, 0.001, 1, 64, 0, 0.5, 0.01, 128, 1024, 10, 0.001, 4063380239) : -0.6277988863117424
(1.0, 0.001, 1, 64, 0, 0.5, 0.01, 128, 1024, 11, 0.001, 4063380239) : -0.6272528722146512
(1.0, 0.001, 1, 64, 0, 0.5, 0.01, 128, 1024, 12, 0.001, 4063380239) : -0.6281749290783342
(1.0, 0.001, 1, 64, 0, 0.5, 0.01, 128, 1024, 13, 0.001, 4063380239) : -0.6277778279168134
(1.0, 0.001, 1, 64, 0, 0.5, 0.01, 128, 1024, 14, 0.001, 4063380239) : -0.6285269051078641
(1.0, 0.001, 1, 128, 0, 0.25, 0.01, 128, 1024, 1, 0.01, 4063380240) : -0.6208270534191312
(1.0, 0.001, 1, 128, 0, 0.25, 0.01, 128, 1024, 2, 0.01, 4063380240) : -0.6247063105992918
(1.0, 0.001, 1, 128, 0, 0.25, 0.01, 128, 1024, 3, 0.01, 4063380240) : -0.633046939162297
(1.0, 0.001, 1, 128, 0, 0.25, 0.01, 128, 1024, 4, 0.01, 4063380240) : -0.6339283834071882
(1.0, 0.001, 1, 128, 0, 0.25, 0.01, 128, 1024, 5, 0.01, 4063380240) : -0.6341103881062186
(1.0, 0.001, 1, 128, 0, 0.25, 0.01, 128, 1024, 6, 0.01, 4063380240) : -0.6364478699433529
(1.0, 0.001, 1, 128, 0, 0.25, 0.01, 128, 1024, 7, 0.01, 4063380240) : -0.6270332632389617
(1.0, 0.001, 1, 128, 0, 0.25, 0.01, 128, 1024, 8, 0.01, 4063380240) : -0.6192988156157023
(1.0, 0.001, 1, 128, 0, 0.25, 0.01, 128, 1024, 9, 0.01, 4063380240) : -0.6150510365242818
(1.0, 0.001, 1, 128, 0, 0.25, 0.01, 128, 1024, 10, 0.01, 4063380240) : -0.6067750873171304
(1.0, 0.001, 1, 128, 0, 0.25, 0.01, 128, 1024, 11, 0.01, 4063380240) : -0.6067946415409932
(1.0, 0.001, 1, 128, 0, 0.25, 0.01, 128, 1024, 12, 0.01, 4063380240) : -0.6153789458167499
(1.0, 0.001, 1, 128, 0, 0.25, 0.01, 128, 1024, 13, 0.01, 4063380240) : -0.6168500251196568
(1.0, 0.001, 1, 128, 0, 0.25, 0.01, 128, 1024, 14, 0.01, 4063380240) : -0.6199546342006383
(1.0, 0.001, 1, 128, 0, 0.25, 0.01, 128, 1024, 15, 0.01, 4063380240) : -0.6201276138732705
(1.0, 0.001, 1, 128, 0, 0.25, 0.01, 128, 1024, 16, 0.01, 4063380240) : -0.6216017015183103
(1.0, 0.001, 1, 128, 0, 0.25, 0.01, 128, 1024, 1, 0.001, 4063380241) : -0.6201501764392661
(1.0, 0.001, 1, 128, 0, 0.25, 0.01, 128, 1024, 2, 0.001, 4063380241) : -0.6184820507266651
(1.0, 0.001, 1, 128, 0, 0.25, 0.01, 128, 1024, 3, 0.001, 4063380241) : -0.6212091128699885
(1.0, 0.001, 1, 128, 0, 0.25, 0.01, 128, 1024, 4, 0.001, 4063380241) : -0.6213580258055588
(1.0, 0.001, 1, 128, 0, 0.25, 0.01, 128, 1024, 5, 0.001, 4063380241) : -0.6234834195223354
(1.0, 0.001, 1, 128, 0, 0.25, 0.01, 128, 1024, 6, 0.001, 4063380241) : -0.6236894909584277
(1.0, 0.001, 1, 128, 0, 0.25, 0.01, 128, 1024, 7, 0.001, 4063380241) : -0.6247785108104774
(1.0, 0.001, 1, 128, 0, 0.25, 0.01, 128, 1024, 8, 0.001, 4063380241) : -0.6241708256996652
(1.0, 0.001, 1, 128, 0, 0.25, 0.01, 128, 1024, 9, 0.001, 4063380241) : -0.6253651375263606
(1.0, 0.001, 1, 128, 0, 0.25, 0.01, 128, 1024, 10, 0.001, 4063380241) : -0.6255411255411255
(1.0, 0.001, 1, 128, 0, 0.25, 0.01, 128, 1024, 11, 0.001, 4063380241) : -0.624325755319501
(1.0, 0.001, 1, 128, 0, 0.25, 0.01, 128, 1024, 12, 0.001, 4063380241) : -0.6254012376319534
(1.0, 0.001, 1, 128, 0, 0.25, 0.01, 128, 1024, 13, 0.001, 4063380241) : -0.6245212975581287
(1.0, 0.001, 1, 128, 0, 0.25, 0.01, 128, 1024, 14, 0.001, 4063380241) : -0.6256118215812448
(1.0, 0.001, 1, 128, 0, 0.25, 0.01, 128, 1024, 15, 0.001, 4063380241) : -0.6254328252243471
(1.0, 0.001, 1, 128, 0, 0.25, 0.01, 128, 1024, 16, 0.001, 4063380241) : -0.6249680363648397
(1.0, 0.001, 1, 128, 0, 0.25, 0.01, 128, 1024, 17, 0.001, 4063380241) : -0.6251605702613346
(1.0, 0.001, 1, 128, 0, 0.25, 0.01, 128, 1024, 18, 0.001, 4063380241) : -0.624919902890716
(1.0, 0.001, 1, 128, 0, 0.25, 0.01, 128, 1024, 19, 0.001, 4063380241) : -0.6270242382125635
(1.0, 0.001, 1, 128, 0, 0.25, 0.01, 128, 1024, 20, 0.001, 4063380241) : -0.6253275332497015
(1.0, 0.001, 1, 128, 0, 0.25, 0.01, 128, 1024, 21, 0.001, 4063380241) : -0.625563688107121
(1.0, 0.001, 1, 128, 0, 0.25, 0.01, 128, 1024, 22, 0.001, 4063380241) : -0.6240234169351612
(1.0, 0.001, 1, 128, 0, 0.25, 0.01, 128, 1024, 23, 0.001, 4063380241) : -0.6218724523102563
(1.0, 0.001, 1, 128, 0, 0.25, 0.01, 128, 1024, 24, 0.001, 4063380241) : -0.6216994726376242
(1.0, 0.001, 1, 128, 0, 0.25, 0.01, 128, 1024, 25, 0.001, 4063380241) : -0.621678414242695
(1.0, 0.001, 1, 128, 0, 0.25, 0.01, 128, 1024, 26, 0.001, 4063380241) : -0.6230457057420227
(1.0, 0.001, 1, 128, 0, 0.25, 0.01, 128, 1024, 27, 0.001, 4063380241) : -0.6219657109163711
(1.0, 0.001, 1, 128, 0, 0.25, 0.01, 128, 1024, 28, 0.001, 4063380241) : -0.6209233203673787
(1.0, 0.001, 1, 128, 0, 0.25, 0.01, 128, 1024, 29, 0.001, 4063380241) : -0.6206555779175654
(1.0, 0.001, 1, 128, 0, 0.5, 0.01, 128, 1024, 1, 0.01, 4063380242) : -0.62510040341868
(1.0, 0.001, 1, 128, 0, 0.5, 0.01, 128, 1024, 2, 0.01, 4063380242) : -0.6255516547385901
(1.0, 0.001, 1, 128, 0, 0.5, 0.01, 128, 1024, 3, 0.01, 4063380242) : -0.6231810811379956
(1.0, 0.001, 1, 128, 0, 0.5, 0.01, 128, 1024, 4, 0.01, 4063380242) : -0.6220033151930303
(1.0, 0.001, 1, 128, 0, 0.5, 0.01, 128, 1024, 5, 0.01, 4063380242) : -0.6232036437039912
(1.0, 0.001, 1, 128, 0, 0.5, 0.01, 128, 1024, 6, 0.01, 4063380242) : -0.6215234846228592
(1.0, 0.001, 1, 128, 0, 0.5, 0.01, 128, 1024, 7, 0.01, 4063380242) : -0.622883255266855
(1.0, 0.001, 1, 128, 0, 0.5, 0.01, 128, 1024, 8, 0.01, 4063380242) : -0.6203652729017566
(1.0, 0.001, 1, 128, 0, 0.5, 0.01, 128, 1024, 9, 0.01, 4063380242) : -0.619522937104591
(1.0, 0.001, 1, 128, 0, 0.5, 0.01, 128, 1024, 10, 0.01, 4063380242) : -0.6216513391635003
(1.0, 0.001, 1, 128, 0, 0.5, 0.01, 128, 1024, 11, 0.01, 4063380242) : -0.6150690865770783
(1.0, 0.001, 1, 128, 0, 0.5, 0.01, 128, 1024, 12, 0.01, 4063380242) : -0.6172982680974342
(1.0, 0.001, 1, 128, 0, 0.5, 0.01, 128, 1024, 1, 0.001, 4063380243) : -0.6315006513060717
(1.0, 0.001, 1, 128, 0, 0.5, 0.01, 128, 1024, 2, 0.001, 4063380243) : -0.6285569885291914
(1.0, 0.001, 1, 128, 0, 0.5, 0.01, 128, 1024, 3, 0.001, 4063380243) : -0.6275161021512654
(1.0, 0.001, 1, 128, 0, 0.5, 0.01, 128, 1024, 4, 0.001, 4063380243) : -0.6264195614438839
(1.0, 0.001, 1, 128, 0, 0.5, 0.01, 128, 1024, 5, 0.001, 4063380243) : -0.6287239515175582
(1.0, 0.001, 1, 128, 0, 0.5, 0.01, 128, 1024, 6, 0.001, 4063380243) : -0.627006188159767
(1.0, 0.001, 1, 128, 0, 0.5, 0.01, 128, 1024, 7, 0.001, 4063380243) : -0.627006188159767
(1.0, 0.001, 1, 128, 0, 0.5, 0.01, 128, 1024, 8, 0.001, 4063380243) : -0.6287013889515627
(1.0, 0.001, 1, 128, 0, 0.5, 0.01, 128, 1024, 9, 0.001, 4063380243) : -0.6273431224786332
(1.0, 0.001, 1, 128, 0, 0.5, 0.01, 128, 1024, 10, 0.001, 4063380243) : -0.6272017303983948
(1.0, 0.001, 1, 128, 0, 0.5, 0.01, 128, 1024, 11, 0.001, 4063380243) : -0.6282065166707279
(1.0, 0.01, 0.1, 0, 0, 0.25, 0.01, 128, 1024, 1, 0.01, 4063380244) : -0.6236909951294941
(1.0, 0.01, 0.1, 0, 0, 0.25, 0.01, 128, 1024, 2, 0.01, 4063380244) : -0.6252041912222593
(1.0, 0.01, 0.1, 0, 0, 0.25, 0.01, 128, 1024, 3, 0.01, 4063380244) : -0.6290353149282961
(1.0, 0.01, 0.1, 0, 0, 0.25, 0.01, 128, 1024, 4, 0.01, 4063380244) : -0.6312419338826566
(1.0, 0.01, 0.1, 0, 0, 0.25, 0.01, 128, 1024, 5, 0.01, 4063380244) : -0.6263894780225565
(1.0, 0.01, 0.1, 0, 0, 0.25, 0.01, 128, 1024, 6, 0.01, 4063380244) : -0.624879290271924
(1.0, 0.01, 0.1, 0, 0, 0.25, 0.01, 128, 1024, 7, 0.01, 4063380244) : -0.6272227887933239
(1.0, 0.01, 0.1, 0, 0, 0.25, 0.01, 128, 1024, 8, 0.01, 4063380244) : -0.6314254427527534
(1.0, 0.01, 0.1, 0, 0, 0.25, 0.01, 128, 1024, 9, 0.01, 4063380244) : -0.6310373666176307
(1.0, 0.01, 0.1, 0, 0, 0.25, 0.01, 128, 1024, 10, 0.01, 4063380244) : -0.6296625542629712
(1.0, 0.01, 0.1, 0, 0, 0.25, 0.01, 128, 1024, 11, 0.01, 4063380244) : -0.6226892171992936
(1.0, 0.01, 0.1, 0, 0, 0.25, 0.01, 128, 1024, 12, 0.01, 4063380244) : -0.6223688287621575
(1.0, 0.01, 0.1, 0, 0, 0.25, 0.01, 128, 1024, 13, 0.01, 4063380244) : -0.6203126269144337
(1.0, 0.01, 0.1, 0, 0, 0.25, 0.01, 128, 1024, 14, 0.01, 4063380244) : -0.6168109166719312
(1.0, 0.01, 0.1, 0, 0, 0.25, 0.01, 128, 1024, 15, 0.01, 4063380244) : -0.6106227569048973
(1.0, 0.01, 0.1, 0, 0, 0.25, 0.01, 128, 1024, 16, 0.01, 4063380244) : -0.6155594463447139
(1.0, 0.01, 0.1, 0, 0, 0.25, 0.01, 128, 1024, 17, 0.01, 4063380244) : -0.6198312921731963
(1.0, 0.01, 0.1, 0, 0, 0.25, 0.01, 128, 1024, 18, 0.01, 4063380244) : -0.620293072690571
(1.0, 0.01, 0.1, 0, 0, 0.25, 0.01, 128, 1024, 1, 0.001, 4063380245) : -0.6200403719514213
(1.0, 0.01, 0.1, 0, 0, 0.25, 0.01, 128, 1024, 2, 0.001, 4063380245) : -0.6229689930176379
(1.0, 0.01, 0.1, 0, 0, 0.25, 0.01, 128, 1024, 3, 0.001, 4063380245) : -0.6253696500395597
(1.0, 0.01, 0.1, 0, 0, 0.25, 0.01, 128, 1024, 4, 0.001, 4063380245) : -0.6282381042631217
(1.0, 0.01, 0.1, 0, 0, 0.25, 0.01, 128, 1024, 5, 0.001, 4063380245) : -0.6312494547379884
(1.0, 0.01, 0.1, 0, 0, 0.25, 0.01, 128, 1024, 6, 0.001, 4063380245) : -0.6322061075361979
(1.0, 0.01, 0.1, 0, 0, 0.25, 0.01, 128, 1024, 7, 0.001, 4063380245) : -0.6340727838295593
(1.0, 0.01, 0.1, 0, 0, 0.25, 0.01, 128, 1024, 8, 0.001, 4063380245) : -0.6355543923299309
(1.0, 0.01, 0.1, 0, 0, 0.25, 0.01, 128, 1024, 9, 0.001, 4063380245) : -0.6373323225303767
(1.0, 0.01, 0.1, 0, 0, 0.25, 0.01, 128, 1024, 10, 0.001, 4063380245) : -0.6376271400593847
(1.0, 0.01, 0.1, 0, 0, 0.25, 0.01, 128, 1024, 11, 0.001, 4063380245) : -0.6377324320340304
(1.0, 0.01, 0.1, 0, 0, 0.25, 0.01, 128, 1024, 12, 0.001, 4063380245) : -0.6381220123402195
(1.0, 0.01, 0.1, 0, 0, 0.25, 0.01, 128, 1024, 13, 0.001, 4063380245) : -0.636825416881011
(1.0, 0.01, 0.1, 0, 0, 0.25, 0.01, 128, 1024, 14, 0.001, 4063380245) : -0.6372134930161337
(1.0, 0.01, 0.1, 0, 0, 0.25, 0.01, 128, 1024, 15, 0.001, 4063380245) : -0.6357499345685587
(1.0, 0.01, 0.1, 0, 0, 0.25, 0.01, 128, 1024, 16, 0.001, 4063380245) : -0.636350098824039
(1.0, 0.01, 0.1, 0, 0, 0.25, 0.01, 128, 1024, 17, 0.001, 4063380245) : -0.6346789647693053
(1.0, 0.01, 0.1, 0, 0, 0.25, 0.01, 128, 1024, 18, 0.001, 4063380245) : -0.6371533261734791
(1.0, 0.01, 0.1, 0, 0, 0.25, 0.01, 128, 1024, 19, 0.001, 4063380245) : -0.6362959486656499
(1.0, 0.01, 0.1, 0, 0, 0.25, 0.01, 128, 1024, 20, 0.001, 4063380245) : -0.6362026900595351
(1.0, 0.01, 0.1, 0, 0, 0.25, 0.01, 128, 1024, 21, 0.001, 4063380245) : -0.6347210815591635
(1.0, 0.01, 0.1, 0, 0, 0.25, 0.01, 128, 1024, 22, 0.001, 4063380245) : -0.6363200154027118
(1.0, 0.01, 0.1, 0, 0, 0.5, 0.01, 128, 1024, 1, 0.01, 4063380246) : -0.6064125820901359
(1.0, 0.01, 0.1, 0, 0, 0.5, 0.01, 128, 1024, 2, 0.01, 4063380246) : -0.620563823482517
(1.0, 0.01, 0.1, 0, 0, 0.5, 0.01, 128, 1024, 3, 0.01, 4063380246) : -0.6211308959745374
(1.0, 0.01, 0.1, 0, 0, 0.5, 0.01, 128, 1024, 4, 0.01, 4063380246) : -0.6116350640325623
(1.0, 0.01, 0.1, 0, 0, 0.5, 0.01, 128, 1024, 5, 0.01, 4063380246) : -0.6043639010977441
(1.0, 0.01, 0.1, 0, 0, 0.5, 0.01, 128, 1024, 6, 0.01, 4063380246) : -0.596847558279108
(1.0, 0.01, 0.1, 0, 0, 0.5, 0.01, 128, 1024, 7, 0.01, 4063380246) : -0.5913753839396647
(1.0, 0.01, 0.1, 0, 0, 0.5, 0.01, 128, 1024, 8, 0.01, 4063380246) : -0.5968009289760506
(1.0, 0.01, 0.1, 0, 0, 0.5, 0.01, 128, 1024, 9, 0.01, 4063380246) : -0.5797330998859839
(1.0, 0.01, 0.1, 0, 0, 0.5, 0.01, 128, 1024, 10, 0.01, 4063380246) : -0.5777415773941139
(1.0, 0.01, 0.1, 0, 0, 0.5, 0.01, 128, 1024, 11, 0.01, 4063380246) : -0.5969874461882801
(1.0, 0.01, 0.1, 0, 0, 0.5, 0.01, 128, 1024, 12, 0.01, 4063380246) : -0.6112108877918468
(1.0, 0.01, 0.1, 0, 0, 0.5, 0.01, 128, 1024, 13, 0.01, 4063380246) : -0.6141710964504571
(1.0, 0.01, 0.1, 0, 0, 0.5, 0.01, 128, 1024, 1, 0.001, 4063380247) : -0.6231840894801284
(1.0, 0.01, 0.1, 0, 0, 0.5, 0.01, 128, 1024, 2, 0.001, 4063380247) : -0.6345195226362704
(1.0, 0.01, 0.1, 0, 0, 0.5, 0.01, 128, 1024, 3, 0.001, 4063380247) : -0.6343510554768372
(1.0, 0.01, 0.1, 0, 0, 0.5, 0.01, 128, 1024, 4, 0.001, 4063380247) : -0.6368194001967455
(1.0, 0.01, 0.1, 0, 0, 0.5, 0.01, 128, 1024, 5, 0.001, 4063380247) : -0.6416538060040492
(1.0, 0.01, 0.1, 0, 0, 0.5, 0.01, 128, 1024, 6, 0.001, 4063380247) : -0.6420358654549064
(1.0, 0.01, 0.1, 0, 0, 0.5, 0.01, 128, 1024, 7, 0.001, 4063380247) : -0.6419636652437208
(1.0, 0.01, 0.1, 0, 0, 0.5, 0.01, 128, 1024, 8, 0.001, 4063380247) : -0.639370474325304
(1.0, 0.01, 0.1, 0, 0, 0.5, 0.01, 128, 1024, 9, 0.001, 4063380247) : -0.6433956360989023
(1.0, 0.01, 0.1, 0, 0, 0.5, 0.01, 128, 1024, 10, 0.001, 4063380247) : -0.6341434798696787
(1.0, 0.01, 0.1, 0, 0, 0.5, 0.01, 128, 1024, 11, 0.001, 4063380247) : -0.631288563185714
(1.0, 0.01, 0.1, 0, 0, 0.5, 0.01, 128, 1024, 12, 0.001, 4063380247) : -0.6320887821930212
(1.0, 0.01, 0.1, 0, 0, 0.5, 0.01, 128, 1024, 13, 0.001, 4063380247) : -0.6331417019394782
(1.0, 0.01, 0.1, 0, 0, 0.5, 0.01, 128, 1024, 14, 0.001, 4063380247) : -0.629755812869086
(1.0, 0.01, 0.1, 0, 0, 0.5, 0.01, 128, 1024, 15, 0.001, 4063380247) : -0.6334545695212825
(1.0, 0.01, 0.1, 0, 0, 0.5, 0.01, 128, 1024, 16, 0.001, 4063380247) : -0.6361771191514068
(1.0, 0.01, 0.1, 0, 0, 0.5, 0.01, 128, 1024, 17, 0.001, 4063380247) : -0.641628235095921
(1.0, 0.01, 0.1, 0, 0, 0.5, 0.01, 128, 1024, 18, 0.001, 4063380247) : -0.6412672340399929
(1.0, 0.01, 0.1, 0, 0, 0.5, 0.01, 128, 1024, 19, 0.001, 4063380247) : -0.6398202214741479
(1.0, 0.01, 0.1, 64, 0, 0.25, 0.01, 128, 1024, 1, 0.01, 4063380248) : -0.6334816446004772
(1.0, 0.01, 0.1, 64, 0, 0.25, 0.01, 128, 1024, 2, 0.01, 4063380248) : -0.6403391604920444
(1.0, 0.01, 0.1, 64, 0, 0.25, 0.01, 128, 1024, 3, 0.01, 4063380248) : -0.6308779244845958
(1.0, 0.01, 0.1, 64, 0, 0.25, 0.01, 128, 1024, 4, 0.01, 4063380248) : -0.6163867404312158
(1.0, 0.01, 0.1, 64, 0, 0.25, 0.01, 128, 1024, 5, 0.01, 4063380248) : -0.6158933723214474
(1.0, 0.01, 0.1, 64, 0, 0.25, 0.01, 128, 1024, 6, 0.01, 4063380248) : -0.6257832970828107
(1.0, 0.01, 0.1, 64, 0, 0.25, 0.01, 128, 1024, 7, 0.01, 4063380248) : -0.6328438760683375
(1.0, 0.01, 0.1, 64, 0, 0.25, 0.01, 128, 1024, 8, 0.01, 4063380248) : -0.6310343582754979
(1.0, 0.01, 0.1, 64, 0, 0.25, 0.01, 128, 1024, 9, 0.01, 4063380248) : -0.6288081850972748
(1.0, 0.01, 0.1, 64, 0, 0.25, 0.01, 128, 1024, 10, 0.01, 4063380248) : -0.6279207241681182
(1.0, 0.01, 0.1, 64, 0, 0.25, 0.01, 128, 1024, 11, 0.01, 4063380248) : -0.6283990505672229
(1.0, 0.01, 0.1, 64, 0, 0.25, 0.01, 128, 1024, 12, 0.01, 4063380248) : -0.6274589436507435
(1.0, 0.01, 0.1, 64, 0, 0.25, 0.01, 128, 1024, 1, 0.001, 4063380249) : -0.6237195743797551
(1.0, 0.01, 0.1, 64, 0, 0.25, 0.01, 128, 1024, 2, 0.001, 4063380249) : -0.6206119569566407
(1.0, 0.01, 0.1, 64, 0, 0.25, 0.01, 128, 1024, 3, 0.001, 4063380249) : -0.624727368994221
(1.0, 0.01, 0.1, 64, 0, 0.25, 0.01, 128, 1024, 4, 0.001, 4063380249) : -0.6254508752771435
(1.0, 0.01, 0.1, 64, 0, 0.25, 0.01, 128, 1024, 5, 0.001, 4063380249) : -0.6245438601241242
(1.0, 0.01, 0.1, 64, 0, 0.25, 0.01, 128, 1024, 6, 0.001, 4063380249) : -0.6253711542106261
(1.0, 0.01, 0.1, 64, 0, 0.25, 0.01, 128, 1024, 7, 0.001, 4063380249) : -0.6271746553192001
(1.0, 0.01, 0.1, 64, 0, 0.25, 0.01, 128, 1024, 8, 0.001, 4063380249) : -0.6271881928587975
(1.0, 0.01, 0.1, 64, 0, 0.25, 0.01, 128, 1024, 9, 0.001, 4063380249) : -0.6274183310319515
(1.0, 0.01, 0.1, 64, 0, 0.25, 0.01, 128, 1024, 10, 0.001, 4063380249) : -0.6280410578534276
(1.0, 0.01, 0.1, 64, 0, 0.25, 0.01, 128, 1024, 11, 0.001, 4063380249) : -0.6289841731120397
(1.0, 0.01, 0.1, 64, 0, 0.25, 0.01, 128, 1024, 12, 0.001, 4063380249) : -0.628805176755142
(1.0, 0.01, 0.1, 64, 0, 0.25, 0.01, 128, 1024, 13, 0.001, 4063380249) : -0.6294624995111444
(1.0, 0.01, 0.1, 64, 0, 0.25, 0.01, 128, 1024, 14, 0.001, 4063380249) : -0.6287976558998102
(1.0, 0.01, 0.1, 64, 0, 0.25, 0.01, 128, 1024, 15, 0.001, 4063380249) : -0.6288442852028675
(1.0, 0.01, 0.1, 64, 0, 0.25, 0.01, 128, 1024, 16, 0.001, 4063380249) : -0.630349960440301
(1.0, 0.01, 0.1, 64, 0, 0.25, 0.01, 128, 1024, 17, 0.001, 4063380249) : -0.6297618295533515
(1.0, 0.01, 0.1, 64, 0, 0.25, 0.01, 128, 1024, 18, 0.001, 4063380249) : -0.6294805495639408
(1.0, 0.01, 0.1, 64, 0, 0.25, 0.01, 128, 1024, 19, 0.001, 4063380249) : -0.6243633595961602
(1.0, 0.01, 0.1, 64, 0, 0.25, 0.01, 128, 1024, 20, 0.001, 4063380249) : -0.6228035342003375
(1.0, 0.01, 0.1, 64, 0, 0.25, 0.01, 128, 1024, 21, 0.001, 4063380249) : -0.6233284899024997
(1.0, 0.01, 0.1, 64, 0, 0.25, 0.01, 128, 1024, 22, 0.001, 4063380249) : -0.6232292146121194
(1.0, 0.01, 0.1, 64, 0, 0.25, 0.01, 128, 1024, 23, 0.001, 4063380249) : -0.6233781275476897
(1.0, 0.01, 0.1, 64, 0, 0.25, 0.01, 128, 1024, 24, 0.001, 4063380249) : -0.6229825305572352
(1.0, 0.01, 0.1, 64, 0, 0.25, 0.01, 128, 1024, 25, 0.001, 4063380249) : -0.6217295560589515
(1.0, 0.01, 0.1, 64, 0, 0.25, 0.01, 128, 1024, 26, 0.001, 4063380249) : -0.6213700591740897
(1.0, 0.01, 0.1, 64, 0, 0.5, 0.01, 128, 1024, 1, 0.01, 4063380250) : -0.6359499893203854
(1.0, 0.01, 0.1, 64, 0, 0.5, 0.01, 128, 1024, 2, 0.01, 4063380250) : -0.6208721785511223
(1.0, 0.01, 0.1, 64, 0, 0.5, 0.01, 128, 1024, 3, 0.01, 4063380250) : -0.6123254785520248
(1.0, 0.01, 0.1, 64, 0, 0.5, 0.01, 128, 1024, 4, 0.01, 4063380250) : -0.6142899259647001
(1.0, 0.01, 0.1, 64, 0, 0.5, 0.01, 128, 1024, 5, 0.01, 4063380250) : -0.6120080984570213
(1.0, 0.01, 0.1, 64, 0, 0.5, 0.01, 128, 1024, 6, 0.01, 4063380250) : -0.5792923777635383
(1.0, 0.01, 0.1, 64, 0, 0.5, 0.01, 128, 1024, 7, 0.01, 4063380250) : -0.5665956697923341
(1.0, 0.01, 0.1, 64, 0, 0.5, 0.01, 128, 1024, 8, 0.01, 4063380250) : -0.5796879747539928
(1.0, 0.01, 0.1, 64, 0, 0.5, 0.01, 128, 1024, 9, 0.01, 4063380250) : -0.5829520259680093
(1.0, 0.01, 0.1, 64, 0, 0.5, 0.01, 128, 1024, 10, 0.01, 4063380250) : -0.5824721953978382
(1.0, 0.01, 0.1, 64, 0, 0.5, 0.01, 128, 1024, 11, 0.01, 4063380250) : -0.5816584388509336
(1.0, 0.01, 0.1, 64, 0, 0.5, 0.01, 128, 1024, 1, 0.001, 4063380251) : -0.6219356274950437
(1.0, 0.01, 0.1, 64, 0, 0.5, 0.01, 128, 1024, 2, 0.001, 4063380251) : -0.6248747777587249
(1.0, 0.01, 0.1, 64, 0, 0.5, 0.01, 128, 1024, 3, 0.001, 4063380251) : -0.6296159249599138
(1.0, 0.01, 0.1, 64, 0, 0.5, 0.01, 128, 1024, 4, 0.001, 4063380251) : -0.6305124109154686
(1.0, 0.01, 0.1, 64, 0, 0.5, 0.01, 128, 1024, 5, 0.001, 4063380251) : -0.6213655466608906
(1.0, 0.01, 0.1, 64, 0, 0.5, 0.01, 128, 1024, 6, 0.001, 4063380251) : -0.6213038756471696
(1.0, 0.01, 0.1, 64, 0, 0.5, 0.01, 128, 1024, 7, 0.001, 4063380251) : -0.6197244960274843
(1.0, 0.01, 0.1, 64, 0, 0.5, 0.01, 128, 1024, 8, 0.001, 4063380251) : -0.6409302997211267
(1.0, 0.01, 0.1, 64, 0, 0.5, 0.01, 128, 1024, 9, 0.001, 4063380251) : -0.6230366807156245
(1.0, 0.01, 0.1, 64, 0, 0.5, 0.01, 128, 1024, 10, 0.001, 4063380251) : -0.6168891335673824
(1.0, 0.01, 0.1, 64, 0, 0.5, 0.01, 128, 1024, 11, 0.001, 4063380251) : -0.6163972696286804
(1.0, 0.01, 0.1, 64, 0, 0.5, 0.01, 128, 1024, 12, 0.001, 4063380251) : -0.6308914620241931
(1.0, 0.01, 0.1, 64, 0, 0.5, 0.01, 128, 1024, 13, 0.001, 4063380251) : -0.6319052733229245
(1.0, 0.01, 0.1, 64, 0, 0.5, 0.01, 128, 1024, 14, 0.001, 4063380251) : -0.6337839829848169
(1.0, 0.01, 0.1, 64, 0, 0.5, 0.01, 128, 1024, 15, 0.001, 4063380251) : -0.627313039057306
(1.0, 0.01, 0.1, 64, 0, 0.5, 0.01, 128, 1024, 16, 0.001, 4063380251) : -0.6340727838295593
(1.0, 0.01, 0.1, 64, 0, 0.5, 0.01, 128, 1024, 17, 0.001, 4063380251) : -0.6350745617597598
(1.0, 0.01, 0.1, 64, 0, 0.5, 0.01, 128, 1024, 18, 0.001, 4063380251) : -0.6363455863108399
(1.0, 0.01, 0.1, 128, 0, 0.25, 0.01, 128, 1024, 1, 0.01, 4063380252) : -0.6349106071135258
(1.0, 0.01, 0.1, 128, 0, 0.25, 0.01, 128, 1024, 2, 0.01, 4063380252) : -0.630796699247012
(1.0, 0.01, 0.1, 128, 0, 0.25, 0.01, 128, 1024, 3, 0.01, 4063380252) : -0.625908143281319
(1.0, 0.01, 0.1, 128, 0, 0.25, 0.01, 128, 1024, 4, 0.01, 4063380252) : -0.6216904476112259
(1.0, 0.01, 0.1, 128, 0, 0.25, 0.01, 128, 1024, 5, 0.01, 4063380252) : -0.6093487240116844
(1.0, 0.01, 0.1, 128, 0, 0.25, 0.01, 128, 1024, 6, 0.01, 4063380252) : -0.6052664037375642
(1.0, 0.01, 0.1, 128, 0, 0.25, 0.01, 128, 1024, 7, 0.01, 4063380252) : -0.6086402594394256
(1.0, 0.01, 0.1, 128, 0, 0.25, 0.01, 128, 1024, 8, 0.01, 4063380252) : -0.6142884217936337
(1.0, 0.01, 0.1, 128, 0, 0.25, 0.01, 128, 1024, 9, 0.01, 4063380252) : -0.6151322617618656
(1.0, 0.01, 0.1, 128, 0, 0.25, 0.01, 128, 1024, 10, 0.01, 4063380252) : -0.6023317659870822
(1.0, 0.01, 0.1, 128, 0, 0.25, 0.01, 128, 1024, 11, 0.01, 4063380252) : -0.6011088749101258
(1.0, 0.01, 0.1, 128, 0, 0.25, 0.01, 128, 1024, 1, 0.001, 4063380253) : -0.623555619733521
(1.0, 0.01, 0.1, 128, 0, 0.25, 0.01, 128, 1024, 2, 0.001, 4063380253) : -0.6274303644004825
(1.0, 0.01, 0.1, 128, 0, 0.25, 0.01, 128, 1024, 3, 0.001, 4063380253) : -0.6277281902716232
(1.0, 0.01, 0.1, 128, 0, 0.25, 0.01, 128, 1024, 4, 0.001, 4063380253) : -0.6287991600708766
(1.0, 0.01, 0.1, 128, 0, 0.25, 0.01, 128, 1024, 5, 0.001, 4063380253) : -0.629846063133068
(1.0, 0.01, 0.1, 128, 0, 0.25, 0.01, 128, 1024, 6, 0.001, 4063380253) : -0.6308207659840739
(1.0, 0.01, 0.1, 128, 0, 0.25, 0.01, 128, 1024, 7, 0.001, 4063380253) : -0.6278064071670743
(1.0, 0.01, 0.1, 128, 0, 0.25, 0.01, 128, 1024, 8, 0.001, 4063380253) : -0.6249966156151007
(1.0, 0.01, 0.1, 128, 0, 0.25, 0.01, 128, 1024, 9, 0.001, 4063380253) : -0.6255682006203201
(1.0, 0.01, 0.1, 128, 0, 0.25, 0.01, 128, 1024, 10, 0.001, 4063380253) : -0.6249921031019016
(1.0, 0.01, 0.1, 128, 0, 0.25, 0.01, 128, 1024, 11, 0.001, 4063380253) : -0.6261277522570087
(1.0, 0.01, 0.1, 128, 0, 0.25, 0.01, 128, 1024, 12, 0.001, 4063380253) : -0.6260901479803495
(1.0, 0.01, 0.1, 128, 0, 0.25, 0.01, 128, 1024, 13, 0.001, 4063380253) : -0.625162074432401
(1.0, 0.01, 0.1, 128, 0, 0.25, 0.01, 128, 1024, 14, 0.001, 4063380253) : -0.6266737663540999
(1.0, 0.01, 0.1, 128, 0, 0.25, 0.01, 128, 1024, 15, 0.001, 4063380253) : -0.6280741496168877
(1.0, 0.01, 0.1, 128, 0, 0.25, 0.01, 128, 1024, 16, 0.001, 4063380253) : -0.6299393217391828
(1.0, 0.01, 0.1, 128, 0, 0.5, 0.01, 128, 1024, 1, 0.01, 4063380254) : -0.6296640584340376
(1.0, 0.01, 0.1, 128, 0, 0.5, 0.01, 128, 1024, 2, 0.01, 4063380254) : -0.625977335150372
(1.0, 0.01, 0.1, 128, 0, 0.5, 0.01, 128, 1024, 3, 0.01, 4063380254) : -0.6285630052134569
(1.0, 0.01, 0.1, 128, 0, 0.5, 0.01, 128, 1024, 4, 0.01, 4063380254) : -0.6302852810844471
(1.0, 0.01, 0.1, 128, 0, 0.5, 0.01, 128, 1024, 5, 0.01, 4063380254) : -0.6173042847816996
(1.0, 0.01, 0.1, 128, 0, 0.5, 0.01, 128, 1024, 6, 0.01, 4063380254) : -0.6200554136620849
(1.0, 0.01, 0.1, 128, 0, 0.5, 0.01, 128, 1024, 7, 0.01, 4063380254) : -0.5833355895899329
(1.0, 0.01, 0.1, 128, 0, 0.5, 0.01, 128, 1024, 8, 0.01, 4063380254) : -0.5521089982521532
(1.0, 0.01, 0.1, 128, 0, 0.5, 0.01, 128, 1024, 9, 0.01, 4063380254) : -0.5406381897000382
(1.0, 0.01, 0.1, 128, 0, 0.5, 0.01, 128, 1024, 10, 0.01, 4063380254) : -0.5435638024241221
(1.0, 0.01, 0.1, 128, 0, 0.5, 0.01, 128, 1024, 11, 0.01, 4063380254) : -0.5501565842080088
(1.0, 0.01, 0.1, 128, 0, 0.5, 0.01, 128, 1024, 12, 0.01, 4063380254) : -0.5624531826755593
(1.0, 0.01, 0.1, 128, 0, 0.5, 0.01, 128, 1024, 13, 0.01, 4063380254) : -0.5690986104467689
(1.0, 0.01, 0.1, 128, 0, 0.5, 0.01, 128, 1024, 14, 0.01, 4063380254) : -0.586733512028856
(1.0, 0.01, 0.1, 128, 0, 0.5, 0.01, 128, 1024, 1, 0.001, 4063380255) : -0.6213640424898242
(1.0, 0.01, 0.1, 128, 0, 0.5, 0.01, 128, 1024, 2, 0.001, 4063380255) : -0.62387901651279
(1.0, 0.01, 0.1, 128, 0, 0.5, 0.01, 128, 1024, 3, 0.001, 4063380255) : -0.6316435475573766
(1.0, 0.01, 0.1, 128, 0, 0.5, 0.01, 128, 1024, 4, 0.001, 4063380255) : -0.6337990246954806
(1.0, 0.01, 0.1, 128, 0, 0.5, 0.01, 128, 1024, 5, 0.001, 4063380255) : -0.635530325592869
(1.0, 0.01, 0.1, 128, 0, 0.5, 0.01, 128, 1024, 6, 0.001, 4063380255) : -0.6353844209994314
(1.0, 0.01, 0.1, 128, 0, 0.5, 0.01, 128, 1024, 7, 0.001, 4063380255) : -0.6413650051593067
(1.0, 0.01, 0.1, 128, 0, 0.5, 0.01, 128, 1024, 8, 0.001, 4063380255) : -0.6397480212629622
(1.0, 0.01, 0.1, 128, 0, 0.5, 0.01, 128, 1024, 9, 0.001, 4063380255) : -0.6370946635018907
(1.0, 0.01, 0.1, 128, 0, 0.5, 0.01, 128, 1024, 10, 0.001, 4063380255) : -0.6423382038392462
(1.0, 0.01, 0.1, 128, 0, 0.5, 0.01, 128, 1024, 11, 0.001, 4063380255) : -0.6416523018329828
(1.0, 0.01, 0.1, 128, 0, 0.5, 0.01, 128, 1024, 12, 0.001, 4063380255) : -0.641345450935444
(1.0, 0.01, 0.1, 128, 0, 0.5, 0.01, 128, 1024, 13, 0.001, 4063380255) : -0.6392937616009193
(1.0, 0.01, 0.1, 128, 0, 0.5, 0.01, 128, 1024, 14, 0.001, 4063380255) : -0.6344954558992085
(1.0, 0.01, 0.1, 128, 0, 0.5, 0.01, 128, 1024, 15, 0.001, 4063380255) : -0.6389101979789957
(1.0, 0.01, 0.1, 128, 0, 0.5, 0.01, 128, 1024, 16, 0.001, 4063380255) : -0.6366584538926443
(1.0, 0.01, 0.1, 128, 0, 0.5, 0.01, 128, 1024, 17, 0.001, 4063380255) : -0.6338742332487989
(1.0, 0.01, 0.1, 128, 0, 0.5, 0.01, 128, 1024, 18, 0.001, 4063380255) : -0.6361966733752696
(1.0, 0.01, 0.1, 128, 0, 0.5, 0.01, 128, 1024, 19, 0.001, 4063380255) : -0.6334079402182251
(1.0, 0.01, 0.1, 128, 0, 0.5, 0.01, 128, 1024, 20, 0.001, 4063380255) : -0.629563278972591
(1.0, 0.01, 1, 0, 0, 0.25, 0.01, 128, 1024, 1, 0.01, 4063380256) : -0.6272573847278503
(1.0, 0.01, 1, 0, 0, 0.25, 0.01, 128, 1024, 2, 0.01, 4063380256) : -0.63274760912009
(1.0, 0.01, 1, 0, 0, 0.25, 0.01, 128, 1024, 3, 0.01, 4063380256) : -0.6301243347803459
(1.0, 0.01, 1, 0, 0, 0.25, 0.01, 128, 1024, 4, 0.01, 4063380256) : -0.6261488106519378
(1.0, 0.01, 1, 0, 0, 0.25, 0.01, 128, 1024, 5, 0.01, 4063380256) : -0.6262300358895216
(1.0, 0.01, 1, 0, 0, 0.25, 0.01, 128, 1024, 6, 0.01, 4063380256) : -0.6203773062702875
(1.0, 0.01, 1, 0, 0, 0.25, 0.01, 128, 1024, 7, 0.01, 4063380256) : -0.617826232141729
(1.0, 0.01, 1, 0, 0, 0.25, 0.01, 128, 1024, 8, 0.01, 4063380256) : -0.6152315370522459
(1.0, 0.01, 1, 0, 0, 0.25, 0.01, 128, 1024, 9, 0.01, 4063380256) : -0.6218468814021281
(1.0, 0.01, 1, 0, 0, 0.25, 0.01, 128, 1024, 10, 0.01, 4063380256) : -0.6116546182564251
(1.0, 0.01, 1, 0, 0, 0.25, 0.01, 128, 1024, 11, 0.01, 4063380256) : -0.605540162871643
(1.0, 0.01, 1, 0, 0, 0.25, 0.01, 128, 1024, 12, 0.01, 4063380256) : -0.605965843283425
(1.0, 0.01, 1, 0, 0, 0.25, 0.01, 128, 1024, 1, 0.001, 4063380257) : -0.6199621550559702
(1.0, 0.01, 1, 0, 0, 0.25, 0.01, 128, 1024, 2, 0.001, 4063380257) : -0.6217340685721505
(1.0, 0.01, 1, 0, 0, 0.25, 0.01, 128, 1024, 3, 0.001, 4063380257) : -0.6218348480335971
(1.0, 0.01, 1, 0, 0, 0.25, 0.01, 128, 1024, 4, 0.001, 4063380257) : -0.6224966833027986
(1.0, 0.01, 1, 0, 0, 0.25, 0.01, 128, 1024, 5, 0.001, 4063380257) : -0.6250297073785608
(1.0, 0.01, 1, 0, 0, 0.25, 0.01, 128, 1024, 6, 0.001, 4063380257) : -0.6246416312434381
(1.0, 0.01, 1, 0, 0, 0.25, 0.01, 128, 1024, 7, 0.001, 4063380257) : -0.6240219127640948
(1.0, 0.01, 1, 0, 0, 0.25, 0.01, 128, 1024, 8, 0.001, 4063380257) : -0.6253320457629005
(1.0, 0.01, 1, 0, 0, 0.25, 0.01, 128, 1024, 9, 0.001, 4063380257) : -0.6259096474523854
(1.0, 0.01, 1, 0, 0, 0.25, 0.01, 128, 1024, 10, 0.001, 4063380257) : -0.6267414540520865
(1.0, 0.01, 1, 0, 0, 0.25, 0.01, 128, 1024, 11, 0.001, 4063380257) : -0.6275176063223318
(1.0, 0.01, 1, 0, 0, 0.25, 0.01, 128, 1024, 12, 0.001, 4063380257) : -0.6280440661955603
(1.0, 0.01, 1, 0, 0, 0.25, 0.01, 128, 1024, 13, 0.001, 4063380257) : -0.6291375985608091
(1.0, 0.01, 1, 0, 0, 0.25, 0.01, 128, 1024, 14, 0.001, 4063380257) : -0.627674040113234
(1.0, 0.01, 1, 0, 0, 0.25, 0.01, 128, 1024, 15, 0.001, 4063380257) : -0.628268187684449
(1.0, 0.01, 1, 0, 0, 0.25, 0.01, 128, 1024, 16, 0.001, 4063380257) : -0.6284607215809439
(1.0, 0.01, 1, 0, 0, 0.25, 0.01, 128, 1024, 17, 0.001, 4063380257) : -0.6292759822989149
(1.0, 0.01, 1, 0, 0, 0.25, 0.01, 128, 1024, 18, 0.001, 4063380257) : -0.6294339202608834
(1.0, 0.01, 1, 0, 0, 0.25, 0.01, 128, 1024, 19, 0.001, 4063380257) : -0.6297212169345595
(1.0, 0.01, 1, 0, 0, 0.25, 0.01, 128, 1024, 20, 0.001, 4063380257) : -0.6310117957095025
(1.0, 0.01, 1, 0, 0, 0.25, 0.01, 128, 1024, 21, 0.001, 4063380257) : -0.6306477863114416
(1.0, 0.01, 1, 0, 0, 0.25, 0.01, 128, 1024, 22, 0.001, 4063380257) : -0.6306673405353044
(1.0, 0.01, 1, 0, 0, 0.25, 0.01, 128, 1024, 23, 0.001, 4063380257) : -0.6309004870505913
(1.0, 0.01, 1, 0, 0, 0.25, 0.01, 128, 1024, 24, 0.001, 4063380257) : -0.6305439985078622
(1.0, 0.01, 1, 0, 0, 0.25, 0.01, 128, 1024, 25, 0.001, 4063380257) : -0.6289209979272523
(1.0, 0.01, 1, 0, 0, 0.25, 0.01, 128, 1024, 26, 0.001, 4063380257) : -0.6292007737455966
(1.0, 0.01, 1, 0, 0, 0.25, 0.01, 128, 1024, 27, 0.001, 4063380257) : -0.6287344807150228
(1.0, 0.01, 1, 0, 0, 0.25, 0.01, 128, 1024, 28, 0.001, 4063380257) : -0.6276409483497739
(1.0, 0.01, 1, 0, 0, 0.25, 0.01, 128, 1024, 29, 0.001, 4063380257) : -0.6297377628162896
(1.0, 0.01, 1, 0, 0, 0.25, 0.01, 128, 1024, 30, 0.001, 4063380257) : -0.6278440114437335
(1.0, 0.01, 1, 0, 0, 0.5, 0.01, 128, 1024, 1, 0.01, 4063380258) : -0.6290323065861634
(1.0, 0.01, 1, 0, 0, 0.5, 0.01, 128, 1024, 2, 0.01, 4063380258) : -0.6311020459734845
(1.0, 0.01, 1, 0, 0, 0.5, 0.01, 128, 1024, 3, 0.01, 4063380258) : -0.6303770355194955
(1.0, 0.01, 1, 0, 0, 0.5, 0.01, 128, 1024, 4, 0.01, 4063380258) : -0.6286788263855672
(1.0, 0.01, 1, 0, 0, 0.5, 0.01, 128, 1024, 5, 0.01, 4063380258) : -0.6265489201555915
(1.0, 0.01, 1, 0, 0, 0.5, 0.01, 128, 1024, 6, 0.01, 4063380258) : -0.6239376791843783
(1.0, 0.01, 1, 0, 0, 0.5, 0.01, 128, 1024, 7, 0.01, 4063380258) : -0.6242415217397844
(1.0, 0.01, 1, 0, 0, 0.5, 0.01, 128, 1024, 8, 0.01, 4063380258) : -0.6198327963442627
(1.0, 0.01, 1, 0, 0, 0.5, 0.01, 128, 1024, 9, 0.01, 4063380258) : -0.6208285575901976
(1.0, 0.01, 1, 0, 0, 0.5, 0.01, 128, 1024, 10, 0.01, 4063380258) : -0.6177660652990743
(1.0, 0.01, 1, 0, 0, 0.5, 0.01, 128, 1024, 11, 0.01, 4063380258) : -0.6085530175175763
(1.0, 0.01, 1, 0, 0, 0.5, 0.01, 128, 1024, 12, 0.01, 4063380258) : -0.5980042658291442
(1.0, 0.01, 1, 0, 0, 0.5, 0.01, 128, 1024, 1, 0.001, 4063380259) : -0.6328032634495456
(1.0, 0.01, 1, 0, 0, 0.5, 0.01, 128, 1024, 2, 0.001, 4063380259) : -0.6275747648228538
(1.0, 0.01, 1, 0, 0, 0.5, 0.01, 128, 1024, 3, 0.001, 4063380259) : -0.6250342198917599
(1.0, 0.01, 1, 0, 0, 0.5, 0.01, 128, 1024, 4, 0.001, 4063380259) : -0.6270543216338907
(1.0, 0.01, 1, 0, 0, 0.5, 0.01, 128, 1024, 5, 0.001, 4063380259) : -0.6286442304510408
(1.0, 0.01, 1, 0, 0, 0.5, 0.01, 128, 1024, 6, 0.001, 4063380259) : -0.6299182633442536
(1.0, 0.01, 1, 0, 0, 0.5, 0.01, 128, 1024, 7, 0.001, 4063380259) : -0.6334771320872781
(1.0, 0.01, 1, 0, 0, 0.5, 0.01, 128, 1024, 8, 0.001, 4063380259) : -0.6329957973460406
(1.0, 0.01, 1, 0, 0, 0.5, 0.01, 128, 1024, 9, 0.001, 4063380259) : -0.6341073797640858
(1.0, 0.01, 1, 0, 0, 0.5, 0.01, 128, 1024, 10, 0.001, 4063380259) : -0.6326332921190461
(1.0, 0.01, 1, 0, 0, 0.5, 0.01, 128, 1024, 11, 0.001, 4063380259) : -0.6315984224253856
(1.0, 0.01, 1, 0, 0, 0.5, 0.01, 128, 1024, 12, 0.001, 4063380259) : -0.6321579740620741
(1.0, 0.01, 1, 0, 0, 0.5, 0.01, 128, 1024, 13, 0.001, 4063380259) : -0.6320692279691584
(1.0, 0.01, 1, 0, 0, 0.5, 0.01, 128, 1024, 14, 0.001, 4063380259) : -0.6349045904292603
(1.0, 0.01, 1, 0, 0, 0.5, 0.01, 128, 1024, 15, 0.001, 4063380259) : -0.6352956749065157
(1.0, 0.01, 1, 0, 0, 0.5, 0.01, 128, 1024, 16, 0.001, 4063380259) : -0.6367141082220998
(1.0, 0.01, 1, 0, 0, 0.5, 0.01, 128, 1024, 17, 0.001, 4063380259) : -0.6384378882641565
(1.0, 0.01, 1, 0, 0, 0.5, 0.01, 128, 1024, 18, 0.001, 4063380259) : -0.6372962224247839
(1.0, 0.01, 1, 0, 0, 0.5, 0.01, 128, 1024, 19, 0.001, 4063380259) : -0.6373037432801157
(1.0, 0.01, 1, 0, 0, 0.5, 0.01, 128, 1024, 20, 0.001, 4063380259) : -0.6373699268070359
(1.0, 0.01, 1, 0, 0, 0.5, 0.01, 128, 1024, 21, 0.001, 4063380259) : -0.6328995303977931
(1.0, 0.01, 1, 0, 0, 0.5, 0.01, 128, 1024, 22, 0.001, 4063380259) : -0.6327867175678156
(1.0, 0.01, 1, 0, 0, 0.5, 0.01, 128, 1024, 23, 0.001, 4063380259) : -0.6355228047375372
(1.0, 0.01, 1, 0, 0, 0.5, 0.01, 128, 1024, 24, 0.001, 4063380259) : -0.6367983418018165
(1.0, 0.01, 1, 0, 0, 0.5, 0.01, 128, 1024, 25, 0.001, 4063380259) : -0.634563143597195
(1.0, 0.01, 1, 0, 0, 0.5, 0.01, 128, 1024, 26, 0.001, 4063380259) : -0.6343330054240409
(1.0, 0.01, 1, 0, 0, 0.5, 0.01, 128, 1024, 27, 0.001, 4063380259) : -0.6346834772825044
(1.0, 0.01, 1, 64, 0, 0.25, 0.01, 128, 1024, 1, 0.01, 4063380260) : -0.623448823587809
(1.0, 0.01, 1, 64, 0, 0.25, 0.01, 128, 1024, 2, 0.01, 4063380260) : -0.6274168268608852
(1.0, 0.01, 1, 64, 0, 0.25, 0.01, 128, 1024, 3, 0.01, 4063380260) : -0.6322617618656534
(1.0, 0.01, 1, 64, 0, 0.25, 0.01, 128, 1024, 4, 0.01, 4063380260) : -0.6304657816124112
(1.0, 0.01, 1, 64, 0, 0.25, 0.01, 128, 1024, 5, 0.01, 4063380260) : -0.6271505885821382
(1.0, 0.01, 1, 64, 0, 0.25, 0.01, 128, 1024, 6, 0.01, 4063380260) : -0.6308027159312775
(1.0, 0.01, 1, 64, 0, 0.25, 0.01, 128, 1024, 7, 0.01, 4063380260) : -0.6276048482441812
(1.0, 0.01, 1, 64, 0, 0.25, 0.01, 128, 1024, 8, 0.01, 4063380260) : -0.6207037113916891
(1.0, 0.01, 1, 64, 0, 0.25, 0.01, 128, 1024, 9, 0.01, 4063380260) : -0.6110078246978873
(1.0, 0.01, 1, 64, 0, 0.25, 0.01, 128, 1024, 10, 0.01, 4063380260) : -0.6158377179919918
(1.0, 0.01, 1, 64, 0, 0.25, 0.01, 128, 1024, 11, 0.01, 4063380260) : -0.6170982133456073
(1.0, 0.01, 1, 64, 0, 0.25, 0.01, 128, 1024, 12, 0.01, 4063380260) : -0.6227147881074219
(1.0, 0.01, 1, 64, 0, 0.25, 0.01, 128, 1024, 13, 0.01, 4063380260) : -0.6172200512019831
(1.0, 0.01, 1, 64, 0, 0.25, 0.01, 128, 1024, 1, 0.001, 4063380261) : -0.6208812035775204
(1.0, 0.01, 1, 64, 0, 0.25, 0.01, 128, 1024, 2, 0.001, 4063380261) : -0.6211850461329266
(1.0, 0.01, 1, 64, 0, 0.25, 0.01, 128, 1024, 3, 0.001, 4063380261) : -0.621706993492956
(1.0, 0.01, 1, 64, 0, 0.25, 0.01, 128, 1024, 4, 0.001, 4063380261) : -0.6233856484030216
(1.0, 0.01, 1, 64, 0, 0.25, 0.01, 128, 1024, 5, 0.001, 4063380261) : -0.6229073220039169
(1.0, 0.01, 1, 64, 0, 0.25, 0.01, 128, 1024, 6, 0.001, 4063380261) : -0.6246611854673009
(1.0, 0.01, 1, 64, 0, 0.25, 0.01, 128, 1024, 7, 0.001, 4063380261) : -0.6238429164071971
(1.0, 0.01, 1, 64, 0, 0.25, 0.01, 128, 1024, 8, 0.001, 4063380261) : -0.6242761176743109
(1.0, 0.01, 1, 64, 0, 0.25, 0.01, 128, 1024, 9, 0.001, 4063380261) : -0.6237240868929541
(1.0, 0.01, 1, 64, 0, 0.25, 0.01, 128, 1024, 10, 0.001, 4063380261) : -0.6224094413809493
(1.0, 0.01, 1, 64, 0, 0.25, 0.01, 128, 1024, 11, 0.001, 4063380261) : -0.6221747906945961
(1.0, 0.01, 1, 64, 0, 0.25, 0.01, 128, 1024, 12, 0.001, 4063380261) : -0.6227629215815457
(1.0, 0.01, 1, 64, 0, 0.25, 0.01, 128, 1024, 13, 0.001, 4063380261) : -0.6223943996702856
(1.0, 0.01, 1, 64, 0, 0.25, 0.01, 128, 1024, 14, 0.001, 4063380261) : -0.6224485498286749
(1.0, 0.01, 1, 64, 0, 0.25, 0.01, 128, 1024, 15, 0.001, 4063380261) : -0.6228245925952667
(1.0, 0.01, 1, 64, 0, 0.25, 0.01, 128, 1024, 16, 0.001, 4063380261) : -0.62267417548863
(1.0, 0.01, 1, 64, 0, 0.5, 0.01, 128, 1024, 1, 0.01, 4063380262) : -0.6156903092274878
(1.0, 0.01, 1, 64, 0, 0.5, 0.01, 128, 1024, 2, 0.01, 4063380262) : -0.6085620425439744
(1.0, 0.01, 1, 64, 0, 0.5, 0.01, 128, 1024, 3, 0.01, 4063380262) : -0.609228390326375
(1.0, 0.01, 1, 64, 0, 0.5, 0.01, 128, 1024, 4, 0.01, 4063380262) : -0.6073632182040799
(1.0, 0.01, 1, 64, 0, 0.5, 0.01, 128, 1024, 5, 0.01, 4063380262) : -0.6105535650358443
(1.0, 0.01, 1, 64, 0, 0.5, 0.01, 128, 1024, 6, 0.01, 4063380262) : -0.6094239325650027
(1.0, 0.01, 1, 64, 0, 0.5, 0.01, 128, 1024, 7, 0.01, 4063380262) : -0.6063418860500167
(1.0, 0.01, 1, 64, 0, 0.5, 0.01, 128, 1024, 8, 0.01, 4063380262) : -0.600331218468814
(1.0, 0.01, 1, 64, 0, 0.5, 0.01, 128, 1024, 9, 0.01, 4063380262) : -0.5993068779726181
(1.0, 0.01, 1, 64, 0, 0.5, 0.01, 128, 1024, 10, 0.01, 4063380262) : -0.593261614456889
(1.0, 0.01, 1, 64, 0, 0.5, 0.01, 128, 1024, 11, 0.01, 4063380262) : -0.5924523704231834
(1.0, 0.01, 1, 64, 0, 0.5, 0.01, 128, 1024, 1, 0.001, 4063380263) : -0.6329220929637885
(1.0, 0.01, 1, 64, 0, 0.5, 0.01, 128, 1024, 2, 0.001, 4063380263) : -0.6285073508840013
(1.0, 0.01, 1, 64, 0, 0.5, 0.01, 128, 1024, 3, 0.001, 4063380263) : -0.6278364905884016
(1.0, 0.01, 1, 64, 0, 0.5, 0.01, 128, 1024, 4, 0.001, 4063380263) : -0.6275762689939202
(1.0, 0.01, 1, 64, 0, 0.5, 0.01, 128, 1024, 5, 0.001, 4063380263) : -0.6286848430698326
(1.0, 0.01, 1, 64, 0, 0.5, 0.01, 128, 1024, 6, 0.001, 4063380263) : -0.6289781564277742
(1.0, 0.01, 1, 64, 0, 0.5, 0.01, 128, 1024, 7, 0.001, 4063380263) : -0.6306131903769152
(1.0, 0.01, 1, 64, 0, 0.5, 0.01, 128, 1024, 8, 0.001, 4063380263) : -0.6282666835133827
(1.0, 0.01, 1, 64, 0, 0.5, 0.01, 128, 1024, 9, 0.001, 4063380263) : -0.6263819571672247
(1.0, 0.01, 1, 64, 0, 0.5, 0.01, 128, 1024, 10, 0.001, 4063380263) : -0.6239015790787855
(1.0, 0.01, 1, 64, 0, 0.5, 0.01, 128, 1024, 11, 0.001, 4063380263) : -0.6242415217397844
(1.0, 0.01, 1, 128, 0, 0.25, 0.01, 128, 1024, 1, 0.01, 4063380264) : -0.6279162116549191
(1.0, 0.01, 1, 128, 0, 0.25, 0.01, 128, 1024, 2, 0.01, 4063380264) : -0.6296324708416439
(1.0, 0.01, 1, 128, 0, 0.25, 0.01, 128, 1024, 3, 0.01, 4063380264) : -0.6297302419609577
(1.0, 0.01, 1, 128, 0, 0.25, 0.01, 128, 1024, 4, 0.01, 4063380264) : -0.6286773222145008
(1.0, 0.01, 1, 128, 0, 0.25, 0.01, 128, 1024, 5, 0.01, 4063380264) : -0.6227689382658111
(1.0, 0.01, 1, 128, 0, 0.25, 0.01, 128, 1024, 6, 0.01, 4063380264) : -0.626514324221065
(1.0, 0.01, 1, 128, 0, 0.25, 0.01, 128, 1024, 7, 0.01, 4063380264) : -0.6179510783402374
(1.0, 0.01, 1, 128, 0, 0.25, 0.01, 128, 1024, 8, 0.01, 4063380264) : -0.6132430229025086
(1.0, 0.01, 1, 128, 0, 0.25, 0.01, 128, 1024, 9, 0.01, 4063380264) : -0.612351049460153
(1.0, 0.01, 1, 128, 0, 0.25, 0.01, 128, 1024, 10, 0.01, 4063380264) : -0.616457436471335
(1.0, 0.01, 1, 128, 0, 0.25, 0.01, 128, 1024, 11, 0.01, 4063380264) : -0.6188234975587303
(1.0, 0.01, 1, 128, 0, 0.25, 0.01, 128, 1024, 12, 0.01, 4063380264) : -0.6071526342547885
(1.0, 0.01, 1, 128, 0, 0.25, 0.01, 128, 1024, 13, 0.01, 4063380264) : -0.5987608638755268
(1.0, 0.01, 1, 128, 0, 0.25, 0.01, 128, 1024, 1, 0.001, 4063380265) : -0.6214753511487354
(1.0, 0.01, 1, 128, 0, 0.25, 0.01, 128, 1024, 2, 0.001, 4063380265) : -0.6193153614974324
(1.0, 0.01, 1, 128, 0, 0.25, 0.01, 128, 1024, 3, 0.001, 4063380265) : -0.6176246732188359
(1.0, 0.01, 1, 128, 0, 0.25, 0.01, 128, 1024, 4, 0.001, 4063380265) : -0.6202013182555226
(1.0, 0.01, 1, 128, 0, 0.25, 0.01, 128, 1024, 5, 0.001, 4063380265) : -0.6210271081709581
(1.0, 0.01, 1, 128, 0, 0.25, 0.01, 128, 1024, 6, 0.001, 4063380265) : -0.6195259454467238
(1.0, 0.01, 1, 128, 0, 0.25, 0.01, 128, 1024, 7, 0.001, 4063380265) : -0.6193003197867687
(1.0, 0.01, 1, 128, 0, 0.25, 0.01, 128, 1024, 8, 0.001, 4063380265) : -0.6181330830392678
(1.0, 0.01, 1, 128, 0, 0.25, 0.01, 128, 1024, 9, 0.001, 4063380265) : -0.6173148139791642
(1.0, 0.01, 1, 128, 0, 0.25, 0.01, 128, 1024, 10, 0.001, 4063380265) : -0.6191514068511984
(1.0, 0.01, 1, 128, 0, 0.25, 0.01, 128, 1024, 11, 0.001, 4063380265) : -0.6171147592273374
(1.0, 0.01, 1, 128, 0, 0.5, 0.01, 128, 1024, 1, 0.01, 4063380266) : -0.6240610212118204
(1.0, 0.01, 1, 128, 0, 0.5, 0.01, 128, 1024, 2, 0.01, 4063380266) : -0.6012051418583733
(1.0, 0.01, 1, 128, 0, 0.5, 0.01, 128, 1024, 3, 0.01, 4063380266) : -0.5900848051647217
(1.0, 0.01, 1, 128, 0, 0.5, 0.01, 128, 1024, 4, 0.01, 4063380266) : -0.5906127692090166
(1.0, 0.01, 1, 128, 0, 0.5, 0.01, 128, 1024, 5, 0.01, 4063380266) : -0.5889371226410838
(1.0, 0.01, 1, 128, 0, 0.5, 0.01, 128, 1024, 6, 0.01, 4063380266) : -0.5927110878465986
(1.0, 0.01, 1, 128, 0, 0.5, 0.01, 128, 1024, 7, 0.01, 4063380266) : -0.5914686425457795
(1.0, 0.01, 1, 128, 0, 0.5, 0.01, 128, 1024, 8, 0.01, 4063380266) : -0.5924598912785153
(1.0, 0.01, 1, 128, 0, 0.5, 0.01, 128, 1024, 9, 0.01, 4063380266) : -0.5940392708982007
(1.0, 0.01, 1, 128, 0, 0.5, 0.01, 128, 1024, 10, 0.01, 4063380266) : -0.596343660971875
(1.0, 0.01, 1, 128, 0, 0.5, 0.01, 128, 1024, 11, 0.01, 4063380266) : -0.5935895237493569
(1.0, 0.01, 1, 128, 0, 0.5, 0.01, 128, 1024, 1, 0.001, 4063380267) : -0.6340457087503648
(1.0, 0.01, 1, 128, 0, 0.5, 0.01, 128, 1024, 2, 0.001, 4063380267) : -0.6285780469241206
(1.0, 0.01, 1, 128, 0, 0.5, 0.01, 128, 1024, 3, 0.001, 4063380267) : -0.6283764880012274
(1.0, 0.01, 1, 128, 0, 0.5, 0.01, 128, 1024, 4, 0.001, 4063380267) : -0.6275296396908627
(1.0, 0.01, 1, 128, 0, 0.5, 0.01, 128, 1024, 5, 0.001, 4063380267) : -0.6292774864699813
(1.0, 0.01, 1, 128, 0, 0.5, 0.01, 128, 1024, 6, 0.001, 4063380267) : -0.6330003098592397
(1.0, 0.01, 1, 128, 0, 0.5, 0.01, 128, 1024, 7, 0.001, 4063380267) : -0.6325174709469359
(1.0, 0.01, 1, 128, 0, 0.5, 0.01, 128, 1024, 8, 0.001, 4063380267) : -0.6317052185710976
(1.0, 0.01, 1, 128, 0, 0.5, 0.01, 128, 1024, 9, 0.001, 4063380267) : -0.6317548562162878
(1.0, 0.01, 1, 128, 0, 0.5, 0.01, 128, 1024, 10, 0.001, 4063380267) : -0.6354716629212808
(1.0, 0.01, 1, 128, 0, 0.5, 0.01, 128, 1024, 11, 0.001, 4063380267) : -0.6340050961315729
(1.0, 0.01, 1, 128, 0, 0.5, 0.01, 128, 1024, 12, 0.001, 4063380267) : -0.6314269469238197
(1.0, 0.01, 1, 128, 0, 0.5, 0.01, 128, 1024, 13, 0.001, 4063380267) : -0.6294354244319498
(1.0, 0.01, 1, 128, 0, 0.5, 0.01, 128, 1024, 14, 0.001, 4063380267) : -0.6319970277579728
(1.0, 0.01, 1, 128, 0, 0.5, 0.01, 128, 1024, 15, 0.001, 4063380267) : -0.630829791010472
(1.0, 0.01, 1, 128, 0, 0.5, 0.01, 128, 1024, 16, 0.001, 4063380267) : -0.627231813819722
(1.0, 0.01, 1, 128, 0, 0.5, 0.01, 128, 1024, 17, 0.001, 4063380267) : -0.6270046839887007
(1.0, 0.01, 1, 128, 0, 0.5, 0.01, 128, 1024, 18, 0.001, 4063380267) : -0.6262661359951145
(1.0, 0.01, 1, 128, 0, 0.5, 0.01, 128, 1024, 19, 0.001, 4063380267) : -0.626186414928597
(1.0, 0.01, 1, 128, 0, 0.5, 0.01, 128, 1024, 20, 0.001, 4063380267) : -0.6253726583816924
