(1.0, 0, 0.1, 0, 0, 0.25, 0.01, 128, 1024, 1, 0.01, 4063380196) : -0.6354308305307685
(1.0, 0, 0.1, 0, 0, 0.25, 0.01, 128, 1024, 2, 0.01, 4063380196) : -0.6326018799501086
(1.0, 0, 0.1, 0, 0, 0.25, 0.01, 128, 1024, 3, 0.01, 4063380196) : -0.632709889046546
(1.0, 0, 0.1, 0, 0, 0.25, 0.01, 128, 1024, 4, 0.01, 4063380196) : -0.6369769881441522
(1.0, 0, 0.1, 0, 0, 0.25, 0.01, 128, 1024, 5, 0.01, 4063380196) : -0.6381665677816263
(1.0, 0, 0.1, 0, 0, 0.25, 0.01, 128, 1024, 6, 0.01, 4063380196) : -0.6256937365081103
(1.0, 0, 0.1, 0, 0, 0.25, 0.01, 128, 1024, 7, 0.01, 4063380196) : -0.6277503480704101
(1.0, 0, 0.1, 0, 0, 0.25, 0.01, 128, 1024, 8, 0.01, 4063380196) : -0.6305807782277335
(1.0, 0, 0.1, 0, 0, 0.25, 0.01, 128, 1024, 9, 0.01, 4063380196) : -0.6272916793047173
(1.0, 0, 0.1, 0, 0, 0.25, 0.01, 128, 1024, 10, 0.01, 4063380196) : -0.6273538215245854
(1.0, 0, 0.1, 0, 0, 0.25, 0.01, 128, 1024, 11, 0.01, 4063380196) : -0.6314685242258485
(1.0, 0, 0.1, 0, 0, 0.25, 0.01, 128, 1024, 12, 0.01, 4063380196) : -0.6269854069353676
(1.0, 0, 0.1, 0, 0, 0.25, 0.01, 128, 1024, 13, 0.01, 4063380196) : -0.6285567173520312
(1.0, 0, 0.1, 0, 0, 0.25, 0.01, 128, 1024, 14, 0.01, 4063380196) : -0.6324938708536714
(1.0, 0, 0.1, 0, 0, 0.25, 0.01, 128, 1024, 15, 0.01, 4063380196) : -0.6278835099701273
(1.0, 0, 0.1, 0, 0, 0.25, 0.01, 128, 1024, 1, 0.001, 4063380197) : -0.6390409975897696
(1.0, 0, 0.1, 0, 0, 0.25, 0.01, 128, 1024, 2, 0.001, 4063380197) : -0.6358554690332002
(1.0, 0, 0.1, 0, 0, 0.25, 0.01, 128, 1024, 3, 0.001, 4063380197) : -0.6348360407120315
(1.0, 0, 0.1, 0, 0, 0.25, 0.01, 128, 1024, 4, 0.001, 4063380197) : -0.6344217592462444
(1.0, 0, 0.1, 0, 0, 0.25, 0.01, 128, 1024, 5, 0.001, 4063380197) : -0.6349499681151229
(1.0, 0, 0.1, 0, 0, 0.25, 0.01, 128, 1024, 6, 0.001, 4063380197) : -0.6334777893349155
(1.0, 0, 0.1, 0, 0, 0.25, 0.01, 128, 1024, 7, 0.001, 4063380197) : -0.6358850605664708
(1.0, 0, 0.1, 0, 0, 0.25, 0.01, 128, 1024, 8, 0.001, 4063380197) : -0.6362150061624368
(1.0, 0, 0.1, 0, 0, 0.25, 0.01, 128, 1024, 9, 0.001, 4063380197) : -0.6380245284219279
(1.0, 0, 0.1, 0, 0, 0.25, 0.01, 128, 1024, 10, 0.001, 4063380197) : -0.636903009310976
(1.0, 0, 0.1, 0, 0, 0.25, 0.01, 128, 1024, 11, 0.001, 4063380197) : -0.6386178386640015
(1.0, 0, 0.1, 0, 0, 0.5, 0.01, 128, 1024, 1, 0.01, 4063380198) : -0.6358613873398543
(1.0, 0, 0.1, 0, 0, 0.5, 0.01, 128, 1024, 2, 0.01, 4063380198) : -0.6191540076553297
(1.0, 0, 0.1, 0, 0, 0.5, 0.01, 128, 1024, 3, 0.01, 4063380198) : -0.6196289517643212
(1.0, 0, 0.1, 0, 0, 0.5, 0.01, 128, 1024, 4, 0.01, 4063380198) : -0.6152212928836801
(1.0, 0, 0.1, 0, 0, 0.5, 0.01, 128, 1024, 5, 0.01, 4063380198) : -0.6197783890073372
(1.0, 0, 0.1, 0, 0, 0.5, 0.01, 128, 1024, 6, 0.01, 4063380198) : -0.6154876166831146
(1.0, 0, 0.1, 0, 0, 0.5, 0.01, 128, 1024, 7, 0.01, 4063380198) : -0.612402699339665
(1.0, 0, 0.1, 0, 0, 0.5, 0.01, 128, 1024, 8, 0.01, 4063380198) : -0.6238353882187229
(1.0, 0, 0.1, 0, 0, 0.5, 0.01, 128, 1024, 9, 0.01, 4063380198) : -0.6208791940449998
(1.0, 0, 0.1, 0, 0, 0.5, 0.01, 128, 1024, 10, 0.01, 4063380198) : -0.6211662319177237
(1.0, 0, 0.1, 0, 0, 0.5, 0.01, 128, 1024, 11, 0.01, 4063380198) : -0.6253253219188926
(1.0, 0, 0.1, 0, 0, 0.5, 0.01, 128, 1024, 1, 0.001, 4063380199) : -0.6422146895330308
(1.0, 0, 0.1, 0, 0, 0.5, 0.01, 128, 1024, 2, 0.001, 4063380199) : -0.6428760603016265
(1.0, 0, 0.1, 0, 0, 0.5, 0.01, 128, 1024, 3, 0.001, 4063380199) : -0.645980212141702
(1.0, 0, 0.1, 0, 0, 0.5, 0.01, 128, 1024, 4, 0.001, 4063380199) : -0.6453395554463957
(1.0, 0, 0.1, 0, 0, 0.5, 0.01, 128, 1024, 5, 0.001, 4063380199) : -0.6452818519565182
(1.0, 0, 0.1, 0, 0, 0.5, 0.01, 128, 1024, 6, 0.001, 4063380199) : -0.6448675704907312
(1.0, 0, 0.1, 0, 0, 0.5, 0.01, 128, 1024, 7, 0.001, 4063380199) : -0.6451102210635493
(1.0, 0, 0.1, 0, 0, 0.5, 0.01, 128, 1024, 8, 0.001, 4063380199) : -0.6438851315861506
(1.0, 0, 0.1, 0, 0, 0.5, 0.01, 128, 1024, 9, 0.001, 4063380199) : -0.6434338607037754
(1.0, 0, 0.1, 0, 0, 0.5, 0.01, 128, 1024, 10, 0.001, 4063380199) : -0.6445243087047934
(1.0, 0, 0.1, 0, 0, 0.5, 0.01, 128, 1024, 11, 0.001, 4063380199) : -0.6429263659081863
(1.0, 0, 0.1, 0, 0, 0.5, 0.01, 128, 1024, 12, 0.001, 4063380199) : -0.6408031733960279
(1.0, 0, 0.1, 0, 0, 0.5, 0.01, 128, 1024, 13, 0.001, 4063380199) : -0.6435019212302976
(1.0, 0, 0.1, 64, 0, 0.25, 0.01, 128, 1024, 1, 0.01, 4063380200) : -0.630872254830448
(1.0, 0, 0.1, 64, 0, 0.25, 0.01, 128, 1024, 2, 0.01, 4063380200) : -0.6287298278216636
(1.0, 0, 0.1, 64, 0, 0.25, 0.01, 128, 1024, 3, 0.01, 4063380200) : -0.6274943813076203
(1.0, 0, 0.1, 64, 0, 0.25, 0.01, 128, 1024, 4, 0.01, 4063380200) : -0.6139148266897875
(1.0, 0, 0.1, 64, 0, 0.25, 0.01, 128, 1024, 5, 0.01, 4063380200) : -0.6105872587735197
(1.0, 0, 0.1, 64, 0, 0.25, 0.01, 128, 1024, 6, 0.01, 4063380200) : -0.6091964567098062
(1.0, 0, 0.1, 64, 0, 0.25, 0.01, 128, 1024, 7, 0.01, 4063380200) : -0.6106789925266582
(1.0, 0, 0.1, 64, 0, 0.25, 0.01, 128, 1024, 8, 0.01, 4063380200) : -0.606583524322021
(1.0, 0, 0.1, 64, 0, 0.25, 0.01, 128, 1024, 9, 0.01, 4063380200) : -0.6069874487511633
(1.0, 0, 0.1, 64, 0, 0.25, 0.01, 128, 1024, 10, 0.01, 4063380200) : -0.6046571155061113
(1.0, 0, 0.1, 64, 0, 0.25, 0.01, 128, 1024, 11, 0.01, 4063380200) : -0.605222313791578
(1.0, 0, 0.1, 64, 0, 0.25, 0.01, 128, 1024, 1, 0.001, 4063380201) : -0.6413180660749347
(1.0, 0, 0.1, 64, 0, 0.25, 0.01, 128, 1024, 2, 0.001, 4063380201) : -0.6419735185368762
(1.0, 0, 0.1, 64, 0, 0.25, 0.01, 128, 1024, 3, 0.001, 4063380201) : -0.6389581412966122
(1.0, 0, 0.1, 64, 0, 0.25, 0.01, 128, 1024, 4, 0.001, 4063380201) : -0.6410443443921825
(1.0, 0, 0.1, 64, 0, 0.25, 0.01, 128, 1024, 5, 0.001, 4063380201) : -0.6427103477153117
(1.0, 0, 0.1, 64, 0, 0.25, 0.01, 128, 1024, 6, 0.001, 4063380201) : -0.6432622298108065
(1.0, 0, 0.1, 64, 0, 0.25, 0.01, 128, 1024, 7, 0.001, 4063380201) : -0.6430876397645106
(1.0, 0, 0.1, 64, 0, 0.25, 0.01, 128, 1024, 8, 0.001, 4063380201) : -0.6438244689429461
(1.0, 0, 0.1, 64, 0, 0.25, 0.01, 128, 1024, 9, 0.001, 4063380201) : -0.6428020814684502
(1.0, 0, 0.1, 64, 0, 0.25, 0.01, 128, 1024, 10, 0.001, 4063380201) : -0.6429737123614192
(1.0, 0, 0.1, 64, 0, 0.25, 0.01, 128, 1024, 11, 0.001, 4063380201) : -0.6419572431935775
(1.0, 0, 0.1, 64, 0, 0.25, 0.01, 128, 1024, 12, 0.001, 4063380201) : -0.6427576941685444
(1.0, 0, 0.1, 64, 0, 0.25, 0.01, 128, 1024, 13, 0.001, 4063380201) : -0.642581624545585
(1.0, 0, 0.1, 64, 0, 0.25, 0.01, 128, 1024, 14, 0.001, 4063380201) : -0.6460467930915607
(1.0, 0, 0.1, 64, 0, 0.25, 0.01, 128, 1024, 15, 0.001, 4063380201) : -0.643787479526358
(1.0, 0, 0.1, 64, 0, 0.25, 0.01, 128, 1024, 16, 0.001, 4063380201) : -0.6449874162004767
(1.0, 0, 0.1, 64, 0, 0.25, 0.01, 128, 1024, 17, 0.001, 4063380201) : -0.6435418698002128
(1.0, 0, 0.1, 64, 0, 0.25, 0.01, 128, 1024, 18, 0.001, 4063380201) : -0.6456413890857547
(1.0, 0, 0.1, 64, 0, 0.25, 0.01, 128, 1024, 19, 0.001, 4063380201) : -0.6422102508030403
(1.0, 0, 0.1, 64, 0, 0.25, 0.01, 128, 1024, 20, 0.001, 4063380201) : -0.6406256241964049
(1.0, 0, 0.1, 64, 0, 0.25, 0.01, 128, 1024, 21, 0.001, 4063380201) : -0.6406152671597602
(1.0, 0, 0.1, 64, 0, 0.25, 0.01, 128, 1024, 22, 0.001, 4063380201) : -0.6400811399842277
(1.0, 0, 0.1, 64, 0, 0.25, 0.01, 128, 1024, 23, 0.001, 4063380201) : -0.6402779236804765
(1.0, 0, 0.1, 64, 0, 0.25, 0.01, 128, 1024, 24, 0.001, 4063380201) : -0.6413195456515982
(1.0, 0, 0.1, 64, 0, 0.5, 0.01, 128, 1024, 1, 0.01, 4063380202) : -0.6422220874163485
(1.0, 0, 0.1, 64, 0, 0.5, 0.01, 128, 1024, 2, 0.01, 4063380202) : -0.6439739061859621
(1.0, 0, 0.1, 64, 0, 0.5, 0.01, 128, 1024, 3, 0.01, 4063380202) : -0.638737684373747
(1.0, 0, 0.1, 64, 0, 0.5, 0.01, 128, 1024, 4, 0.01, 4063380202) : -0.6377360109725405
(1.0, 0, 0.1, 64, 0, 0.5, 0.01, 128, 1024, 5, 0.01, 4063380202) : -0.6405161355233041
(1.0, 0, 0.1, 64, 0, 0.5, 0.01, 128, 1024, 6, 0.01, 4063380202) : -0.6358081225799674
(1.0, 0, 0.1, 64, 0, 0.5, 0.01, 128, 1024, 7, 0.01, 4063380202) : -0.634338902953087
(1.0, 0, 0.1, 64, 0, 0.5, 0.01, 128, 1024, 8, 0.01, 4063380202) : -0.6342442100466215
(1.0, 0, 0.1, 64, 0, 0.5, 0.01, 128, 1024, 9, 0.01, 4063380202) : -0.6347013992356507
(1.0, 0, 0.1, 64, 0, 0.5, 0.01, 128, 1024, 10, 0.01, 4063380202) : -0.6412085774018338
(1.0, 0, 0.1, 64, 0, 0.5, 0.01, 128, 1024, 11, 0.01, 4063380202) : -0.6386622259639072
(1.0, 0, 0.1, 64, 0, 0.5, 0.01, 128, 1024, 12, 0.01, 4063380202) : -0.6339172236039824
(1.0, 0, 0.1, 64, 0, 0.5, 0.01, 128, 1024, 1, 0.001, 4063380203) : -0.6415414821511269
(1.0, 0, 0.1, 64, 0, 0.5, 0.01, 128, 1024, 2, 0.001, 4063380203) : -0.6429174884482052
(1.0, 0, 0.1, 64, 0, 0.5, 0.01, 128, 1024, 3, 0.001, 4063380203) : -0.6435714613334833
(1.0, 0, 0.1, 64, 0, 0.5, 0.01, 128, 1024, 4, 0.001, 4063380203) : -0.6514709211400435
(1.0, 0, 0.1, 64, 0, 0.5, 0.01, 128, 1024, 5, 0.001, 4063380203) : -0.6501585366394967
(1.0, 0, 0.1, 64, 0, 0.5, 0.01, 128, 1024, 6, 0.001, 4063380203) : -0.6493284941312591
(1.0, 0, 0.1, 64, 0, 0.5, 0.01, 128, 1024, 7, 0.001, 4063380203) : -0.6473813712420602
(1.0, 0, 0.1, 64, 0, 0.5, 0.01, 128, 1024, 8, 0.001, 4063380203) : -0.647958406140835
(1.0, 0, 0.1, 64, 0, 0.5, 0.01, 128, 1024, 9, 0.001, 4063380203) : -0.6481418736471121
(1.0, 0, 0.1, 64, 0, 0.5, 0.01, 128, 1024, 10, 0.001, 4063380203) : -0.6485088086596663
(1.0, 0, 0.1, 64, 0, 0.5, 0.01, 128, 1024, 11, 0.001, 4063380203) : -0.6484718192430782
(1.0, 0, 0.1, 64, 0, 0.5, 0.01, 128, 1024, 12, 0.001, 4063380203) : -0.6474035648920131
(1.0, 0, 0.1, 64, 0, 0.5, 0.01, 128, 1024, 13, 0.001, 4063380203) : -0.6477438675246239
(1.0, 0, 0.1, 64, 0, 0.5, 0.01, 128, 1024, 14, 0.001, 4063380203) : -0.648786969072409
(1.0, 0, 0.1, 128, 0, 0.25, 0.01, 128, 1024, 1, 0.01, 4063380204) : -0.6387850308269798
(1.0, 0, 0.1, 128, 0, 0.25, 0.01, 128, 1024, 2, 0.01, 4063380204) : -0.6394523199022296
(1.0, 0, 0.1, 128, 0, 0.25, 0.01, 128, 1024, 3, 0.01, 4063380204) : -0.6429500391348028
(1.0, 0, 0.1, 128, 0, 0.25, 0.01, 128, 1024, 4, 0.01, 4063380204) : -0.6456103179758208
(1.0, 0, 0.1, 128, 0, 0.25, 0.01, 128, 1024, 5, 0.01, 4063380204) : -0.647042548186113
(1.0, 0, 0.1, 128, 0, 0.25, 0.01, 128, 1024, 6, 0.01, 4063380204) : -0.6480826905805711
(1.0, 0, 0.1, 128, 0, 0.25, 0.01, 128, 1024, 7, 0.01, 4063380204) : -0.6397482352349346
(1.0, 0, 0.1, 128, 0, 0.25, 0.01, 128, 1024, 8, 0.01, 4063380204) : -0.641189342905208
(1.0, 0, 0.1, 128, 0, 0.25, 0.01, 128, 1024, 9, 0.01, 4063380204) : -0.6369636719541805
(1.0, 0, 0.1, 128, 0, 0.25, 0.01, 128, 1024, 10, 0.01, 4063380204) : -0.6352044553012492
(1.0, 0, 0.1, 128, 0, 0.25, 0.01, 128, 1024, 11, 0.01, 4063380204) : -0.6357060317901841
(1.0, 0, 0.1, 128, 0, 0.25, 0.01, 128, 1024, 12, 0.01, 4063380204) : -0.6353997594208345
(1.0, 0, 0.1, 128, 0, 0.25, 0.01, 128, 1024, 13, 0.01, 4063380204) : -0.6337115624477524
(1.0, 0, 0.1, 128, 0, 0.25, 0.01, 128, 1024, 14, 0.01, 4063380204) : -0.6259275096209472
(1.0, 0, 0.1, 128, 0, 0.25, 0.01, 128, 1024, 15, 0.01, 4063380204) : -0.6211943438743307
(1.0, 0, 0.1, 128, 0, 0.25, 0.01, 128, 1024, 16, 0.01, 4063380204) : -0.6151458344738403
(1.0, 0, 0.1, 128, 0, 0.25, 0.01, 128, 1024, 1, 0.001, 4063380205) : -0.6354027185741615
(1.0, 0, 0.1, 128, 0, 0.25, 0.01, 128, 1024, 2, 0.001, 4063380205) : -0.6367136234980447
(1.0, 0, 0.1, 128, 0, 0.25, 0.01, 128, 1024, 3, 0.001, 4063380205) : -0.6374682075964425
(1.0, 0, 0.1, 128, 0, 0.25, 0.01, 128, 1024, 4, 0.001, 4063380205) : -0.6361794963225123
(1.0, 0, 0.1, 128, 0, 0.25, 0.01, 128, 1024, 5, 0.001, 4063380205) : -0.6366381650882049
(1.0, 0, 0.1, 128, 0, 0.25, 0.01, 128, 1024, 6, 0.001, 4063380205) : -0.6386681442705613
(1.0, 0, 0.1, 128, 0, 0.25, 0.01, 128, 1024, 7, 0.001, 4063380205) : -0.6384151366610985
(1.0, 0, 0.1, 128, 0, 0.25, 0.01, 128, 1024, 8, 0.001, 4063380205) : -0.6357104705201748
(1.0, 0, 0.1, 128, 0, 0.25, 0.01, 128, 1024, 9, 0.001, 4063380205) : -0.6369784677208157
(1.0, 0, 0.1, 128, 0, 0.25, 0.01, 128, 1024, 10, 0.001, 4063380205) : -0.6337115624477524
(1.0, 0, 0.1, 128, 0, 0.25, 0.01, 128, 1024, 11, 0.001, 4063380205) : -0.6369725494141616
(1.0, 0, 0.1, 128, 0, 0.25, 0.01, 128, 1024, 12, 0.001, 4063380205) : -0.6387953878636244
(1.0, 0, 0.1, 128, 0, 0.25, 0.01, 128, 1024, 13, 0.001, 4063380205) : -0.639242220016009
(1.0, 0, 0.1, 128, 0, 0.25, 0.01, 128, 1024, 14, 0.001, 4063380205) : -0.6391726799128233
(1.0, 0, 0.1, 128, 0, 0.25, 0.01, 128, 1024, 15, 0.001, 4063380205) : -0.6388338568568761
(1.0, 0, 0.1, 128, 0, 0.25, 0.01, 128, 1024, 16, 0.001, 4063380205) : -0.6378736116022483
(1.0, 0, 0.1, 128, 0, 0.25, 0.01, 128, 1024, 17, 0.001, 4063380205) : -0.6372551485568949
(1.0, 0, 0.1, 128, 0, 0.25, 0.01, 128, 1024, 18, 0.001, 4063380205) : -0.6369414783042276
(1.0, 0, 0.1, 128, 0, 0.25, 0.01, 128, 1024, 19, 0.001, 4063380205) : -0.6351704250379882
(1.0, 0, 0.1, 128, 0, 0.25, 0.01, 128, 1024, 20, 0.001, 4063380205) : -0.6325974412201181
(1.0, 0, 0.1, 128, 0, 0.25, 0.01, 128, 1024, 21, 0.001, 4063380205) : -0.6336183491179503
(1.0, 0, 0.1, 128, 0, 0.25, 0.01, 128, 1024, 22, 0.001, 4063380205) : -0.6372151999869797
(1.0, 0, 0.1, 128, 0, 0.25, 0.01, 128, 1024, 23, 0.001, 4063380205) : -0.6377730003891287
(1.0, 0, 0.1, 128, 0, 0.5, 0.01, 128, 1024, 1, 0.01, 4063380206) : -0.6396461444451513
(1.0, 0, 0.1, 128, 0, 0.5, 0.01, 128, 1024, 2, 0.01, 4063380206) : -0.6415977060643409
(1.0, 0, 0.1, 128, 0, 0.5, 0.01, 128, 1024, 3, 0.01, 4063380206) : -0.630105834118742
(1.0, 0, 0.1, 128, 0, 0.5, 0.01, 128, 1024, 4, 0.01, 4063380206) : -0.6221161201357067
(1.0, 0, 0.1, 128, 0, 0.5, 0.01, 128, 1024, 5, 0.01, 4063380206) : -0.6214532697904476
(1.0, 0, 0.1, 128, 0, 0.5, 0.01, 128, 1024, 6, 0.01, 4063380206) : -0.6231370280335391
(1.0, 0, 0.1, 128, 0, 0.5, 0.01, 128, 1024, 7, 0.01, 4063380206) : -0.6209738869514655
(1.0, 0, 0.1, 128, 0, 0.5, 0.01, 128, 1024, 8, 0.01, 4063380206) : -0.6186687065096934
(1.0, 0, 0.1, 128, 0, 0.5, 0.01, 128, 1024, 9, 0.01, 4063380206) : -0.6145599221150845
(1.0, 0, 0.1, 128, 0, 0.5, 0.01, 128, 1024, 10, 0.01, 4063380206) : -0.6115549019114651
(1.0, 0, 0.1, 128, 0, 0.5, 0.01, 128, 1024, 11, 0.01, 4063380206) : -0.6168503067902212
(1.0, 0, 0.1, 128, 0, 0.5, 0.01, 128, 1024, 12, 0.01, 4063380206) : -0.6162910268114087
(1.0, 0, 0.1, 128, 0, 0.5, 0.01, 128, 1024, 1, 0.001, 4063380207) : -0.6507266940782903
(1.0, 0, 0.1, 128, 0, 0.5, 0.01, 128, 1024, 2, 0.001, 4063380207) : -0.6492841068313534
(1.0, 0, 0.1, 128, 0, 0.5, 0.01, 128, 1024, 3, 0.001, 4063380207) : -0.6433554431406087
(1.0, 0, 0.1, 128, 0, 0.5, 0.01, 128, 1024, 4, 0.001, 4063380207) : -0.6419069375870176
(1.0, 0, 0.1, 128, 0, 0.5, 0.01, 128, 1024, 5, 0.001, 4063380207) : -0.6445982875379697
(1.0, 0, 0.1, 128, 0, 0.5, 0.01, 128, 1024, 6, 0.001, 4063380207) : -0.6380629974151796
(1.0, 0, 0.1, 128, 0, 0.5, 0.01, 128, 1024, 7, 0.001, 4063380207) : -0.6423818816960092
(1.0, 0, 0.1, 128, 0, 0.5, 0.01, 128, 1024, 8, 0.001, 4063380207) : -0.6439901815292608
(1.0, 0, 0.1, 128, 0, 0.5, 0.01, 128, 1024, 9, 0.001, 4063380207) : -0.6431601390210233
(1.0, 0, 0.1, 128, 0, 0.5, 0.01, 128, 1024, 10, 0.001, 4063380207) : -0.6433021783807217
(1.0, 0, 0.1, 128, 0, 0.5, 0.01, 128, 1024, 11, 0.001, 4063380207) : -0.640363739126961
(1.0, 0.001, 0.1, 0, 0, 0.25, 0.01, 128, 1024, 1, 0.01, 4063380220) : -0.6335147787515036
(1.0, 0.001, 0.1, 0, 0, 0.25, 0.01, 128, 1024, 2, 0.01, 4063380220) : -0.6329969269192699
(1.0, 0.001, 0.1, 0, 0, 0.25, 0.01, 128, 1024, 3, 0.01, 4063380220) : -0.6268167351957258
(1.0, 0.001, 0.1, 0, 0, 0.25, 0.01, 128, 1024, 4, 0.01, 4063380220) : -0.6195845644644155
(1.0, 0.001, 0.1, 0, 0, 0.25, 0.01, 128, 1024, 5, 0.01, 4063380220) : -0.6187338078828886
(1.0, 0.001, 0.1, 0, 0, 0.25, 0.01, 128, 1024, 6, 0.01, 4063380220) : -0.6148366029511636
(1.0, 0.001, 0.1, 0, 0, 0.25, 0.01, 128, 1024, 7, 0.01, 4063380220) : -0.6116777067745377
(1.0, 0.001, 0.1, 0, 0, 0.25, 0.01, 128, 1024, 8, 0.01, 4063380220) : -0.612760756892238
(1.0, 0.001, 0.1, 0, 0, 0.25, 0.01, 128, 1024, 9, 0.01, 4063380220) : -0.6085410042478646
(1.0, 0.001, 0.1, 0, 0, 0.25, 0.01, 128, 1024, 10, 0.01, 4063380220) : -0.6031745796892594
(1.0, 0.001, 0.1, 0, 0, 0.25, 0.01, 128, 1024, 11, 0.01, 4063380220) : -0.6031834571492405
(1.0, 0.001, 0.1, 0, 0, 0.25, 0.01, 128, 1024, 1, 0.001, 4063380221) : -0.6365035236118242
(1.0, 0.001, 0.1, 0, 0, 0.25, 0.01, 128, 1024, 2, 0.001, 4063380221) : -0.6376531546793831
(1.0, 0.001, 0.1, 0, 0, 0.25, 0.01, 128, 1024, 3, 0.001, 4063380221) : -0.6382124346581955
(1.0, 0.001, 0.1, 0, 0, 0.25, 0.01, 128, 1024, 4, 0.001, 4063380221) : -0.6376812666359901
(1.0, 0.001, 0.1, 0, 0, 0.25, 0.01, 128, 1024, 5, 0.001, 4063380221) : -0.6364191877420032
(1.0, 0.001, 0.1, 0, 0, 0.25, 0.01, 128, 1024, 6, 0.001, 4063380221) : -0.6360729668027384
(1.0, 0.001, 0.1, 0, 0, 0.25, 0.01, 128, 1024, 7, 0.001, 4063380221) : -0.6375140744730118
(1.0, 0.001, 0.1, 0, 0, 0.25, 0.01, 128, 1024, 8, 0.001, 4063380221) : -0.6366707157748025
(1.0, 0.001, 0.1, 0, 0, 0.25, 0.01, 128, 1024, 9, 0.001, 4063380221) : -0.6379416721287705
(1.0, 0.001, 0.1, 0, 0, 0.25, 0.01, 128, 1024, 10, 0.001, 4063380221) : -0.6385512577141428
(1.0, 0.001, 0.1, 0, 0, 0.25, 0.01, 128, 1024, 11, 0.001, 4063380221) : -0.6384550852310137
(1.0, 0.001, 0.1, 0, 0, 0.25, 0.01, 128, 1024, 12, 0.001, 4063380221) : -0.6384654422676583
(1.0, 0.001, 0.1, 0, 0, 0.25, 0.01, 128, 1024, 13, 0.001, 4063380221) : -0.6400293548010043
(1.0, 0.001, 0.1, 0, 0, 0.25, 0.01, 128, 1024, 14, 0.001, 4063380221) : -0.6387598780236998
(1.0, 0.001, 0.1, 0, 0, 0.25, 0.01, 128, 1024, 15, 0.001, 4063380221) : -0.6421347923932005
(1.0, 0.001, 0.1, 0, 0, 0.25, 0.01, 128, 1024, 16, 0.001, 4063380221) : -0.6415636758010798
(1.0, 0.001, 0.1, 0, 0, 0.25, 0.01, 128, 1024, 17, 0.001, 4063380221) : -0.6401151702474888
(1.0, 0.001, 0.1, 0, 0, 0.25, 0.01, 128, 1024, 18, 0.001, 4063380221) : -0.6390158447864897
(1.0, 0.001, 0.1, 0, 0, 0.25, 0.01, 128, 1024, 19, 0.001, 4063380221) : -0.64231086201616
(1.0, 0.001, 0.1, 0, 0, 0.25, 0.01, 128, 1024, 20, 0.001, 4063380221) : -0.6421407106998546
(1.0, 0.001, 0.1, 0, 0, 0.25, 0.01, 128, 1024, 21, 0.001, 4063380221) : -0.643615848633389
(1.0, 0.001, 0.1, 0, 0, 0.25, 0.01, 128, 1024, 22, 0.001, 4063380221) : -0.6408756726525406
(1.0, 0.001, 0.1, 0, 0, 0.25, 0.01, 128, 1024, 23, 0.001, 4063380221) : -0.640778020592748
(1.0, 0.001, 0.1, 0, 0, 0.25, 0.01, 128, 1024, 24, 0.001, 4063380221) : -0.640656695306339
(1.0, 0.001, 0.1, 0, 0, 0.25, 0.01, 128, 1024, 25, 0.001, 4063380221) : -0.6374267794498638
(1.0, 0.001, 0.1, 0, 0, 0.25, 0.01, 128, 1024, 26, 0.001, 4063380221) : -0.6356557261836243
(1.0, 0.001, 0.1, 0, 0, 0.25, 0.01, 128, 1024, 27, 0.001, 4063380221) : -0.6351822616512963
(1.0, 0.001, 0.1, 0, 0, 0.25, 0.01, 128, 1024, 28, 0.001, 4063380221) : -0.635491493173973
(1.0, 0.001, 0.1, 0, 0, 0.25, 0.01, 128, 1024, 29, 0.001, 4063380221) : -0.6349188970051889
(1.0, 0.001, 0.1, 0, 0, 0.25, 0.01, 128, 1024, 30, 0.001, 4063380221) : -0.6350831300148402
(1.0, 0.001, 0.1, 0, 0, 0.25, 0.01, 128, 1024, 31, 0.001, 4063380221) : -0.6345978288692039
(1.0, 0.001, 0.1, 0, 0, 0.5, 0.01, 128, 1024, 1, 0.01, 4063380222) : -0.6309921005401934
(1.0, 0.001, 0.1, 0, 0, 0.5, 0.01, 128, 1024, 2, 0.01, 4063380222) : -0.6263136791301273
(1.0, 0.001, 0.1, 0, 0, 0.5, 0.01, 128, 1024, 3, 0.01, 4063380222) : -0.6256034823316353
(1.0, 0.001, 0.1, 0, 0, 0.5, 0.01, 128, 1024, 4, 0.01, 4063380222) : -0.6112619457320871
(1.0, 0.001, 0.1, 0, 0, 0.5, 0.01, 128, 1024, 5, 0.01, 4063380222) : -0.6126690231390994
(1.0, 0.001, 0.1, 0, 0, 0.5, 0.01, 128, 1024, 6, 0.01, 4063380222) : -0.601770461435574
(1.0, 0.001, 0.1, 0, 0, 0.5, 0.01, 128, 1024, 7, 0.01, 4063380222) : -0.6035770245417381
(1.0, 0.001, 0.1, 0, 0, 0.5, 0.01, 128, 1024, 8, 0.01, 4063380222) : -0.5903555274764785
(1.0, 0.001, 0.1, 0, 0, 0.5, 0.01, 128, 1024, 9, 0.01, 4063380222) : -0.5939153889289197
(1.0, 0.001, 0.1, 0, 0, 0.5, 0.01, 128, 1024, 10, 0.01, 4063380222) : -0.5943341091246972
(1.0, 0.001, 0.1, 0, 0, 0.5, 0.01, 128, 1024, 11, 0.01, 4063380222) : -0.596091846200965
(1.0, 0.001, 0.1, 0, 0, 0.5, 0.01, 128, 1024, 1, 0.001, 4063380223) : -0.6425697879322768
(1.0, 0.001, 0.1, 0, 0, 0.5, 0.01, 128, 1024, 2, 0.001, 4063380223) : -0.6449903753538038
(1.0, 0.001, 0.1, 0, 0, 0.5, 0.01, 128, 1024, 3, 0.001, 4063380223) : -0.6424529013758583
(1.0, 0.001, 0.1, 0, 0, 0.5, 0.01, 128, 1024, 4, 0.001, 4063380223) : -0.6415695941077338
(1.0, 0.001, 0.1, 0, 0, 0.5, 0.01, 128, 1024, 5, 0.001, 4063380223) : -0.6410532218521636
(1.0, 0.001, 0.1, 0, 0, 0.5, 0.01, 128, 1024, 6, 0.001, 4063380223) : -0.6390853848896754
(1.0, 0.001, 0.1, 0, 0, 0.5, 0.01, 128, 1024, 7, 0.001, 4063380223) : -0.637672389176009
(1.0, 0.001, 0.1, 0, 0, 0.5, 0.01, 128, 1024, 8, 0.001, 4063380223) : -0.6371071908905424
(1.0, 0.001, 0.1, 0, 0, 0.5, 0.01, 128, 1024, 9, 0.001, 4063380223) : -0.6360922012993643
(1.0, 0.001, 0.1, 0, 0, 0.5, 0.01, 128, 1024, 10, 0.001, 4063380223) : -0.6359412844796847
(1.0, 0.001, 0.1, 0, 0, 0.5, 0.01, 128, 1024, 11, 0.001, 4063380223) : -0.6352843524410795
(1.0, 0.001, 0.1, 0, 0, 0.5, 0.01, 128, 1024, 12, 0.001, 4063380223) : -0.6451220576768575
(1.0, 0.001, 0.1, 0, 0, 0.5, 0.01, 128, 1024, 13, 0.001, 4063380223) : -0.6457301636855662
(1.0, 0.001, 0.1, 0, 0, 0.5, 0.01, 128, 1024, 14, 0.001, 4063380223) : -0.6379594270487328
(1.0, 0.001, 0.1, 0, 0, 0.5, 0.01, 128, 1024, 15, 0.001, 4063380223) : -0.6377700412358016
(1.0, 0.001, 0.1, 0, 0, 0.5, 0.01, 128, 1024, 16, 0.001, 4063380223) : -0.6377167764759147
(1.0, 0.001, 0.1, 0, 0, 0.5, 0.01, 128, 1024, 17, 0.001, 4063380223) : -0.6385246253341994
(1.0, 0.001, 0.1, 0, 0, 0.5, 0.01, 128, 1024, 18, 0.001, 4063380223) : -0.6391342109195717
(1.0, 0.001, 0.1, 0, 0, 0.5, 0.01, 128, 1024, 19, 0.001, 4063380223) : -0.6394360445589308
(1.0, 0.001, 0.1, 0, 0, 0.5, 0.01, 128, 1024, 20, 0.001, 4063380223) : -0.6381754452416075
(1.0, 0.001, 0.1, 0, 0, 0.5, 0.01, 128, 1024, 21, 0.001, 4063380223) : -0.62638617838664
(1.0, 0.001, 0.1, 0, 0, 0.5, 0.01, 128, 1024, 22, 0.001, 4063380223) : -0.6264379635698634
(1.0, 0.001, 0.1, 0, 0, 0.5, 0.01, 128, 1024, 23, 0.001, 4063380223) : -0.6266184719228134
(1.0, 0.001, 0.1, 64, 0, 0.25, 0.01, 128, 1024, 1, 0.01, 4063380224) : -0.645095425296914
(1.0, 0.001, 0.1, 64, 0, 0.25, 0.01, 128, 1024, 2, 0.01, 4063380224) : -0.641158271795274
(1.0, 0.001, 0.1, 64, 0, 0.25, 0.01, 128, 1024, 3, 0.01, 4063380224) : -0.6370731606272814
(1.0, 0.001, 0.1, 64, 0, 0.25, 0.01, 128, 1024, 4, 0.01, 4063380224) : -0.635015069488318
(1.0, 0.001, 0.1, 64, 0, 0.25, 0.01, 128, 1024, 5, 0.01, 4063380224) : -0.6343788515230022
(1.0, 0.001, 0.1, 64, 0, 0.25, 0.01, 128, 1024, 6, 0.01, 4063380224) : -0.6313176074061689
(1.0, 0.001, 0.1, 64, 0, 0.25, 0.01, 128, 1024, 7, 0.01, 4063380224) : -0.6335710026647176
(1.0, 0.001, 0.1, 64, 0, 0.25, 0.01, 128, 1024, 8, 0.01, 4063380224) : -0.6300007841756317
(1.0, 0.001, 0.1, 64, 0, 0.25, 0.01, 128, 1024, 9, 0.01, 4063380224) : -0.6314123003126345
(1.0, 0.001, 0.1, 64, 0, 0.25, 0.01, 128, 1024, 10, 0.01, 4063380224) : -0.6333490661651888
(1.0, 0.001, 0.1, 64, 0, 0.25, 0.01, 128, 1024, 11, 0.01, 4063380224) : -0.6340503855036996
(1.0, 0.001, 0.1, 64, 0, 0.25, 0.01, 128, 1024, 1, 0.001, 4063380225) : -0.6379978960419844
(1.0, 0.001, 0.1, 64, 0, 0.25, 0.01, 128, 1024, 2, 0.001, 4063380225) : -0.6387569188703728
(1.0, 0.001, 0.1, 64, 0, 0.25, 0.01, 128, 1024, 3, 0.001, 4063380225) : -0.6373557597700146
(1.0, 0.001, 0.1, 64, 0, 0.25, 0.01, 128, 1024, 4, 0.001, 4063380225) : -0.6369755085674886
(1.0, 0.001, 0.1, 64, 0, 0.25, 0.01, 128, 1024, 5, 0.001, 4063380225) : -0.6371175479271871
(1.0, 0.001, 0.1, 64, 0, 0.25, 0.01, 128, 1024, 6, 0.001, 4063380225) : -0.6404584320334266
(1.0, 0.001, 0.1, 64, 0, 0.25, 0.01, 128, 1024, 7, 0.001, 4063380225) : -0.6399642534278093
(1.0, 0.001, 0.1, 64, 0, 0.25, 0.01, 128, 1024, 8, 0.001, 4063380225) : -0.6408283261993079
(1.0, 0.001, 0.1, 64, 0, 0.25, 0.01, 128, 1024, 9, 0.001, 4063380225) : -0.641070976772126
(1.0, 0.001, 0.1, 64, 0, 0.25, 0.01, 128, 1024, 10, 0.001, 4063380225) : -0.6397038479350289
(1.0, 0.001, 0.1, 64, 0, 0.25, 0.01, 128, 1024, 11, 0.001, 4063380225) : -0.6392940051992324
(1.0, 0.001, 0.1, 64, 0, 0.25, 0.01, 128, 1024, 12, 0.001, 4063380225) : -0.63811774175173
(1.0, 0.001, 0.1, 64, 0, 0.25, 0.01, 128, 1024, 13, 0.001, 4063380225) : -0.638264219841419
(1.0, 0.001, 0.1, 64, 0, 0.25, 0.01, 128, 1024, 14, 0.001, 4063380225) : -0.6377789186957827
(1.0, 0.001, 0.1, 64, 0, 0.25, 0.01, 128, 1024, 15, 0.001, 4063380225) : -0.6370124979840768
(1.0, 0.001, 0.1, 64, 0, 0.25, 0.01, 128, 1024, 16, 0.001, 4063380225) : -0.6362727096523143
(1.0, 0.001, 0.1, 64, 0, 0.25, 0.01, 128, 1024, 17, 0.001, 4063380225) : -0.6367298988413436
(1.0, 0.001, 0.1, 64, 0, 0.25, 0.01, 128, 1024, 18, 0.001, 4063380225) : -0.637849938375632
(1.0, 0.001, 0.1, 64, 0, 0.25, 0.01, 128, 1024, 19, 0.001, 4063380225) : -0.6381902410082427
(1.0, 0.001, 0.1, 64, 0, 0.5, 0.01, 128, 1024, 1, 0.01, 4063380226) : -0.6163753626812296
(1.0, 0.001, 0.1, 64, 0, 0.5, 0.01, 128, 1024, 2, 0.01, 4063380226) : -0.6339542130205705
(1.0, 0.001, 0.1, 64, 0, 0.5, 0.01, 128, 1024, 3, 0.01, 4063380226) : -0.6387687554836811
(1.0, 0.001, 0.1, 64, 0, 0.5, 0.01, 128, 1024, 4, 0.01, 4063380226) : -0.6371382620004764
(1.0, 0.001, 0.1, 64, 0, 0.5, 0.01, 128, 1024, 5, 0.01, 4063380226) : -0.6408238874693173
(1.0, 0.001, 0.1, 64, 0, 0.5, 0.01, 128, 1024, 6, 0.01, 4063380226) : -0.6324198920204951
(1.0, 0.001, 0.1, 64, 0, 0.5, 0.01, 128, 1024, 7, 0.01, 4063380226) : -0.6263521481233789
(1.0, 0.001, 0.1, 64, 0, 0.5, 0.01, 128, 1024, 8, 0.01, 4063380226) : -0.6159995502086942
(1.0, 0.001, 0.1, 64, 0, 0.5, 0.01, 128, 1024, 9, 0.01, 4063380226) : -0.6168147969502966
(1.0, 0.001, 0.1, 64, 0, 0.5, 0.01, 128, 1024, 10, 0.01, 4063380226) : -0.6123346388131428
(1.0, 0.001, 0.1, 64, 0, 0.5, 0.01, 128, 1024, 11, 0.01, 4063380226) : -0.6101700181544056
(1.0, 0.001, 0.1, 64, 0, 0.5, 0.01, 128, 1024, 12, 0.01, 4063380226) : -0.6121600487668468
(1.0, 0.001, 0.1, 64, 0, 0.5, 0.01, 128, 1024, 13, 0.01, 4063380226) : -0.6182914144604945
(1.0, 0.001, 0.1, 64, 0, 0.5, 0.01, 128, 1024, 14, 0.01, 4063380226) : -0.5988675320217379
(1.0, 0.001, 0.1, 64, 0, 0.5, 0.01, 128, 1024, 15, 0.01, 4063380226) : -0.5998366547363468
(1.0, 0.001, 0.1, 64, 0, 0.5, 0.01, 128, 1024, 1, 0.001, 4063380227) : -0.6440005385659056
(1.0, 0.001, 0.1, 64, 0, 0.5, 0.01, 128, 1024, 2, 0.001, 4063380227) : -0.6438377851329178
(1.0, 0.001, 0.1, 64, 0, 0.5, 0.01, 128, 1024, 3, 0.001, 4063380227) : -0.6433835550972156
(1.0, 0.001, 0.1, 64, 0, 0.5, 0.01, 128, 1024, 4, 0.001, 4063380227) : -0.6437845203730309
(1.0, 0.001, 0.1, 64, 0, 0.5, 0.01, 128, 1024, 5, 0.001, 4063380227) : -0.6434101874771591
(1.0, 0.001, 0.1, 64, 0, 0.5, 0.01, 128, 1024, 6, 0.001, 4063380227) : -0.642933763791504
(1.0, 0.001, 0.1, 64, 0, 0.5, 0.01, 128, 1024, 7, 0.001, 4063380227) : -0.6423064232861694
(1.0, 0.001, 0.1, 64, 0, 0.5, 0.01, 128, 1024, 8, 0.001, 4063380227) : -0.6417959693372532
(1.0, 0.001, 0.1, 64, 0, 0.5, 0.01, 128, 1024, 9, 0.001, 4063380227) : -0.6411730675619092
(1.0, 0.001, 0.1, 64, 0, 0.5, 0.01, 128, 1024, 10, 0.001, 4063380227) : -0.6421199966265652
(1.0, 0.001, 0.1, 64, 0, 0.5, 0.01, 128, 1024, 11, 0.001, 4063380227) : -0.6446663480644917
(1.0, 0.001, 0.1, 64, 0, 0.5, 0.01, 128, 1024, 12, 0.001, 4063380227) : -0.6439191618494117
(1.0, 0.001, 0.1, 64, 0, 0.5, 0.01, 128, 1024, 13, 0.001, 4063380227) : -0.6454889926894117
(1.0, 0.001, 0.1, 64, 0, 0.5, 0.01, 128, 1024, 14, 0.001, 4063380227) : -0.6480530990473006
(1.0, 0.001, 0.1, 64, 0, 0.5, 0.01, 128, 1024, 15, 0.001, 4063380227) : -0.6490769660984599
(1.0, 0.001, 0.1, 64, 0, 0.5, 0.01, 128, 1024, 16, 0.001, 4063380227) : -0.6460260790182712
(1.0, 0.001, 0.1, 64, 0, 0.5, 0.01, 128, 1024, 17, 0.001, 4063380227) : -0.6457331228388933
(1.0, 0.001, 0.1, 64, 0, 0.5, 0.01, 128, 1024, 18, 0.001, 4063380227) : -0.6463589837675644
(1.0, 0.001, 0.1, 64, 0, 0.5, 0.01, 128, 1024, 19, 0.001, 4063380227) : -0.6429145292948781
(1.0, 0.001, 0.1, 64, 0, 0.5, 0.01, 128, 1024, 20, 0.001, 4063380227) : -0.6431601390210233
(1.0, 0.001, 0.1, 64, 0, 0.5, 0.01, 128, 1024, 21, 0.001, 4063380227) : -0.6451605266701091
(1.0, 0.001, 0.1, 64, 0, 0.5, 0.01, 128, 1024, 22, 0.001, 4063380227) : -0.6452507808465842
(1.0, 0.001, 0.1, 64, 0, 0.5, 0.01, 128, 1024, 23, 0.001, 4063380227) : -0.6408268466226443
(1.0, 0.001, 0.1, 64, 0, 0.5, 0.01, 128, 1024, 24, 0.001, 4063380227) : -0.6422146895330308
(1.0, 0.001, 0.1, 64, 0, 0.5, 0.01, 128, 1024, 25, 0.001, 4063380227) : -0.6408727134992136
(1.0, 0.001, 0.1, 128, 0, 0.25, 0.01, 128, 1024, 1, 0.01, 4063380228) : -0.6314492897292227
(1.0, 0.001, 0.1, 128, 0, 0.25, 0.01, 128, 1024, 2, 0.01, 4063380228) : -0.6269143872555184
(1.0, 0.001, 0.1, 128, 0, 0.25, 0.01, 128, 1024, 3, 0.01, 4063380228) : -0.6370376507873567
(1.0, 0.001, 0.1, 128, 0, 0.25, 0.01, 128, 1024, 4, 0.01, 4063380228) : -0.642108160013257
(1.0, 0.001, 0.1, 128, 0, 0.25, 0.01, 128, 1024, 5, 0.01, 4063380228) : -0.6425727470856039
(1.0, 0.001, 0.1, 128, 0, 0.25, 0.01, 128, 1024, 6, 0.01, 4063380228) : -0.6428109589284314
(1.0, 0.001, 0.1, 128, 0, 0.25, 0.01, 128, 1024, 7, 0.01, 4063380228) : -0.641130159838667
(1.0, 0.001, 0.1, 128, 0, 0.25, 0.01, 128, 1024, 8, 0.01, 4063380228) : -0.6328208572963104
(1.0, 0.001, 0.1, 128, 0, 0.25, 0.01, 128, 1024, 9, 0.01, 4063380228) : -0.636610053131598
(1.0, 0.001, 0.1, 128, 0, 0.25, 0.01, 128, 1024, 10, 0.01, 4063380228) : -0.6424203506892608
(1.0, 0.001, 0.1, 128, 0, 0.25, 0.01, 128, 1024, 11, 0.01, 4063380228) : -0.6429293250615133
(1.0, 0.001, 0.1, 128, 0, 0.25, 0.01, 128, 1024, 12, 0.01, 4063380228) : -0.6425357576690157
(1.0, 0.001, 0.1, 128, 0, 0.25, 0.01, 128, 1024, 13, 0.01, 4063380228) : -0.6453706265563297
(1.0, 0.001, 0.1, 128, 0, 0.25, 0.01, 128, 1024, 14, 0.01, 4063380228) : -0.6455629715225879
(1.0, 0.001, 0.1, 128, 0, 0.25, 0.01, 128, 1024, 15, 0.01, 4063380228) : -0.6468072954966125
(1.0, 0.001, 0.1, 128, 0, 0.25, 0.01, 128, 1024, 16, 0.01, 4063380228) : -0.6457523573355192
(1.0, 0.001, 0.1, 128, 0, 0.25, 0.01, 128, 1024, 17, 0.01, 4063380228) : -0.6461089353114287
(1.0, 0.001, 0.1, 128, 0, 0.25, 0.01, 128, 1024, 18, 0.01, 4063380228) : -0.6452034343933514
(1.0, 0.001, 0.1, 128, 0, 0.25, 0.01, 128, 1024, 19, 0.01, 4063380228) : -0.6378425404923144
(1.0, 0.001, 0.1, 128, 0, 0.25, 0.01, 128, 1024, 20, 0.01, 4063380228) : -0.6264675551031339
(1.0, 0.001, 0.1, 128, 0, 0.25, 0.01, 128, 1024, 21, 0.01, 4063380228) : -0.6368808156610231
(1.0, 0.001, 0.1, 128, 0, 0.25, 0.01, 128, 1024, 22, 0.01, 4063380228) : -0.6456606235823806
(1.0, 0.001, 0.1, 128, 0, 0.25, 0.01, 128, 1024, 23, 0.01, 4063380228) : -0.6433066171107122
(1.0, 0.001, 0.1, 128, 0, 0.25, 0.01, 128, 1024, 24, 0.01, 4063380228) : -0.6437016640798735
(1.0, 0.001, 0.1, 128, 0, 0.25, 0.01, 128, 1024, 25, 0.01, 4063380228) : -0.6413358209948969
(1.0, 0.001, 0.1, 128, 0, 0.25, 0.01, 128, 1024, 1, 0.001, 4063380229) : -0.6399968041144067
(1.0, 0.001, 0.1, 128, 0, 0.25, 0.01, 128, 1024, 2, 0.001, 4063380229) : -0.6377937144624181
(1.0, 0.001, 0.1, 128, 0, 0.25, 0.01, 128, 1024, 3, 0.001, 4063380229) : -0.6357015930601936
(1.0, 0.001, 0.1, 128, 0, 0.25, 0.01, 128, 1024, 4, 0.001, 4063380229) : -0.6345253296126913
(1.0, 0.001, 0.1, 128, 0, 0.25, 0.01, 128, 1024, 5, 0.001, 4063380229) : -0.6397585922715793
(1.0, 0.001, 0.1, 128, 0, 0.25, 0.01, 128, 1024, 6, 0.001, 4063380229) : -0.641609542677649
(1.0, 0.001, 0.1, 128, 0, 0.25, 0.01, 128, 1024, 7, 0.001, 4063380229) : -0.6444310953749913
(1.0, 0.001, 0.1, 128, 0, 0.25, 0.01, 128, 1024, 8, 0.001, 4063380229) : -0.6441588532689027
(1.0, 0.001, 0.1, 128, 0, 0.25, 0.01, 128, 1024, 9, 0.001, 4063380229) : -0.6449859366238132
(1.0, 0.001, 0.1, 128, 0, 0.25, 0.01, 128, 1024, 10, 0.001, 4063380229) : -0.6441795673421921
(1.0, 0.001, 0.1, 128, 0, 0.25, 0.01, 128, 1024, 11, 0.001, 4063380229) : -0.6449445084772345
(1.0, 0.001, 0.1, 128, 0, 0.25, 0.01, 128, 1024, 12, 0.001, 4063380229) : -0.644587930501325
(1.0, 0.001, 0.1, 128, 0, 0.25, 0.01, 128, 1024, 13, 0.001, 4063380229) : -0.6415281659611551
(1.0, 0.001, 0.1, 128, 0, 0.25, 0.01, 128, 1024, 14, 0.001, 4063380229) : -0.6421865775764238
(1.0, 0.001, 0.1, 128, 0, 0.25, 0.01, 128, 1024, 15, 0.001, 4063380229) : -0.6428597849583277
(1.0, 0.001, 0.1, 128, 0, 0.25, 0.01, 128, 1024, 16, 0.001, 4063380229) : -0.6431127925677905
(1.0, 0.001, 0.1, 128, 0, 0.25, 0.01, 128, 1024, 17, 0.001, 4063380229) : -0.6434738092736906
(1.0, 0.001, 0.1, 128, 0, 0.25, 0.01, 128, 1024, 18, 0.001, 4063380229) : -0.644263903212013
(1.0, 0.001, 0.1, 128, 0, 0.25, 0.01, 128, 1024, 19, 0.001, 4063380229) : -0.6435093191136152
(1.0, 0.001, 0.1, 128, 0, 0.5, 0.01, 128, 1024, 1, 0.01, 4063380230) : -0.6251684867925589
(1.0, 0.001, 0.1, 128, 0, 0.5, 0.01, 128, 1024, 2, 0.01, 4063380230) : -0.62877865385156
(1.0, 0.001, 0.1, 128, 0, 0.5, 0.01, 128, 1024, 3, 0.01, 4063380230) : -0.6345371662259994
(1.0, 0.001, 0.1, 128, 0, 0.5, 0.01, 128, 1024, 4, 0.01, 4063380230) : -0.6324376469404573
(1.0, 0.001, 0.1, 128, 0, 0.5, 0.01, 128, 1024, 5, 0.01, 4063380230) : -0.6298040004793828
(1.0, 0.001, 0.1, 128, 0, 0.5, 0.01, 128, 1024, 6, 0.01, 4063380230) : -0.6255472584184213
(1.0, 0.001, 0.1, 128, 0, 0.5, 0.01, 128, 1024, 7, 0.01, 4063380230) : -0.6316623487687703
(1.0, 0.001, 0.1, 128, 0, 0.5, 0.01, 128, 1024, 8, 0.01, 4063380230) : -0.636672195351466
(1.0, 0.001, 0.1, 128, 0, 0.5, 0.01, 128, 1024, 9, 0.01, 4063380230) : -0.6328963157061501
(1.0, 0.001, 0.1, 128, 0, 0.5, 0.01, 128, 1024, 10, 0.01, 4063380230) : -0.6246772673402686
(1.0, 0.001, 0.1, 128, 0, 0.5, 0.01, 128, 1024, 11, 0.01, 4063380230) : -0.6335488090147647
(1.0, 0.001, 0.1, 128, 0, 0.5, 0.01, 128, 1024, 12, 0.01, 4063380230) : -0.6334585548382897
(1.0, 0.001, 0.1, 128, 0, 0.5, 0.01, 128, 1024, 13, 0.01, 4063380230) : -0.6327942249163669
(1.0, 0.001, 0.1, 128, 0, 0.5, 0.01, 128, 1024, 14, 0.01, 4063380230) : -0.6431571798676963
(1.0, 0.001, 0.1, 128, 0, 0.5, 0.01, 128, 1024, 15, 0.01, 4063380230) : -0.643939875922701
(1.0, 0.001, 0.1, 128, 0, 0.5, 0.01, 128, 1024, 16, 0.01, 4063380230) : -0.6374119836832286
(1.0, 0.001, 0.1, 128, 0, 0.5, 0.01, 128, 1024, 17, 0.01, 4063380230) : -0.6381118234450759
(1.0, 0.001, 0.1, 128, 0, 0.5, 0.01, 128, 1024, 18, 0.01, 4063380230) : -0.6211928642976672
(1.0, 0.001, 0.1, 128, 0, 0.5, 0.01, 128, 1024, 19, 0.01, 4063380230) : -0.6401092519408347
(1.0, 0.001, 0.1, 128, 0, 0.5, 0.01, 128, 1024, 20, 0.01, 4063380230) : -0.6390824257363483
(1.0, 0.001, 0.1, 128, 0, 0.5, 0.01, 128, 1024, 21, 0.01, 4063380230) : -0.6447551226643032
(1.0, 0.001, 0.1, 128, 0, 0.5, 0.01, 128, 1024, 22, 0.01, 4063380230) : -0.6428553462283372
(1.0, 0.001, 0.1, 128, 0, 0.5, 0.01, 128, 1024, 23, 0.01, 4063380230) : -0.6376072878028138
(1.0, 0.001, 0.1, 128, 0, 0.5, 0.01, 128, 1024, 24, 0.01, 4063380230) : -0.6350328244082803
(1.0, 0.001, 0.1, 128, 0, 0.5, 0.01, 128, 1024, 25, 0.01, 4063380230) : -0.6446397156845484
(1.0, 0.001, 0.1, 128, 0, 0.5, 0.01, 128, 1024, 26, 0.01, 4063380230) : -0.6414083202514097
(1.0, 0.001, 0.1, 128, 0, 0.5, 0.01, 128, 1024, 27, 0.01, 4063380230) : -0.6448779275273758
(1.0, 0.001, 0.1, 128, 0, 0.5, 0.01, 128, 1024, 28, 0.01, 4063380230) : -0.6446086445746143
(1.0, 0.001, 0.1, 128, 0, 0.5, 0.01, 128, 1024, 29, 0.01, 4063380230) : -0.6411464351819658
(1.0, 0.001, 0.1, 128, 0, 0.5, 0.01, 128, 1024, 30, 0.01, 4063380230) : -0.6099392041948958
(1.0, 0.001, 0.1, 128, 0, 0.5, 0.01, 128, 1024, 31, 0.01, 4063380230) : -0.641017712012239
(1.0, 0.001, 0.1, 128, 0, 0.5, 0.01, 128, 1024, 32, 0.01, 4063380230) : -0.6378928460988742
(1.0, 0.001, 0.1, 128, 0, 0.5, 0.01, 128, 1024, 33, 0.01, 4063380230) : -0.6292654345738597
(1.0, 0.001, 0.1, 128, 0, 0.5, 0.01, 128, 1024, 34, 0.01, 4063380230) : -0.6335931963146705
(1.0, 0.001, 0.1, 128, 0, 0.5, 0.01, 128, 1024, 35, 0.01, 4063380230) : -0.6334437590716544
(1.0, 0.001, 0.1, 128, 0, 0.5, 0.01, 128, 1024, 36, 0.01, 4063380230) : -0.6377685616591381
(1.0, 0.001, 0.1, 128, 0, 0.5, 0.01, 128, 1024, 37, 0.01, 4063380230) : -0.6365701045616828
(1.0, 0.001, 0.1, 128, 0, 0.5, 0.01, 128, 1024, 1, 0.001, 4063380231) : -0.6444961967481864
(1.0, 0.001, 0.1, 128, 0, 0.5, 0.01, 128, 1024, 2, 0.001, 4063380231) : -0.6463131168909951
(1.0, 0.001, 0.1, 128, 0, 0.5, 0.01, 128, 1024, 3, 0.001, 4063380231) : -0.6422605564096001
(1.0, 0.001, 0.1, 128, 0, 0.5, 0.01, 128, 1024, 4, 0.001, 4063380231) : -0.6439842632226067
(1.0, 0.001, 0.1, 128, 0, 0.5, 0.01, 128, 1024, 5, 0.001, 4063380231) : -0.6427369800952552
(1.0, 0.001, 0.1, 128, 0, 0.5, 0.01, 128, 1024, 6, 0.001, 4063380231) : -0.6334881463715601
(1.0, 0.001, 0.1, 128, 0, 0.5, 0.01, 128, 1024, 7, 0.001, 4063380231) : -0.6339897228604952
(1.0, 0.001, 0.1, 128, 0, 0.5, 0.01, 128, 1024, 8, 0.001, 4063380231) : -0.6353228214343312
(1.0, 0.001, 0.1, 128, 0, 0.5, 0.01, 128, 1024, 9, 0.001, 4063380231) : -0.6373883104566122
(1.0, 0.001, 0.1, 128, 0, 0.5, 0.01, 128, 1024, 10, 0.001, 4063380231) : -0.64406120120911
(1.0, 0.001, 0.1, 128, 0, 0.5, 0.01, 128, 1024, 11, 0.001, 4063380231) : -0.645740520722211
(1.0, 0.001, 0.1, 128, 0, 0.5, 0.01, 128, 1024, 12, 0.001, 4063380231) : -0.6426171343855096
(1.0, 0.001, 1, 0, 0, 0.25, 0.01, 128, 1024, 1, 0.01, 4063380232) : -0.6428168772350855
(1.0, 0.001, 1, 0, 0, 0.25, 0.01, 128, 1024, 2, 0.01, 4063380232) : -0.6343551782963859
(1.0, 0.001, 1, 0, 0, 0.25, 0.01, 128, 1024, 3, 0.01, 4063380232) : -0.63135163766943
(1.0, 0.001, 1, 0, 0, 0.25, 0.01, 128, 1024, 4, 0.01, 4063380232) : -0.6332366183387609
(1.0, 0.001, 1, 0, 0, 0.25, 0.01, 128, 1024, 5, 0.01, 4063380232) : -0.6368822952376866
(1.0, 0.001, 1, 0, 0, 0.25, 0.01, 128, 1024, 6, 0.01, 4063380232) : -0.6403489433603258
(1.0, 0.001, 1, 0, 0, 0.25, 0.01, 128, 1024, 7, 0.01, 4063380232) : -0.638500952107583
(1.0, 0.001, 1, 0, 0, 0.25, 0.01, 128, 1024, 8, 0.01, 4063380232) : -0.6394671156688648
(1.0, 0.001, 1, 0, 0, 0.25, 0.01, 128, 1024, 9, 0.01, 4063380232) : -0.6409896000556321
(1.0, 0.001, 1, 0, 0, 0.25, 0.01, 128, 1024, 10, 0.01, 4063380232) : -0.6425683083556133
(1.0, 0.001, 1, 0, 0, 0.25, 0.01, 128, 1024, 11, 0.01, 4063380232) : -0.6439102843894305
(1.0, 0.001, 1, 0, 0, 0.25, 0.01, 128, 1024, 12, 0.01, 4063380232) : -0.6400974153275265
(1.0, 0.001, 1, 0, 0, 0.25, 0.01, 128, 1024, 13, 0.01, 4063380232) : -0.6386104407806839
(1.0, 0.001, 1, 0, 0, 0.25, 0.01, 128, 1024, 14, 0.01, 4063380232) : -0.6409289374124275
(1.0, 0.001, 1, 0, 0, 0.25, 0.01, 128, 1024, 15, 0.01, 4063380232) : -0.644675225524473
(1.0, 0.001, 1, 0, 0, 0.25, 0.01, 128, 1024, 16, 0.01, 4063380232) : -0.644562777698045
(1.0, 0.001, 1, 0, 0, 0.25, 0.01, 128, 1024, 17, 0.01, 4063380232) : -0.6433717184839074
(1.0, 0.001, 1, 0, 0, 0.25, 0.01, 128, 1024, 18, 0.01, 4063380232) : -0.6353464946609476
(1.0, 0.001, 1, 0, 0, 0.25, 0.01, 128, 1024, 19, 0.01, 4063380232) : -0.6319020401882613
(1.0, 0.001, 1, 0, 0, 0.25, 0.01, 128, 1024, 20, 0.01, 4063380232) : -0.6399095090912588
(1.0, 0.001, 1, 0, 0, 0.25, 0.01, 128, 1024, 21, 0.01, 4063380232) : -0.6405871552031532
(1.0, 0.001, 1, 0, 0, 0.25, 0.01, 128, 1024, 22, 0.01, 4063380232) : -0.6428908560682618
(1.0, 0.001, 1, 0, 0, 0.25, 0.01, 128, 1024, 23, 0.01, 4063380232) : -0.6453173617964428
(1.0, 0.001, 1, 0, 0, 0.25, 0.01, 128, 1024, 24, 0.01, 4063380232) : -0.6380378446118996
(1.0, 0.001, 1, 0, 0, 0.25, 0.01, 128, 1024, 25, 0.01, 4063380232) : -0.6346821647390248
(1.0, 0.001, 1, 0, 0, 0.25, 0.01, 128, 1024, 26, 0.01, 4063380232) : -0.6318694895016638
(1.0, 0.001, 1, 0, 0, 0.25, 0.01, 128, 1024, 27, 0.01, 4063380232) : -0.6310897525999861
(1.0, 0.001, 1, 0, 0, 0.25, 0.01, 128, 1024, 28, 0.01, 4063380232) : -0.6313353623261313
(1.0, 0.001, 1, 0, 0, 0.25, 0.01, 128, 1024, 29, 0.01, 4063380232) : -0.6234344229429076
(1.0, 0.001, 1, 0, 0, 0.25, 0.01, 128, 1024, 30, 0.01, 4063380232) : -0.6269232647154996
(1.0, 0.001, 1, 0, 0, 0.25, 0.01, 128, 1024, 31, 0.01, 4063380232) : -0.6216485739100328
(1.0, 0.001, 1, 0, 0, 0.25, 0.01, 128, 1024, 32, 0.01, 4063380232) : -0.6241816091579877
(1.0, 0.001, 1, 0, 0, 0.25, 0.01, 128, 1024, 33, 0.01, 4063380232) : -0.6266732162593639
(1.0, 0.001, 1, 0, 0, 0.25, 0.01, 128, 1024, 1, 0.001, 4063380233) : -0.6385778900940863
(1.0, 0.001, 1, 0, 0, 0.25, 0.01, 128, 1024, 2, 0.001, 4063380233) : -0.6392570157826443
(1.0, 0.001, 1, 0, 0, 0.25, 0.01, 128, 1024, 3, 0.001, 4063380233) : -0.6383825859745009
(1.0, 0.001, 1, 0, 0, 0.25, 0.01, 128, 1024, 4, 0.001, 4063380233) : -0.6379623862020599
(1.0, 0.001, 1, 0, 0, 0.25, 0.01, 128, 1024, 5, 0.001, 4063380233) : -0.6386518689272626
(1.0, 0.001, 1, 0, 0, 0.25, 0.01, 128, 1024, 6, 0.001, 4063380233) : -0.6388353364335396
(1.0, 0.001, 1, 0, 0, 0.25, 0.01, 128, 1024, 7, 0.001, 4063380233) : -0.6359664372829646
(1.0, 0.001, 1, 0, 0, 0.25, 0.01, 128, 1024, 8, 0.001, 4063380233) : -0.6370968338538977
(1.0, 0.001, 1, 0, 0, 0.25, 0.01, 128, 1024, 9, 0.001, 4063380233) : -0.6378321834556696
(1.0, 0.001, 1, 0, 0, 0.25, 0.01, 128, 1024, 10, 0.001, 4063380233) : -0.6389625800266028
(1.0, 0.001, 1, 0, 0, 0.25, 0.01, 128, 1024, 11, 0.001, 4063380233) : -0.6408194487393267
(1.0, 0.001, 1, 0, 0, 0.25, 0.01, 128, 1024, 12, 0.001, 4063380233) : -0.6428982539515794
(1.0, 0.001, 1, 0, 0, 0.25, 0.01, 128, 1024, 13, 0.001, 4063380233) : -0.6415636758010798
(1.0, 0.001, 1, 0, 0, 0.25, 0.01, 128, 1024, 14, 0.001, 4063380233) : -0.6412869949650006
(1.0, 0.001, 1, 0, 0, 0.25, 0.01, 128, 1024, 15, 0.001, 4063380233) : -0.6429825898214003
(1.0, 0.001, 1, 0, 0, 0.25, 0.01, 128, 1024, 16, 0.001, 4063380233) : -0.6428272342717302
(1.0, 0.001, 1, 0, 0, 0.25, 0.01, 128, 1024, 17, 0.001, 4063380233) : -0.6420016304934832
(1.0, 0.001, 1, 0, 0, 0.25, 0.01, 128, 1024, 18, 0.001, 4063380233) : -0.6421037212832664
(1.0, 0.001, 1, 0, 0, 0.25, 0.01, 128, 1024, 19, 0.001, 4063380233) : -0.6414097998280732
(1.0, 0.001, 1, 0, 0, 0.25, 0.01, 128, 1024, 20, 0.001, 4063380233) : -0.642522441479044
(1.0, 0.001, 1, 0, 0, 0.25, 0.01, 128, 1024, 21, 0.001, 4063380233) : -0.6413861266014568
(1.0, 0.001, 1, 0, 0, 0.25, 0.01, 128, 1024, 22, 0.001, 4063380233) : -0.6382065163515415
(1.0, 0.001, 1, 0, 0, 0.25, 0.01, 128, 1024, 23, 0.001, 4063380233) : -0.6388013061702785
(1.0, 0.001, 1, 0, 0, 0.25, 0.01, 128, 1024, 24, 0.001, 4063380233) : -0.6389655391799298
(1.0, 0.001, 1, 0, 0, 0.25, 0.01, 128, 1024, 25, 0.001, 4063380233) : -0.6379623862020599
(1.0, 0.001, 1, 0, 0, 0.5, 0.01, 128, 1024, 1, 0.01, 4063380234) : -0.6483120249634174
(1.0, 0.001, 1, 0, 0, 0.5, 0.01, 128, 1024, 2, 0.01, 4063380234) : -0.643939875922701
(1.0, 0.001, 1, 0, 0, 0.5, 0.01, 128, 1024, 3, 0.01, 4063380234) : -0.6422368831829837
(1.0, 0.001, 1, 0, 0, 0.5, 0.01, 128, 1024, 4, 0.01, 4063380234) : -0.640338586323681
(1.0, 0.001, 1, 0, 0, 0.5, 0.01, 128, 1024, 5, 0.01, 4063380234) : -0.6404022081202126
(1.0, 0.001, 1, 0, 0, 0.5, 0.01, 128, 1024, 6, 0.01, 4063380234) : -0.6400781808309006
(1.0, 0.001, 1, 0, 0, 0.5, 0.01, 128, 1024, 7, 0.01, 4063380234) : -0.6448542543007595
(1.0, 0.001, 1, 0, 0, 0.5, 0.01, 128, 1024, 8, 0.01, 4063380234) : -0.6429100905648876
(1.0, 0.001, 1, 0, 0, 0.5, 0.01, 128, 1024, 9, 0.01, 4063380234) : -0.6416687257441901
(1.0, 0.001, 1, 0, 0, 0.5, 0.01, 128, 1024, 10, 0.01, 4063380234) : -0.6355033297872813
(1.0, 0.001, 1, 0, 0, 0.5, 0.01, 128, 1024, 11, 0.01, 4063380234) : -0.6365908186349721
(1.0, 0.001, 1, 0, 0, 0.5, 0.01, 128, 1024, 1, 0.001, 4063380235) : -0.6528439682837947
(1.0, 0.001, 1, 0, 0, 0.5, 0.01, 128, 1024, 2, 0.001, 4063380235) : -0.6516751027196098
(1.0, 0.001, 1, 0, 0, 0.5, 0.01, 128, 1024, 3, 0.001, 4063380235) : -0.6531206491198738
(1.0, 0.001, 1, 0, 0, 0.5, 0.01, 128, 1024, 4, 0.001, 4063380235) : -0.6552808310486203
(1.0, 0.001, 1, 0, 0, 0.5, 0.01, 128, 1024, 5, 0.001, 4063380235) : -0.652419329781363
(1.0, 0.001, 1, 0, 0, 0.5, 0.01, 128, 1024, 6, 0.001, 4063380235) : -0.6525776444843602
(1.0, 0.001, 1, 0, 0, 0.5, 0.01, 128, 1024, 7, 0.001, 4063380235) : -0.6526338683975741
(1.0, 0.001, 1, 0, 0, 0.5, 0.01, 128, 1024, 8, 0.001, 4063380235) : -0.6533277898527673
(1.0, 0.001, 1, 0, 0, 0.5, 0.01, 128, 1024, 9, 0.001, 4063380235) : -0.6521722404785543
(1.0, 0.001, 1, 0, 0, 0.5, 0.01, 128, 1024, 10, 0.001, 4063380235) : -0.6520124461988935
(1.0, 0.001, 1, 0, 0, 0.5, 0.01, 128, 1024, 11, 0.001, 4063380235) : -0.6508287848680735
(1.0, 0.001, 1, 0, 0, 0.5, 0.01, 128, 1024, 12, 0.001, 4063380235) : -0.653160597689789
(1.0, 0.001, 1, 0, 0, 0.5, 0.01, 128, 1024, 13, 0.001, 4063380235) : -0.6531354448865091
(1.0, 0.001, 1, 0, 0, 0.5, 0.01, 128, 1024, 14, 0.001, 4063380235) : -0.6518999983724657
(1.0, 0.001, 1, 64, 0, 0.25, 0.01, 128, 1024, 1, 0.01, 4063380236) : -0.6392215059427196
(1.0, 0.001, 1, 64, 0, 0.25, 0.01, 128, 1024, 2, 0.01, 4063380236) : -0.6380837114884689
(1.0, 0.001, 1, 64, 0, 0.25, 0.01, 128, 1024, 3, 0.01, 4063380236) : -0.6321935167909758
(1.0, 0.001, 1, 64, 0, 0.25, 0.01, 128, 1024, 4, 0.01, 4063380236) : -0.6307109809741237
(1.0, 0.001, 1, 64, 0, 0.25, 0.01, 128, 1024, 5, 0.01, 4063380236) : -0.6296086963597975
(1.0, 0.001, 1, 64, 0, 0.25, 0.01, 128, 1024, 6, 0.01, 4063380236) : -0.6302952199316731
(1.0, 0.001, 1, 64, 0, 0.25, 0.01, 128, 1024, 7, 0.01, 4063380236) : -0.6330265184525403
(1.0, 0.001, 1, 64, 0, 0.25, 0.01, 128, 1024, 8, 0.01, 4063380236) : -0.6336405427679033
(1.0, 0.001, 1, 64, 0, 0.25, 0.01, 128, 1024, 9, 0.01, 4063380236) : -0.6364472996986102
(1.0, 0.001, 1, 64, 0, 0.25, 0.01, 128, 1024, 10, 0.01, 4063380236) : -0.6373350456967253
(1.0, 0.001, 1, 64, 0, 0.25, 0.01, 128, 1024, 11, 0.01, 4063380236) : -0.6408549585792513
(1.0, 0.001, 1, 64, 0, 0.25, 0.01, 128, 1024, 12, 0.01, 4063380236) : -0.6417811735706179
(1.0, 0.001, 1, 64, 0, 0.25, 0.01, 128, 1024, 13, 0.01, 4063380236) : -0.6413269435349158
(1.0, 0.001, 1, 64, 0, 0.25, 0.01, 128, 1024, 14, 0.01, 4063380236) : -0.6380896297951231
(1.0, 0.001, 1, 64, 0, 0.25, 0.01, 128, 1024, 15, 0.01, 4063380236) : -0.6343625761797035
(1.0, 0.001, 1, 64, 0, 0.25, 0.01, 128, 1024, 16, 0.01, 4063380236) : -0.633476309758252
(1.0, 0.001, 1, 64, 0, 0.25, 0.01, 128, 1024, 17, 0.01, 4063380236) : -0.6297078279962537
(1.0, 0.001, 1, 64, 0, 0.25, 0.01, 128, 1024, 18, 0.01, 4063380236) : -0.6277814191803441
(1.0, 0.001, 1, 64, 0, 0.25, 0.01, 128, 1024, 19, 0.01, 4063380236) : -0.6281572316528795
(1.0, 0.001, 1, 64, 0, 0.25, 0.01, 128, 1024, 20, 0.01, 4063380236) : -0.6267679091658295
(1.0, 0.001, 1, 64, 0, 0.25, 0.01, 128, 1024, 21, 0.01, 4063380236) : -0.6282090168361029
(1.0, 0.001, 1, 64, 0, 0.25, 0.01, 128, 1024, 22, 0.01, 4063380236) : -0.6290553346876392
(1.0, 0.001, 1, 64, 0, 0.25, 0.01, 128, 1024, 1, 0.001, 4063380237) : -0.64048506441337
(1.0, 0.001, 1, 64, 0, 0.25, 0.01, 128, 1024, 2, 0.001, 4063380237) : -0.6378647341422672
(1.0, 0.001, 1, 64, 0, 0.25, 0.01, 128, 1024, 3, 0.001, 4063380237) : -0.6349159378518618
(1.0, 0.001, 1, 64, 0, 0.25, 0.01, 128, 1024, 4, 0.001, 4063380237) : -0.6354530241807214
(1.0, 0.001, 1, 64, 0, 0.25, 0.01, 128, 1024, 5, 0.001, 4063380237) : -0.6382523832281107
(1.0, 0.001, 1, 64, 0, 0.25, 0.01, 128, 1024, 6, 0.001, 4063380237) : -0.6375776962695433
(1.0, 0.001, 1, 64, 0, 0.25, 0.01, 128, 1024, 7, 0.001, 4063380237) : -0.6367861227545575
(1.0, 0.001, 1, 64, 0, 0.25, 0.01, 128, 1024, 8, 0.001, 4063380237) : -0.6367417354546517
(1.0, 0.001, 1, 64, 0, 0.25, 0.01, 128, 1024, 9, 0.001, 4063380237) : -0.6360108245828704
(1.0, 0.001, 1, 64, 0, 0.25, 0.01, 128, 1024, 10, 0.001, 4063380237) : -0.6361543435192323
(1.0, 0.001, 1, 64, 0, 0.25, 0.01, 128, 1024, 11, 0.001, 4063380237) : -0.6342723220032285
(1.0, 0.001, 1, 64, 0, 0.5, 0.01, 128, 1024, 1, 0.01, 4063380238) : -0.6455230229526728
(1.0, 0.001, 1, 64, 0, 0.5, 0.01, 128, 1024, 2, 0.01, 4063380238) : -0.6419394882736151
(1.0, 0.001, 1, 64, 0, 0.5, 0.01, 128, 1024, 3, 0.01, 4063380238) : -0.6325752475701653
(1.0, 0.001, 1, 64, 0, 0.5, 0.01, 128, 1024, 4, 0.01, 4063380238) : -0.6279560092266401
(1.0, 0.001, 1, 64, 0, 0.5, 0.01, 128, 1024, 5, 0.01, 4063380238) : -0.6233900356430018
(1.0, 0.001, 1, 64, 0, 0.5, 0.01, 128, 1024, 6, 0.01, 4063380238) : -0.6221679053189302
(1.0, 0.001, 1, 64, 0, 0.5, 0.01, 128, 1024, 7, 0.01, 4063380238) : -0.621246129057554
(1.0, 0.001, 1, 64, 0, 0.5, 0.01, 128, 1024, 8, 0.01, 4063380238) : -0.6239138057818897
(1.0, 0.001, 1, 64, 0, 0.5, 0.01, 128, 1024, 9, 0.01, 4063380238) : -0.6199041530237368
(1.0, 0.001, 1, 64, 0, 0.5, 0.01, 128, 1024, 10, 0.01, 4063380238) : -0.6166194928307113
(1.0, 0.001, 1, 64, 0, 0.5, 0.01, 128, 1024, 11, 0.01, 4063380238) : -0.6167215836204945
(1.0, 0.001, 1, 64, 0, 0.5, 0.01, 128, 1024, 1, 0.001, 4063380239) : -0.6450022119671119
(1.0, 0.001, 1, 64, 0, 0.5, 0.01, 128, 1024, 2, 0.001, 4063380239) : -0.6465572470404768
(1.0, 0.001, 1, 64, 0, 0.5, 0.01, 128, 1024, 3, 0.001, 4063380239) : -0.6525362163377815
(1.0, 0.001, 1, 64, 0, 0.5, 0.01, 128, 1024, 4, 0.001, 4063380239) : -0.6523497896781772
(1.0, 0.001, 1, 64, 0, 0.5, 0.01, 128, 1024, 5, 0.001, 4063380239) : -0.6529638139935402
(1.0, 0.001, 1, 64, 0, 0.5, 0.01, 128, 1024, 6, 0.001, 4063380239) : -0.6521426489452837
(1.0, 0.001, 1, 64, 0, 0.5, 0.01, 128, 1024, 7, 0.001, 4063380239) : -0.652185556668526
(1.0, 0.001, 1, 64, 0, 0.5, 0.01, 128, 1024, 8, 0.001, 4063380239) : -0.6528010605605524
(1.0, 0.001, 1, 64, 0, 0.5, 0.01, 128, 1024, 9, 0.001, 4063380239) : -0.6551328733822679
(1.0, 0.001, 1, 64, 0, 0.5, 0.01, 128, 1024, 10, 0.001, 4063380239) : -0.6557528160042848
(1.0, 0.001, 1, 64, 0, 0.5, 0.01, 128, 1024, 11, 0.001, 4063380239) : -0.656736734485529
(1.0, 0.001, 1, 64, 0, 0.5, 0.01, 128, 1024, 12, 0.001, 4063380239) : -0.6545943074767447
(1.0, 0.001, 1, 64, 0, 0.5, 0.01, 128, 1024, 13, 0.001, 4063380239) : -0.6499439980232856
(1.0, 0.001, 1, 64, 0, 0.5, 0.01, 128, 1024, 14, 0.001, 4063380239) : -0.6516972963695628
(1.0, 0.001, 1, 64, 0, 0.5, 0.01, 128, 1024, 15, 0.001, 4063380239) : -0.6524326459713347
(1.0, 0.001, 1, 64, 0, 0.5, 0.01, 128, 1024, 16, 0.001, 4063380239) : -0.6527344796106938
(1.0, 0.001, 1, 64, 0, 0.5, 0.01, 128, 1024, 17, 0.001, 4063380239) : -0.652571726177706
(1.0, 0.001, 1, 64, 0, 0.5, 0.01, 128, 1024, 18, 0.001, 4063380239) : -0.6503198104958209
(1.0, 0.001, 1, 64, 0, 0.5, 0.01, 128, 1024, 19, 0.001, 4063380239) : -0.6516721435662828
(1.0, 0.001, 1, 64, 0, 0.5, 0.01, 128, 1024, 20, 0.001, 4063380239) : -0.6515227063232668
(1.0, 0.001, 1, 64, 0, 0.5, 0.01, 128, 1024, 21, 0.001, 4063380239) : -0.6513481162769709
(1.0, 0.001, 1, 128, 0, 0.25, 0.01, 128, 1024, 1, 0.01, 4063380240) : -0.6453114434897887
(1.0, 0.001, 1, 128, 0, 0.25, 0.01, 128, 1024, 2, 0.01, 4063380240) : -0.6367284192646799
(1.0, 0.001, 1, 128, 0, 0.25, 0.01, 128, 1024, 3, 0.01, 4063380240) : -0.6340163552404386
(1.0, 0.001, 1, 128, 0, 0.25, 0.01, 128, 1024, 4, 0.01, 4063380240) : -0.6322571385875073
(1.0, 0.001, 1, 128, 0, 0.25, 0.01, 128, 1024, 5, 0.01, 4063380240) : -0.626744235939213
(1.0, 0.001, 1, 128, 0, 0.25, 0.01, 128, 1024, 6, 0.01, 4063380240) : -0.6211943438743307
(1.0, 0.001, 1, 128, 0, 0.25, 0.01, 128, 1024, 7, 0.01, 4063380240) : -0.6238013579554618
(1.0, 0.001, 1, 128, 0, 0.25, 0.01, 128, 1024, 8, 0.01, 4063380240) : -0.6302759854350474
(1.0, 0.001, 1, 128, 0, 0.25, 0.01, 128, 1024, 9, 0.01, 4063380240) : -0.6286173799952358
(1.0, 0.001, 1, 128, 0, 0.25, 0.01, 128, 1024, 10, 0.01, 4063380240) : -0.6271096913751038
(1.0, 0.001, 1, 128, 0, 0.25, 0.01, 128, 1024, 11, 0.01, 4063380240) : -0.6257100118514091
(1.0, 0.001, 1, 128, 0, 0.25, 0.01, 128, 1024, 1, 0.001, 4063380241) : -0.6419602023469045
(1.0, 0.001, 1, 128, 0, 0.25, 0.01, 128, 1024, 2, 0.001, 4063380241) : -0.6385453394074887
(1.0, 0.001, 1, 128, 0, 0.25, 0.01, 128, 1024, 3, 0.001, 4063380241) : -0.638148812861664
(1.0, 0.001, 1, 128, 0, 0.25, 0.01, 128, 1024, 4, 0.001, 4063380241) : -0.6405812368964992
(1.0, 0.001, 1, 128, 0, 0.25, 0.01, 128, 1024, 5, 0.001, 4063380241) : -0.6376797870593266
(1.0, 0.001, 1, 128, 0, 0.25, 0.01, 128, 1024, 6, 0.001, 4063380241) : -0.639123853882927
(1.0, 0.001, 1, 128, 0, 0.25, 0.01, 128, 1024, 7, 0.001, 4063380241) : -0.640245372993879
(1.0, 0.001, 1, 128, 0, 0.25, 0.01, 128, 1024, 8, 0.001, 4063380241) : -0.6399627738511457
(1.0, 0.001, 1, 128, 0, 0.25, 0.01, 128, 1024, 9, 0.001, 4063380241) : -0.6401506800874134
(1.0, 0.001, 1, 128, 0, 0.25, 0.01, 128, 1024, 10, 0.001, 4063380241) : -0.6398562443313719
(1.0, 0.001, 1, 128, 0, 0.25, 0.01, 128, 1024, 11, 0.001, 4063380241) : -0.6403992489668856
(1.0, 0.001, 1, 128, 0, 0.5, 0.01, 128, 1024, 1, 0.01, 4063380242) : -0.6516455111863394
(1.0, 0.001, 1, 128, 0, 0.5, 0.01, 128, 1024, 2, 0.01, 4063380242) : -0.6477571837145956
(1.0, 0.001, 1, 128, 0, 0.5, 0.01, 128, 1024, 3, 0.01, 4063380242) : -0.6440404871358207
(1.0, 0.001, 1, 128, 0, 0.5, 0.01, 128, 1024, 4, 0.01, 4063380242) : -0.6459816917183655
(1.0, 0.001, 1, 128, 0, 0.5, 0.01, 128, 1024, 5, 0.01, 4063380242) : -0.6474227993886389
(1.0, 0.001, 1, 128, 0, 0.5, 0.01, 128, 1024, 6, 0.01, 4063380242) : -0.6420075488001373
(1.0, 0.001, 1, 128, 0, 0.5, 0.01, 128, 1024, 7, 0.01, 4063380242) : -0.6418314791771779
(1.0, 0.001, 1, 128, 0, 0.5, 0.01, 128, 1024, 8, 0.01, 4063380242) : -0.6401521596640769
(1.0, 0.001, 1, 128, 0, 0.5, 0.01, 128, 1024, 9, 0.01, 4063380242) : -0.6447329290143504
(1.0, 0.001, 1, 128, 0, 0.5, 0.01, 128, 1024, 10, 0.01, 4063380242) : -0.6381754452416075
(1.0, 0.001, 1, 128, 0, 0.5, 0.01, 128, 1024, 11, 0.01, 4063380242) : -0.6218808674462063
(1.0, 0.001, 1, 128, 0, 0.5, 0.01, 128, 1024, 1, 0.001, 4063380243) : -0.65085245809469
(1.0, 0.001, 1, 128, 0, 0.5, 0.01, 128, 1024, 2, 0.001, 4063380243) : -0.6498093565469047
(1.0, 0.001, 1, 128, 0, 0.5, 0.01, 128, 1024, 3, 0.001, 4063380243) : -0.6546342560466599
(1.0, 0.001, 1, 128, 0, 0.5, 0.01, 128, 1024, 4, 0.001, 4063380243) : -0.6549715995259436
(1.0, 0.001, 1, 128, 0, 0.5, 0.01, 128, 1024, 5, 0.001, 4063380243) : -0.6530067217167824
(1.0, 0.001, 1, 128, 0, 0.5, 0.01, 128, 1024, 6, 0.001, 4063380243) : -0.6536636537553875
(1.0, 0.001, 1, 128, 0, 0.5, 0.01, 128, 1024, 7, 0.001, 4063380243) : -0.6512874536337663
(1.0, 0.001, 1, 128, 0, 0.5, 0.01, 128, 1024, 8, 0.001, 4063380243) : -0.6518541314958964
(1.0, 0.001, 1, 128, 0, 0.5, 0.01, 128, 1024, 9, 0.001, 4063380243) : -0.6511276593541055
(1.0, 0.001, 1, 128, 0, 0.5, 0.01, 128, 1024, 10, 0.001, 4063380243) : -0.6494394623810236
(1.0, 0.001, 1, 128, 0, 0.5, 0.01, 128, 1024, 11, 0.001, 4063380243) : -0.6490636499084882
(1.0, 0.001, 1, 128, 0, 0.5, 0.01, 128, 1024, 12, 0.001, 4063380243) : -0.6464092893741242
(1.0, 0.001, 1, 128, 0, 0.5, 0.01, 128, 1024, 13, 0.001, 4063380243) : -0.6468901517897699
(1.0, 0.001, 1, 128, 0, 0.5, 0.01, 128, 1024, 14, 0.001, 4063380243) : -0.6467407145467539
(1.0, 0.01, 0.1, 0, 0, 0.25, 0.01, 128, 1024, 1, 0.01, 4063380244) : -0.6341406396801748
(1.0, 0.01, 0.1, 0, 0, 0.25, 0.01, 128, 1024, 2, 0.01, 4063380244) : -0.6363629638287893
(1.0, 0.01, 0.1, 0, 0, 0.25, 0.01, 128, 1024, 3, 0.01, 4063380244) : -0.6300141003656033
(1.0, 0.01, 0.1, 0, 0, 0.25, 0.01, 128, 1024, 4, 0.01, 4063380244) : -0.6366263284748968
(1.0, 0.01, 0.1, 0, 0, 0.25, 0.01, 128, 1024, 5, 0.01, 4063380244) : -0.6402246589205897
(1.0, 0.01, 0.1, 0, 0, 0.25, 0.01, 128, 1024, 6, 0.01, 4063380244) : -0.642815397658422
(1.0, 0.01, 0.1, 0, 0, 0.25, 0.01, 128, 1024, 7, 0.01, 4063380244) : -0.6446841029844541
(1.0, 0.01, 0.1, 0, 0, 0.25, 0.01, 128, 1024, 8, 0.01, 4063380244) : -0.639064670816386
(1.0, 0.01, 0.1, 0, 0, 0.25, 0.01, 128, 1024, 9, 0.01, 4063380244) : -0.6370302529040391
(1.0, 0.01, 0.1, 0, 0, 0.25, 0.01, 128, 1024, 10, 0.01, 4063380244) : -0.6403208314037188
(1.0, 0.01, 0.1, 0, 0, 0.25, 0.01, 128, 1024, 11, 0.01, 4063380244) : -0.6435300331869046
(1.0, 0.01, 0.1, 0, 0, 0.25, 0.01, 128, 1024, 12, 0.01, 4063380244) : -0.646301280277687
(1.0, 0.01, 0.1, 0, 0, 0.25, 0.01, 128, 1024, 13, 0.01, 4063380244) : -0.6455866447492044
(1.0, 0.01, 0.1, 0, 0, 0.25, 0.01, 128, 1024, 14, 0.01, 4063380244) : -0.6445021150548406
(1.0, 0.01, 0.1, 0, 0, 0.25, 0.01, 128, 1024, 15, 0.01, 4063380244) : -0.6417086743141053
(1.0, 0.01, 0.1, 0, 0, 0.25, 0.01, 128, 1024, 16, 0.01, 4063380244) : -0.6394079326023239
(1.0, 0.01, 0.1, 0, 0, 0.25, 0.01, 128, 1024, 17, 0.01, 4063380244) : -0.6380733544518242
(1.0, 0.01, 0.1, 0, 0, 0.25, 0.01, 128, 1024, 18, 0.01, 4063380244) : -0.6401921082339921
(1.0, 0.01, 0.1, 0, 0, 0.25, 0.01, 128, 1024, 19, 0.01, 4063380244) : -0.6411730675619092
(1.0, 0.01, 0.1, 0, 0, 0.25, 0.01, 128, 1024, 20, 0.01, 4063380244) : -0.6393058418125406
(1.0, 0.01, 0.1, 0, 0, 0.25, 0.01, 128, 1024, 21, 0.01, 4063380244) : -0.6392525770526537
(1.0, 0.01, 0.1, 0, 0, 0.25, 0.01, 128, 1024, 22, 0.01, 4063380244) : -0.6399420597778563
(1.0, 0.01, 0.1, 0, 0, 0.25, 0.01, 128, 1024, 1, 0.001, 4063380245) : -0.6410058753989308
(1.0, 0.01, 0.1, 0, 0, 0.25, 0.01, 128, 1024, 2, 0.001, 4063380245) : -0.6410369465088649
(1.0, 0.01, 0.1, 0, 0, 0.25, 0.01, 128, 1024, 3, 0.001, 4063380245) : -0.6402172610372721
(1.0, 0.01, 0.1, 0, 0, 0.25, 0.01, 128, 1024, 4, 0.001, 4063380245) : -0.6396298691018526
(1.0, 0.01, 0.1, 0, 0, 0.25, 0.01, 128, 1024, 5, 0.001, 4063380245) : -0.639622471218535
(1.0, 0.01, 0.1, 0, 0, 0.25, 0.01, 128, 1024, 6, 0.001, 4063380245) : -0.6393517086891098
(1.0, 0.01, 0.1, 0, 0, 0.25, 0.01, 128, 1024, 7, 0.001, 4063380245) : -0.6391445679562163
(1.0, 0.01, 0.1, 0, 0, 0.25, 0.01, 128, 1024, 8, 0.001, 4063380245) : -0.6393783410690533
(1.0, 0.01, 0.1, 0, 0, 0.25, 0.01, 128, 1024, 9, 0.001, 4063380245) : -0.6406522565763484
(1.0, 0.01, 0.1, 0, 0, 0.25, 0.01, 128, 1024, 10, 0.001, 4063380245) : -0.6402039448473003
(1.0, 0.01, 0.1, 0, 0, 0.25, 0.01, 128, 1024, 11, 0.001, 4063380245) : -0.6400855787142183
(1.0, 0.01, 0.1, 0, 0, 0.25, 0.01, 128, 1024, 12, 0.001, 4063380245) : -0.6401462413574228
(1.0, 0.01, 0.1, 0, 0, 0.5, 0.01, 128, 1024, 1, 0.01, 4063380246) : -0.6323518314939729
(1.0, 0.01, 0.1, 0, 0, 0.5, 0.01, 128, 1024, 2, 0.01, 4063380246) : -0.626065110250655
(1.0, 0.01, 0.1, 0, 0, 0.5, 0.01, 128, 1024, 3, 0.01, 4063380246) : -0.6336701343011737
(1.0, 0.01, 0.1, 0, 0, 0.5, 0.01, 128, 1024, 4, 0.01, 4063380246) : -0.6382538628047743
(1.0, 0.01, 0.1, 0, 0, 0.5, 0.01, 128, 1024, 5, 0.01, 4063380246) : -0.6432666685407971
(1.0, 0.01, 0.1, 0, 0, 0.5, 0.01, 128, 1024, 6, 0.01, 4063380246) : -0.6322748935074697
(1.0, 0.01, 0.1, 0, 0, 0.5, 0.01, 128, 1024, 7, 0.01, 4063380246) : -0.6244582899940669
(1.0, 0.01, 0.1, 0, 0, 0.5, 0.01, 128, 1024, 8, 0.01, 4063380246) : -0.6170899982097122
(1.0, 0.01, 0.1, 0, 0, 0.5, 0.01, 128, 1024, 9, 0.01, 4063380246) : -0.6160927635384964
(1.0, 0.01, 0.1, 0, 0, 0.5, 0.01, 128, 1024, 10, 0.01, 4063380246) : -0.6133126389877328
(1.0, 0.01, 0.1, 0, 0, 0.5, 0.01, 128, 1024, 11, 0.01, 4063380246) : -0.6239715092717671
(1.0, 0.01, 0.1, 0, 0, 0.5, 0.01, 128, 1024, 12, 0.01, 4063380246) : -0.619355230081569
(1.0, 0.01, 0.1, 0, 0, 0.5, 0.01, 128, 1024, 13, 0.01, 4063380246) : -0.6184704432367811
(1.0, 0.01, 0.1, 0, 0, 0.5, 0.01, 128, 1024, 14, 0.01, 4063380246) : -0.6085898302777609
(1.0, 0.01, 0.1, 0, 0, 0.5, 0.01, 128, 1024, 15, 0.01, 4063380246) : -0.6109645508227186
(1.0, 0.01, 0.1, 0, 0, 0.5, 0.01, 128, 1024, 1, 0.001, 4063380247) : -0.6400012428443974
(1.0, 0.01, 0.1, 0, 0, 0.5, 0.01, 128, 1024, 2, 0.001, 4063380247) : -0.6406285833497319
(1.0, 0.01, 0.1, 0, 0, 0.5, 0.01, 128, 1024, 3, 0.001, 4063380247) : -0.641070976772126
(1.0, 0.01, 0.1, 0, 0, 0.5, 0.01, 128, 1024, 4, 0.001, 4063380247) : -0.6420889255166312
(1.0, 0.01, 0.1, 0, 0, 0.5, 0.01, 128, 1024, 5, 0.001, 4063380247) : -0.6404007285435491
(1.0, 0.01, 0.1, 0, 0, 0.5, 0.01, 128, 1024, 6, 0.001, 4063380247) : -0.6405856756264897
(1.0, 0.01, 0.1, 0, 0, 0.5, 0.01, 128, 1024, 7, 0.001, 4063380247) : -0.6381976388915603
(1.0, 0.01, 0.1, 0, 0, 0.5, 0.01, 128, 1024, 8, 0.001, 4063380247) : -0.6370435690940108
(1.0, 0.01, 0.1, 0, 0, 0.5, 0.01, 128, 1024, 9, 0.001, 4063380247) : -0.6379727432387046
(1.0, 0.01, 0.1, 0, 0, 0.5, 0.01, 128, 1024, 10, 0.001, 4063380247) : -0.6343832902529928
(1.0, 0.01, 0.1, 0, 0, 0.5, 0.01, 128, 1024, 11, 0.001, 4063380247) : -0.6331330479723142
(1.0, 0.01, 0.1, 0, 0, 0.5, 0.01, 128, 1024, 12, 0.001, 4063380247) : -0.6346052267525216
(1.0, 0.01, 0.1, 0, 0, 0.5, 0.01, 128, 1024, 13, 0.001, 4063380247) : -0.6347665006088458
(1.0, 0.01, 0.1, 0, 0, 0.5, 0.01, 128, 1024, 14, 0.001, 4063380247) : -0.6332543732587232
(1.0, 0.01, 0.1, 64, 0, 0.25, 0.01, 128, 1024, 1, 0.01, 4063380248) : -0.6296086963597975
(1.0, 0.01, 0.1, 64, 0, 0.25, 0.01, 128, 1024, 2, 0.01, 4063380248) : -0.6317762761718617
(1.0, 0.01, 0.1, 64, 0, 0.25, 0.01, 128, 1024, 3, 0.01, 4063380248) : -0.6377789186957827
(1.0, 0.01, 0.1, 64, 0, 0.25, 0.01, 128, 1024, 4, 0.01, 4063380248) : -0.618969060572389
(1.0, 0.01, 0.1, 64, 0, 0.25, 0.01, 128, 1024, 5, 0.01, 4063380248) : -0.6132268235412484
(1.0, 0.01, 0.1, 64, 0, 0.25, 0.01, 128, 1024, 6, 0.01, 4063380248) : -0.6077242779295988
(1.0, 0.01, 0.1, 64, 0, 0.25, 0.01, 128, 1024, 7, 0.01, 4063380248) : -0.6043863529766863
(1.0, 0.01, 0.1, 64, 0, 0.25, 0.01, 128, 1024, 8, 0.01, 4063380248) : -0.6021729062880529
(1.0, 0.01, 0.1, 64, 0, 0.25, 0.01, 128, 1024, 9, 0.01, 4063380248) : -0.6070895395409466
(1.0, 0.01, 0.1, 64, 0, 0.25, 0.01, 128, 1024, 10, 0.01, 4063380248) : -0.6009966428405504
(1.0, 0.01, 0.1, 64, 0, 0.25, 0.01, 128, 1024, 11, 0.01, 4063380248) : -0.5971245907121054
(1.0, 0.01, 0.1, 64, 0, 0.25, 0.01, 128, 1024, 12, 0.01, 4063380248) : -0.6048198689390991
(1.0, 0.01, 0.1, 64, 0, 0.25, 0.01, 128, 1024, 13, 0.01, 4063380248) : -0.6116969412711635
(1.0, 0.01, 0.1, 64, 0, 0.25, 0.01, 128, 1024, 1, 0.001, 4063380249) : -0.6374874420930683
(1.0, 0.01, 0.1, 64, 0, 0.25, 0.01, 128, 1024, 2, 0.001, 4063380249) : -0.6387820716736528
(1.0, 0.01, 0.1, 64, 0, 0.25, 0.01, 128, 1024, 3, 0.001, 4063380249) : -0.6403459842069987
(1.0, 0.01, 0.1, 64, 0, 0.25, 0.01, 128, 1024, 4, 0.001, 4063380249) : -0.6381932001615698
(1.0, 0.01, 0.1, 64, 0, 0.25, 0.01, 128, 1024, 5, 0.001, 4063380249) : -0.6406093488531062
(1.0, 0.01, 0.1, 64, 0, 0.25, 0.01, 128, 1024, 6, 0.001, 4063380249) : -0.6408830705358582
(1.0, 0.01, 0.1, 64, 0, 0.25, 0.01, 128, 1024, 7, 0.001, 4063380249) : -0.6394020142956697
(1.0, 0.01, 0.1, 64, 0, 0.25, 0.01, 128, 1024, 8, 0.001, 4063380249) : -0.6388294181268855
(1.0, 0.01, 0.1, 64, 0, 0.25, 0.01, 128, 1024, 9, 0.001, 4063380249) : -0.6389803349465651
(1.0, 0.01, 0.1, 64, 0, 0.25, 0.01, 128, 1024, 10, 0.001, 4063380249) : -0.6391712003361598
(1.0, 0.01, 0.1, 64, 0, 0.25, 0.01, 128, 1024, 11, 0.001, 4063380249) : -0.6397142049716735
(1.0, 0.01, 0.1, 64, 0, 0.25, 0.01, 128, 1024, 12, 0.001, 4063380249) : -0.6383589127478846
(1.0, 0.01, 0.1, 64, 0, 0.25, 0.01, 128, 1024, 13, 0.001, 4063380249) : -0.6385394211008346
(1.0, 0.01, 0.1, 64, 0, 0.25, 0.01, 128, 1024, 14, 0.001, 4063380249) : -0.6386666646938978
(1.0, 0.01, 0.1, 64, 0, 0.25, 0.01, 128, 1024, 15, 0.001, 4063380249) : -0.6377508067391758
(1.0, 0.01, 0.1, 64, 0, 0.25, 0.01, 128, 1024, 16, 0.001, 4063380249) : -0.6383944225878092
(1.0, 0.01, 0.1, 64, 0, 0.5, 0.01, 128, 1024, 1, 0.01, 4063380250) : -0.6187071755029451
(1.0, 0.01, 0.1, 64, 0, 0.5, 0.01, 128, 1024, 2, 0.01, 4063380250) : -0.6251670072158954
(1.0, 0.01, 0.1, 64, 0, 0.5, 0.01, 128, 1024, 3, 0.01, 4063380250) : -0.6222729552620404
(1.0, 0.01, 0.1, 64, 0, 0.5, 0.01, 128, 1024, 4, 0.01, 4063380250) : -0.6233042201965173
(1.0, 0.01, 0.1, 64, 0, 0.5, 0.01, 128, 1024, 5, 0.01, 4063380250) : -0.6268463267289963
(1.0, 0.01, 0.1, 64, 0, 0.5, 0.01, 128, 1024, 6, 0.01, 4063380250) : -0.6275994312507306
(1.0, 0.01, 0.1, 64, 0, 0.5, 0.01, 128, 1024, 7, 0.01, 4063380250) : -0.6252779754656598
(1.0, 0.01, 0.1, 64, 0, 0.5, 0.01, 128, 1024, 8, 0.01, 4063380250) : -0.6120683150137083
(1.0, 0.01, 0.1, 64, 0, 0.5, 0.01, 128, 1024, 9, 0.01, 4063380250) : -0.6104748109470918
(1.0, 0.01, 0.1, 64, 0, 0.5, 0.01, 128, 1024, 10, 0.01, 4063380250) : -0.5841427850663368
(1.0, 0.01, 0.1, 64, 0, 0.5, 0.01, 128, 1024, 11, 0.01, 4063380250) : -0.5752830800051489
(1.0, 0.01, 0.1, 64, 0, 0.5, 0.01, 128, 1024, 12, 0.01, 4063380250) : -0.6022986703044525
(1.0, 0.01, 0.1, 64, 0, 0.5, 0.01, 128, 1024, 13, 0.01, 4063380250) : -0.6218246435329924
(1.0, 0.01, 0.1, 64, 0, 0.5, 0.01, 128, 1024, 14, 0.01, 4063380250) : -0.6118049503676009
(1.0, 0.01, 0.1, 64, 0, 0.5, 0.01, 128, 1024, 15, 0.01, 4063380250) : -0.6000807848858285
(1.0, 0.01, 0.1, 64, 0, 0.5, 0.01, 128, 1024, 16, 0.01, 4063380250) : -0.593755594649259
(1.0, 0.01, 0.1, 64, 0, 0.5, 0.01, 128, 1024, 1, 0.001, 4063380251) : -0.6412973520016453
(1.0, 0.01, 0.1, 64, 0, 0.5, 0.01, 128, 1024, 2, 0.001, 4063380251) : -0.6434723296970271
(1.0, 0.01, 0.1, 64, 0, 0.5, 0.01, 128, 1024, 3, 0.001, 4063380251) : -0.6400278752243408
(1.0, 0.01, 0.1, 64, 0, 0.5, 0.01, 128, 1024, 4, 0.001, 4063380251) : -0.6374193815665462
(1.0, 0.01, 0.1, 64, 0, 0.5, 0.01, 128, 1024, 5, 0.001, 4063380251) : -0.642846468768356
(1.0, 0.01, 0.1, 64, 0, 0.5, 0.01, 128, 1024, 6, 0.001, 4063380251) : -0.6427813673951609
(1.0, 0.01, 0.1, 64, 0, 0.5, 0.01, 128, 1024, 7, 0.001, 4063380251) : -0.6427192251752929
(1.0, 0.01, 0.1, 64, 0, 0.5, 0.01, 128, 1024, 8, 0.001, 4063380251) : -0.6432281995475455
(1.0, 0.01, 0.1, 64, 0, 0.5, 0.01, 128, 1024, 9, 0.001, 4063380251) : -0.6392584953593078
(1.0, 0.01, 0.1, 64, 0, 0.5, 0.01, 128, 1024, 10, 0.001, 4063380251) : -0.6427221843286199
(1.0, 0.01, 0.1, 64, 0, 0.5, 0.01, 128, 1024, 11, 0.001, 4063380251) : -0.6426141752321826
(1.0, 0.01, 0.1, 64, 0, 0.5, 0.01, 128, 1024, 12, 0.001, 4063380251) : -0.641369851258158
(1.0, 0.01, 0.1, 128, 0, 0.25, 0.01, 128, 1024, 1, 0.01, 4063380252) : -0.6314049024293169
(1.0, 0.01, 0.1, 128, 0, 0.25, 0.01, 128, 1024, 2, 0.01, 4063380252) : -0.633417126691711
(1.0, 0.01, 0.1, 128, 0, 0.25, 0.01, 128, 1024, 3, 0.01, 4063380252) : -0.6362904645722766
(1.0, 0.01, 0.1, 128, 0, 0.25, 0.01, 128, 1024, 4, 0.01, 4063380252) : -0.6399820083477715
(1.0, 0.01, 0.1, 128, 0, 0.25, 0.01, 128, 1024, 5, 0.01, 4063380252) : -0.6395248191587423
(1.0, 0.01, 0.1, 128, 0, 0.25, 0.01, 128, 1024, 6, 0.01, 4063380252) : -0.6289991107744253
(1.0, 0.01, 0.1, 128, 0, 0.25, 0.01, 128, 1024, 7, 0.01, 4063380252) : -0.6217358689331809
(1.0, 0.01, 0.1, 128, 0, 0.25, 0.01, 128, 1024, 8, 0.01, 4063380252) : -0.6181242222975162
(1.0, 0.01, 0.1, 128, 0, 0.25, 0.01, 128, 1024, 9, 0.01, 4063380252) : -0.6199322649803438
(1.0, 0.01, 0.1, 128, 0, 0.25, 0.01, 128, 1024, 10, 0.01, 4063380252) : -0.6192472209851317
(1.0, 0.01, 0.1, 128, 0, 0.25, 0.01, 128, 1024, 11, 0.01, 4063380252) : -0.6258594490944251
(1.0, 0.01, 0.1, 128, 0, 0.25, 0.01, 128, 1024, 12, 0.01, 4063380252) : -0.6255768499516918
(1.0, 0.01, 0.1, 128, 0, 0.25, 0.01, 128, 1024, 13, 0.01, 4063380252) : -0.6246195638503911
(1.0, 0.01, 0.1, 128, 0, 0.25, 0.01, 128, 1024, 14, 0.01, 4063380252) : -0.6268078577357447
(1.0, 0.01, 0.1, 128, 0, 0.25, 0.01, 128, 1024, 1, 0.001, 4063380253) : -0.6402586891838508
(1.0, 0.01, 0.1, 128, 0, 0.25, 0.01, 128, 1024, 2, 0.001, 4063380253) : -0.6381976388915603
(1.0, 0.01, 0.1, 128, 0, 0.25, 0.01, 128, 1024, 3, 0.001, 4063380253) : -0.6380911093717866
(1.0, 0.01, 0.1, 128, 0, 0.25, 0.01, 128, 1024, 4, 0.001, 4063380253) : -0.6382568219581013
(1.0, 0.01, 0.1, 128, 0, 0.25, 0.01, 128, 1024, 5, 0.001, 4063380253) : -0.6401787920440204
(1.0, 0.01, 0.1, 128, 0, 0.25, 0.01, 128, 1024, 6, 0.001, 4063380253) : -0.6401639962773851
(1.0, 0.01, 0.1, 128, 0, 0.25, 0.01, 128, 1024, 7, 0.001, 4063380253) : -0.6391638024528422
(1.0, 0.01, 0.1, 128, 0, 0.25, 0.01, 128, 1024, 8, 0.001, 4063380253) : -0.6411760267152362
(1.0, 0.01, 0.1, 128, 0, 0.25, 0.01, 128, 1024, 9, 0.001, 4063380253) : -0.640070782947583
(1.0, 0.01, 0.1, 128, 0, 0.25, 0.01, 128, 1024, 10, 0.001, 4063380253) : -0.6411849041752173
(1.0, 0.01, 0.1, 128, 0, 0.25, 0.01, 128, 1024, 11, 0.001, 4063380253) : -0.6405013397566688
(1.0, 0.01, 0.1, 128, 0, 0.25, 0.01, 128, 1024, 12, 0.001, 4063380253) : -0.6402290976505802
(1.0, 0.01, 0.1, 128, 0, 0.25, 0.01, 128, 1024, 13, 0.001, 4063380253) : -0.6373454027333699
(1.0, 0.01, 0.1, 128, 0, 0.25, 0.01, 128, 1024, 14, 0.001, 4063380253) : -0.6388752850034548
(1.0, 0.01, 0.1, 128, 0, 0.25, 0.01, 128, 1024, 15, 0.001, 4063380253) : -0.6374489730998166
(1.0, 0.01, 0.1, 128, 0, 0.25, 0.01, 128, 1024, 16, 0.001, 4063380253) : -0.6409955183622862
(1.0, 0.01, 0.1, 128, 0, 0.25, 0.01, 128, 1024, 17, 0.001, 4063380253) : -0.6398606830613625
(1.0, 0.01, 0.1, 128, 0, 0.25, 0.01, 128, 1024, 18, 0.001, 4063380253) : -0.6378114693823803
(1.0, 0.01, 0.1, 128, 0, 0.25, 0.01, 128, 1024, 19, 0.001, 4063380253) : -0.637438616063172
(1.0, 0.01, 0.1, 128, 0, 0.25, 0.01, 128, 1024, 20, 0.001, 4063380253) : -0.6360877625693736
(1.0, 0.01, 0.1, 128, 0, 0.5, 0.01, 128, 1024, 1, 0.01, 4063380254) : -0.6236282474858293
(1.0, 0.01, 0.1, 128, 0, 0.5, 0.01, 128, 1024, 2, 0.01, 4063380254) : -0.6290864057975732
(1.0, 0.01, 0.1, 128, 0, 0.5, 0.01, 128, 1024, 3, 0.01, 4063380254) : -0.6282681999026438
(1.0, 0.01, 0.1, 128, 0, 0.5, 0.01, 128, 1024, 4, 0.01, 4063380254) : -0.625087110076065
(1.0, 0.01, 0.1, 128, 0, 0.5, 0.01, 128, 1024, 5, 0.01, 4063380254) : -0.6344350754362162
(1.0, 0.01, 0.1, 128, 0, 0.5, 0.01, 128, 1024, 6, 0.01, 4063380254) : -0.626002968030787
(1.0, 0.01, 0.1, 128, 0, 0.5, 0.01, 128, 1024, 7, 0.01, 4063380254) : -0.6250027742062441
(1.0, 0.01, 0.1, 128, 0, 0.5, 0.01, 128, 1024, 8, 0.01, 4063380254) : -0.6186687065096934
(1.0, 0.01, 0.1, 128, 0, 0.5, 0.01, 128, 1024, 9, 0.01, 4063380254) : -0.6233500870730867
(1.0, 0.01, 0.1, 128, 0, 0.5, 0.01, 128, 1024, 10, 0.01, 4063380254) : -0.6201734359764984
(1.0, 0.01, 0.1, 128, 0, 0.5, 0.01, 128, 1024, 11, 0.01, 4063380254) : -0.6086993189508618
(1.0, 0.01, 0.1, 128, 0, 0.5, 0.01, 128, 1024, 12, 0.01, 4063380254) : -0.6098578274784019
(1.0, 0.01, 0.1, 128, 0, 0.5, 0.01, 128, 1024, 13, 0.01, 4063380254) : -0.6118582151274877
(1.0, 0.01, 0.1, 128, 0, 0.5, 0.01, 128, 1024, 14, 0.01, 4063380254) : -0.6188373782493353
(1.0, 0.01, 0.1, 128, 0, 0.5, 0.01, 128, 1024, 15, 0.01, 4063380254) : -0.6133688629009468
(1.0, 0.01, 0.1, 128, 0, 0.5, 0.01, 128, 1024, 1, 0.001, 4063380255) : -0.6412943928483182
(1.0, 0.01, 0.1, 128, 0, 0.5, 0.01, 128, 1024, 2, 0.001, 4063380255) : -0.6452759336498641
(1.0, 0.01, 0.1, 128, 0, 0.5, 0.01, 128, 1024, 3, 0.001, 4063380255) : -0.6451353738668292
(1.0, 0.01, 0.1, 128, 0, 0.5, 0.01, 128, 1024, 4, 0.001, 4063380255) : -0.6413757695648121
(1.0, 0.01, 0.1, 128, 0, 0.5, 0.01, 128, 1024, 5, 0.001, 4063380255) : -0.6422132099563673
(1.0, 0.01, 0.1, 128, 0, 0.5, 0.01, 128, 1024, 6, 0.001, 4063380255) : -0.6407070009128988
(1.0, 0.01, 0.1, 128, 0, 0.5, 0.01, 128, 1024, 7, 0.001, 4063380255) : -0.6418462749438131
(1.0, 0.01, 0.1, 128, 0, 0.5, 0.01, 128, 1024, 8, 0.001, 4063380255) : -0.6404895031433606
(1.0, 0.01, 0.1, 128, 0, 0.5, 0.01, 128, 1024, 9, 0.001, 4063380255) : -0.6358199591932756
(1.0, 0.01, 0.1, 128, 0, 0.5, 0.01, 128, 1024, 10, 0.001, 4063380255) : -0.6362445976957073
(1.0, 0.01, 0.1, 128, 0, 0.5, 0.01, 128, 1024, 11, 0.001, 4063380255) : -0.6363614842521258
(1.0, 0.01, 0.1, 128, 0, 0.5, 0.01, 128, 1024, 12, 0.001, 4063380255) : -0.6357459803600993
(1.0, 0.01, 1, 0, 0, 0.25, 0.01, 128, 1024, 1, 0.01, 4063380256) : -0.641454187127979
(1.0, 0.01, 1, 0, 0, 0.25, 0.01, 128, 1024, 2, 0.01, 4063380256) : -0.6425757062389309
(1.0, 0.01, 1, 0, 0, 0.25, 0.01, 128, 1024, 3, 0.01, 4063380256) : -0.6381502924383275
(1.0, 0.01, 1, 0, 0, 0.25, 0.01, 128, 1024, 4, 0.01, 4063380256) : -0.6375303498163105
(1.0, 0.01, 1, 0, 0, 0.25, 0.01, 128, 1024, 5, 0.01, 4063380256) : -0.6402350159572343
(1.0, 0.01, 1, 0, 0, 0.25, 0.01, 128, 1024, 6, 0.01, 4063380256) : -0.6349011420852265
(1.0, 0.01, 1, 0, 0, 0.25, 0.01, 128, 1024, 7, 0.01, 4063380256) : -0.6364694933485631
(1.0, 0.01, 1, 0, 0, 0.25, 0.01, 128, 1024, 8, 0.01, 4063380256) : -0.6344025247496187
(1.0, 0.01, 1, 0, 0, 0.25, 0.01, 128, 1024, 9, 0.01, 4063380256) : -0.6347087971189683
(1.0, 0.01, 1, 0, 0, 0.25, 0.01, 128, 1024, 10, 0.01, 4063380256) : -0.6369459170342182
(1.0, 0.01, 1, 0, 0, 0.25, 0.01, 128, 1024, 11, 0.01, 4063380256) : -0.6379978960419844
(1.0, 0.01, 1, 0, 0, 0.25, 0.01, 128, 1024, 12, 0.01, 4063380256) : -0.6351852208046234
(1.0, 0.01, 1, 0, 0, 0.25, 0.01, 128, 1024, 1, 0.001, 4063380257) : -0.6399982836910703
(1.0, 0.01, 1, 0, 0, 0.25, 0.01, 128, 1024, 2, 0.001, 4063380257) : -0.6421244353565558
(1.0, 0.01, 1, 0, 0, 0.25, 0.01, 128, 1024, 3, 0.001, 4063380257) : -0.6418270404471873
(1.0, 0.01, 1, 0, 0, 0.25, 0.01, 128, 1024, 4, 0.001, 4063380257) : -0.6420504565233796
(1.0, 0.01, 1, 0, 0, 0.25, 0.01, 128, 1024, 5, 0.001, 4063380257) : -0.6416642870141995
(1.0, 0.01, 1, 0, 0, 0.25, 0.01, 128, 1024, 6, 0.001, 4063380257) : -0.6423404535494305
(1.0, 0.01, 1, 0, 0, 0.25, 0.01, 128, 1024, 7, 0.001, 4063380257) : -0.6433524839872815
(1.0, 0.01, 1, 0, 0, 0.25, 0.01, 128, 1024, 8, 0.001, 4063380257) : -0.6443171679718999
(1.0, 0.01, 1, 0, 0, 0.25, 0.01, 128, 1024, 9, 0.001, 4063380257) : -0.6443497186584974
(1.0, 0.01, 1, 0, 0, 0.25, 0.01, 128, 1024, 10, 0.001, 4063380257) : -0.6448157853075078
(1.0, 0.01, 1, 0, 0, 0.25, 0.01, 128, 1024, 11, 0.001, 4063380257) : -0.6445169108214758
(1.0, 0.01, 1, 0, 0, 0.25, 0.01, 128, 1024, 12, 0.001, 4063380257) : -0.6453025660298075
(1.0, 0.01, 1, 0, 0, 0.25, 0.01, 128, 1024, 13, 0.001, 4063380257) : -0.6455807264425503
(1.0, 0.01, 1, 0, 0, 0.25, 0.01, 128, 1024, 14, 0.001, 4063380257) : -0.6447196128243787
(1.0, 0.01, 1, 0, 0, 0.25, 0.01, 128, 1024, 15, 0.001, 4063380257) : -0.6439887019525973
(1.0, 0.01, 1, 0, 0, 0.25, 0.01, 128, 1024, 16, 0.001, 4063380257) : -0.6448054282708632
(1.0, 0.01, 1, 0, 0, 0.25, 0.01, 128, 1024, 17, 0.001, 4063380257) : -0.6447980303875455
(1.0, 0.01, 1, 0, 0, 0.25, 0.01, 128, 1024, 18, 0.001, 4063380257) : -0.6446145628812684
(1.0, 0.01, 1, 0, 0, 0.25, 0.01, 128, 1024, 19, 0.001, 4063380257) : -0.6449356310172534
(1.0, 0.01, 1, 0, 0, 0.25, 0.01, 128, 1024, 20, 0.001, 4063380257) : -0.6443926263817397
(1.0, 0.01, 1, 0, 0, 0.25, 0.01, 128, 1024, 21, 0.001, 4063380257) : -0.6445169108214758
(1.0, 0.01, 1, 0, 0, 0.25, 0.01, 128, 1024, 22, 0.001, 4063380257) : -0.6439043660827763
(1.0, 0.01, 1, 0, 0, 0.25, 0.01, 128, 1024, 23, 0.001, 4063380257) : -0.6452640970365559
(1.0, 0.01, 1, 0, 0, 0.5, 0.01, 128, 1024, 1, 0.01, 4063380258) : -0.6465483695804957
(1.0, 0.01, 1, 0, 0, 0.5, 0.01, 128, 1024, 2, 0.01, 4063380258) : -0.6399479780845104
(1.0, 0.01, 1, 0, 0, 0.5, 0.01, 128, 1024, 3, 0.01, 4063380258) : -0.6358599077631908
(1.0, 0.01, 1, 0, 0, 0.5, 0.01, 128, 1024, 4, 0.01, 4063380258) : -0.6417323475407216
(1.0, 0.01, 1, 0, 0, 0.5, 0.01, 128, 1024, 5, 0.01, 4063380258) : -0.6429041722582335
(1.0, 0.01, 1, 0, 0, 0.5, 0.01, 128, 1024, 6, 0.01, 4063380258) : -0.6386725830005519
(1.0, 0.01, 1, 0, 0, 0.5, 0.01, 128, 1024, 7, 0.01, 4063380258) : -0.6343714536396846
(1.0, 0.01, 1, 0, 0, 0.5, 0.01, 128, 1024, 8, 0.01, 4063380258) : -0.635308025667696
(1.0, 0.01, 1, 0, 0, 0.5, 0.01, 128, 1024, 9, 0.01, 4063380258) : -0.6366781136581201
(1.0, 0.01, 1, 0, 0, 0.5, 0.01, 128, 1024, 10, 0.01, 4063380258) : -0.6394641565155378
(1.0, 0.01, 1, 0, 0, 0.5, 0.01, 128, 1024, 11, 0.01, 4063380258) : -0.638120700905057
(1.0, 0.01, 1, 0, 0, 0.5, 0.01, 128, 1024, 1, 0.001, 4063380259) : -0.6477971322845107
(1.0, 0.01, 1, 0, 0, 0.5, 0.01, 128, 1024, 2, 0.001, 4063380259) : -0.6504736864688275
(1.0, 0.01, 1, 0, 0, 0.5, 0.01, 128, 1024, 3, 0.001, 4063380259) : -0.652540655067772
(1.0, 0.01, 1, 0, 0, 0.5, 0.01, 128, 1024, 4, 0.001, 4063380259) : -0.6514413296067729
(1.0, 0.01, 1, 0, 0, 0.5, 0.01, 128, 1024, 5, 0.001, 4063380259) : -0.6509944974543883
(1.0, 0.01, 1, 0, 0, 0.5, 0.01, 128, 1024, 6, 0.001, 4063380259) : -0.6527625915673008
(1.0, 0.01, 1, 0, 0, 0.5, 0.01, 128, 1024, 7, 0.001, 4063380259) : -0.6521973932818342
(1.0, 0.01, 1, 0, 0, 0.5, 0.01, 128, 1024, 8, 0.001, 4063380259) : -0.6534787066724469
(1.0, 0.01, 1, 0, 0, 0.5, 0.01, 128, 1024, 9, 0.001, 4063380259) : -0.6516854597562546
(1.0, 0.01, 1, 0, 0, 0.5, 0.01, 128, 1024, 10, 0.001, 4063380259) : -0.6513762282335778
(1.0, 0.01, 1, 0, 0, 0.5, 0.01, 128, 1024, 11, 0.001, 4063380259) : -0.6507326123849444
(1.0, 0.01, 1, 0, 0, 0.5, 0.01, 128, 1024, 12, 0.001, 4063380259) : -0.650531389958705
(1.0, 0.01, 1, 0, 0, 0.5, 0.01, 128, 1024, 13, 0.001, 4063380259) : -0.6502191992827012
(1.0, 0.01, 1, 0, 0, 0.5, 0.01, 128, 1024, 14, 0.001, 4063380259) : -0.6503479224524279
(1.0, 0.01, 1, 0, 0, 0.5, 0.01, 128, 1024, 15, 0.001, 4063380259) : -0.649226403341476
(1.0, 0.01, 1, 0, 0, 0.5, 0.01, 128, 1024, 16, 0.001, 4063380259) : -0.6493566060878662
(1.0, 0.01, 1, 0, 0, 0.5, 0.01, 128, 1024, 17, 0.001, 4063380259) : -0.6491657406982714
(1.0, 0.01, 1, 0, 0, 0.5, 0.01, 128, 1024, 18, 0.001, 4063380259) : -0.6490784456751234
(1.0, 0.01, 1, 64, 0, 0.25, 0.01, 128, 1024, 1, 0.01, 4063380260) : -0.6401669554307121
(1.0, 0.01, 1, 64, 0, 0.25, 0.01, 128, 1024, 2, 0.01, 4063380260) : -0.6374267794498638
(1.0, 0.01, 1, 64, 0, 0.25, 0.01, 128, 1024, 3, 0.01, 4063380260) : -0.638946304683304
(1.0, 0.01, 1, 64, 0, 0.25, 0.01, 128, 1024, 4, 0.01, 4063380260) : -0.6352384855645102
(1.0, 0.01, 1, 64, 0, 0.25, 0.01, 128, 1024, 5, 0.01, 4063380260) : -0.6242629858744816
(1.0, 0.01, 1, 64, 0, 0.25, 0.01, 128, 1024, 6, 0.01, 4063380260) : -0.6216500534866964
(1.0, 0.01, 1, 64, 0, 0.25, 0.01, 128, 1024, 7, 0.01, 4063380260) : -0.6224815755715974
(1.0, 0.01, 1, 64, 0, 0.25, 0.01, 128, 1024, 8, 0.01, 4063380260) : -0.6205418505657161
(1.0, 0.01, 1, 64, 0, 0.25, 0.01, 128, 1024, 9, 0.01, 4063380260) : -0.614147120225961
(1.0, 0.01, 1, 64, 0, 0.25, 0.01, 128, 1024, 10, 0.01, 4063380260) : -0.6153648118200421
(1.0, 0.01, 1, 64, 0, 0.25, 0.01, 128, 1024, 11, 0.01, 4063380260) : -0.6182795778471863
(1.0, 0.01, 1, 64, 0, 0.25, 0.01, 128, 1024, 1, 0.001, 4063380261) : -0.6415991856410044
(1.0, 0.01, 1, 64, 0, 0.25, 0.01, 128, 1024, 2, 0.001, 4063380261) : -0.6456369503557642
(1.0, 0.01, 1, 64, 0, 0.25, 0.01, 128, 1024, 3, 0.001, 4063380261) : -0.6428168772350855
(1.0, 0.01, 1, 64, 0, 0.25, 0.01, 128, 1024, 4, 0.001, 4063380261) : -0.6424055549226255
(1.0, 0.01, 1, 64, 0, 0.25, 0.01, 128, 1024, 5, 0.001, 4063380261) : -0.6436291648233607
(1.0, 0.01, 1, 64, 0, 0.25, 0.01, 128, 1024, 6, 0.001, 4063380261) : -0.641606583524322
(1.0, 0.01, 1, 64, 0, 0.25, 0.01, 128, 1024, 7, 0.001, 4063380261) : -0.6407425107528234
(1.0, 0.01, 1, 64, 0, 0.25, 0.01, 128, 1024, 8, 0.001, 4063380261) : -0.6379165193254905
(1.0, 0.01, 1, 64, 0, 0.25, 0.01, 128, 1024, 9, 0.001, 4063380261) : -0.637827744725679
(1.0, 0.01, 1, 64, 0, 0.25, 0.01, 128, 1024, 10, 0.001, 4063380261) : -0.6399908858077527
(1.0, 0.01, 1, 64, 0, 0.25, 0.01, 128, 1024, 11, 0.001, 4063380261) : -0.6432267199708819
(1.0, 0.01, 1, 64, 0, 0.25, 0.01, 128, 1024, 12, 0.001, 4063380261) : -0.6427502962852268
(1.0, 0.01, 1, 64, 0, 0.5, 0.01, 128, 1024, 1, 0.01, 4063380262) : -0.6530969758932574
(1.0, 0.01, 1, 64, 0, 0.5, 0.01, 128, 1024, 2, 0.01, 4063380262) : -0.6482883517368011
(1.0, 0.01, 1, 64, 0, 0.5, 0.01, 128, 1024, 3, 0.01, 4063380262) : -0.6434752888503541
(1.0, 0.01, 1, 64, 0, 0.5, 0.01, 128, 1024, 4, 0.01, 4063380262) : -0.6423182598994776
(1.0, 0.01, 1, 64, 0, 0.5, 0.01, 128, 1024, 5, 0.01, 4063380262) : -0.6355491966638506
(1.0, 0.01, 1, 64, 0, 0.5, 0.01, 128, 1024, 6, 0.01, 4063380262) : -0.6362682709223237
(1.0, 0.01, 1, 64, 0, 0.5, 0.01, 128, 1024, 7, 0.01, 4063380262) : -0.6308234288005515
(1.0, 0.01, 1, 64, 0, 0.5, 0.01, 128, 1024, 8, 0.01, 4063380262) : -0.6277340727271113
(1.0, 0.01, 1, 64, 0, 0.5, 0.01, 128, 1024, 9, 0.01, 4063380262) : -0.6226472881579123
(1.0, 0.01, 1, 64, 0, 0.5, 0.01, 128, 1024, 10, 0.01, 4063380262) : -0.6187249304229074
(1.0, 0.01, 1, 64, 0, 0.5, 0.01, 128, 1024, 11, 0.01, 4063380262) : -0.617314893862568
(1.0, 0.01, 1, 64, 0, 0.5, 0.01, 128, 1024, 1, 0.001, 4063380263) : -0.6475322880617398
(1.0, 0.01, 1, 64, 0, 0.5, 0.01, 128, 1024, 2, 0.001, 4063380263) : -0.6506571539751046
(1.0, 0.01, 1, 64, 0, 0.5, 0.01, 128, 1024, 3, 0.001, 4063380263) : -0.6523838199414383
(1.0, 0.01, 1, 64, 0, 0.5, 0.01, 128, 1024, 4, 0.001, 4063380263) : -0.6564778085694121
(1.0, 0.01, 1, 64, 0, 0.5, 0.01, 128, 1024, 5, 0.001, 4063380263) : -0.6549804769859248
(1.0, 0.01, 1, 64, 0, 0.5, 0.01, 128, 1024, 6, 0.001, 4063380263) : -0.6555057267014762
(1.0, 0.01, 1, 64, 0, 0.5, 0.01, 128, 1024, 7, 0.001, 4063380263) : -0.6543324224073008
(1.0, 0.01, 1, 64, 0, 0.5, 0.01, 128, 1024, 8, 0.001, 4063380263) : -0.6541400774410425
(1.0, 0.01, 1, 64, 0, 0.5, 0.01, 128, 1024, 9, 0.001, 4063380263) : -0.6538027339617588
(1.0, 0.01, 1, 64, 0, 0.5, 0.01, 128, 1024, 10, 0.001, 4063380263) : -0.6533899320726354
(1.0, 0.01, 1, 64, 0, 0.5, 0.01, 128, 1024, 11, 0.001, 4063380263) : -0.6522669333850198
(1.0, 0.01, 1, 64, 0, 0.5, 0.01, 128, 1024, 12, 0.001, 4063380263) : -0.6525628487177249
(1.0, 0.01, 1, 64, 0, 0.5, 0.01, 128, 1024, 13, 0.001, 4063380263) : -0.6524444825846429
(1.0, 0.01, 1, 64, 0, 0.5, 0.01, 128, 1024, 14, 0.001, 4063380263) : -0.6535009003223997
(1.0, 0.01, 1, 128, 0, 0.25, 0.01, 128, 1024, 1, 0.01, 4063380264) : -0.6387391639504105
(1.0, 0.01, 1, 128, 0, 0.25, 0.01, 128, 1024, 2, 0.01, 4063380264) : -0.6382168733881862
(1.0, 0.01, 1, 128, 0, 0.25, 0.01, 128, 1024, 3, 0.01, 4063380264) : -0.6411124049187047
(1.0, 0.01, 1, 128, 0, 0.25, 0.01, 128, 1024, 4, 0.01, 4063380264) : -0.6367254601113529
(1.0, 0.01, 1, 128, 0, 0.25, 0.01, 128, 1024, 5, 0.01, 4063380264) : -0.6370124979840768
(1.0, 0.01, 1, 128, 0, 0.25, 0.01, 128, 1024, 6, 0.01, 4063380264) : -0.6375510638895999
(1.0, 0.01, 1, 128, 0, 0.25, 0.01, 128, 1024, 7, 0.01, 4063380264) : -0.6396313486785161
(1.0, 0.01, 1, 128, 0, 0.25, 0.01, 128, 1024, 8, 0.01, 4063380264) : -0.6294666570000992
(1.0, 0.01, 1, 128, 0, 0.25, 0.01, 128, 1024, 9, 0.01, 4063380264) : -0.6262500573335957
(1.0, 0.01, 1, 128, 0, 0.25, 0.01, 128, 1024, 10, 0.01, 4063380264) : -0.615832358045716
(1.0, 0.01, 1, 128, 0, 0.25, 0.01, 128, 1024, 11, 0.01, 4063380264) : -0.6129752955084491
(1.0, 0.01, 1, 128, 0, 0.25, 0.01, 128, 1024, 12, 0.01, 4063380264) : -0.6075748406865827
(1.0, 0.01, 1, 128, 0, 0.25, 0.01, 128, 1024, 13, 0.01, 4063380264) : -0.6061662837029069
(1.0, 0.01, 1, 128, 0, 0.25, 0.01, 128, 1024, 1, 0.001, 4063380265) : -0.6394626769388743
(1.0, 0.01, 1, 128, 0, 0.25, 0.01, 128, 1024, 2, 0.001, 4063380265) : -0.6392496178993267
(1.0, 0.01, 1, 128, 0, 0.25, 0.01, 128, 1024, 3, 0.001, 4063380265) : -0.6419838755735209
(1.0, 0.01, 1, 128, 0, 0.25, 0.01, 128, 1024, 4, 0.001, 4063380265) : -0.6401240477074699
(1.0, 0.01, 1, 128, 0, 0.25, 0.01, 128, 1024, 5, 0.001, 4063380265) : -0.6400752216775736
(1.0, 0.01, 1, 128, 0, 0.25, 0.01, 128, 1024, 6, 0.001, 4063380265) : -0.6372803013601748
(1.0, 0.01, 1, 128, 0, 0.25, 0.01, 128, 1024, 7, 0.001, 4063380265) : -0.6357622557033982
(1.0, 0.01, 1, 128, 0, 0.25, 0.01, 128, 1024, 8, 0.001, 4063380265) : -0.6390217630931437
(1.0, 0.01, 1, 128, 0, 0.25, 0.01, 128, 1024, 9, 0.001, 4063380265) : -0.6387850308269798
(1.0, 0.01, 1, 128, 0, 0.25, 0.01, 128, 1024, 10, 0.001, 4063380265) : -0.636937039574237
(1.0, 0.01, 1, 128, 0, 0.25, 0.01, 128, 1024, 11, 0.001, 4063380265) : -0.6361217928326347
(1.0, 0.01, 1, 128, 0, 0.25, 0.01, 128, 1024, 12, 0.001, 4063380265) : -0.6363200561055471
(1.0, 0.01, 1, 128, 0, 0.25, 0.01, 128, 1024, 13, 0.001, 4063380265) : -0.6364546975819279
(1.0, 0.01, 1, 128, 0, 0.5, 0.01, 128, 1024, 1, 0.01, 4063380266) : -0.6490592111784976
(1.0, 0.01, 1, 128, 0, 0.5, 0.01, 128, 1024, 2, 0.01, 4063380266) : -0.6495282369808351
(1.0, 0.01, 1, 128, 0, 0.5, 0.01, 128, 1024, 3, 0.01, 4063380266) : -0.6501688936761414
(1.0, 0.01, 1, 128, 0, 0.5, 0.01, 128, 1024, 4, 0.01, 4063380266) : -0.6449016007539923
(1.0, 0.01, 1, 128, 0, 0.5, 0.01, 128, 1024, 5, 0.01, 4063380266) : -0.6437297760364804
(1.0, 0.01, 1, 128, 0, 0.5, 0.01, 128, 1024, 6, 0.01, 4063380266) : -0.641014752858912
(1.0, 0.01, 1, 128, 0, 0.5, 0.01, 128, 1024, 7, 0.01, 4063380266) : -0.6367358171479977
(1.0, 0.01, 1, 128, 0, 0.5, 0.01, 128, 1024, 8, 0.01, 4063380266) : -0.6370287733273756
(1.0, 0.01, 1, 128, 0, 0.5, 0.01, 128, 1024, 9, 0.01, 4063380266) : -0.6364236264719938
(1.0, 0.01, 1, 128, 0, 0.5, 0.01, 128, 1024, 10, 0.01, 4063380266) : -0.6387051336871494
(1.0, 0.01, 1, 128, 0, 0.5, 0.01, 128, 1024, 11, 0.01, 4063380266) : -0.6377049398626065
(1.0, 0.01, 1, 128, 0, 0.5, 0.01, 128, 1024, 12, 0.01, 4063380266) : -0.640189149080665
(1.0, 0.01, 1, 128, 0, 0.5, 0.01, 128, 1024, 13, 0.01, 4063380266) : -0.6354056777274886
(1.0, 0.01, 1, 128, 0, 0.5, 0.01, 128, 1024, 1, 0.001, 4063380267) : -0.6461207719247369
(1.0, 0.01, 1, 128, 0, 0.5, 0.01, 128, 1024, 2, 0.001, 4063380267) : -0.6482188116336154
(1.0, 0.01, 1, 128, 0, 0.5, 0.01, 128, 1024, 3, 0.001, 4063380267) : -0.6520523947688087
(1.0, 0.01, 1, 128, 0, 0.5, 0.01, 128, 1024, 4, 0.001, 4063380267) : -0.6521678017485637
(1.0, 0.01, 1, 128, 0, 0.5, 0.01, 128, 1024, 5, 0.001, 4063380267) : -0.6512726578671311
(1.0, 0.01, 1, 128, 0, 0.5, 0.01, 128, 1024, 6, 0.001, 4063380267) : -0.650444094935557
(1.0, 0.01, 1, 128, 0, 0.5, 0.01, 128, 1024, 7, 0.001, 4063380267) : -0.6512815353271122
(1.0, 0.01, 1, 128, 0, 0.5, 0.01, 128, 1024, 8, 0.001, 4063380267) : -0.6509086820079039
(1.0, 0.01, 1, 128, 0, 0.5, 0.01, 128, 1024, 9, 0.001, 4063380267) : -0.6516662252596287
(1.0, 0.01, 1, 128, 0, 0.5, 0.01, 128, 1024, 10, 0.001, 4063380267) : -0.6533884524959719
(1.0, 0.01, 1, 128, 0, 0.5, 0.01, 128, 1024, 11, 0.001, 4063380267) : -0.6535645221189313
(1.0, 0.01, 1, 128, 0, 0.5, 0.01, 128, 1024, 12, 0.001, 4063380267) : -0.6531650364197795
(1.0, 0.01, 1, 128, 0, 0.5, 0.01, 128, 1024, 13, 0.001, 4063380267) : -0.6543013512973668
(1.0, 0.01, 1, 128, 0, 0.5, 0.01, 128, 1024, 14, 0.001, 4063380267) : -0.6536429396820982
(1.0, 0.01, 1, 128, 0, 0.5, 0.01, 128, 1024, 15, 0.001, 4063380267) : -0.6509885791477342
(1.0, 0.01, 1, 128, 0, 0.5, 0.01, 128, 1024, 16, 0.001, 4063380267) : -0.6527655507206278
(1.0, 0.01, 1, 128, 0, 0.5, 0.01, 128, 1024, 17, 0.001, 4063380267) : -0.6536799290986863
(1.0, 0.01, 1, 128, 0, 0.5, 0.01, 128, 1024, 18, 0.001, 4063380267) : -0.653304116626151
(1.0, 0.01, 1, 128, 0, 0.5, 0.01, 128, 1024, 19, 0.001, 4063380267) : -0.6491701794282619
(1.0, 0.01, 1, 128, 0, 0.5, 0.01, 128, 1024, 20, 0.001, 4063380267) : -0.6507340919616079
(1.0, 0.01, 1, 128, 0, 0.5, 0.01, 128, 1024, 21, 0.001, 4063380267) : -0.6416983172774606
(1.0, 0.01, 1, 128, 0, 0.5, 0.01, 128, 1024, 22, 0.001, 4063380267) : -0.6437756429130497
(1.0, 0.01, 1, 128, 0, 0.5, 0.01, 128, 1024, 23, 0.001, 4063380267) : -0.6447107353643975
