(1.0, 0, 0.1, 0, 0, 0.25, 0.01, 128, 1024, 1, 0.01, 4063380196) : -0.6169850172900563
(1.0, 0, 0.1, 0, 0, 0.25, 0.01, 128, 1024, 2, 0.01, 4063380196) : -0.6102795739681995
(1.0, 0, 0.1, 0, 0, 0.25, 0.01, 128, 1024, 3, 0.01, 4063380196) : -0.6042795709599252
(1.0, 0, 0.1, 0, 0, 0.25, 0.01, 128, 1024, 4, 0.01, 4063380196) : -0.5968010011536732
(1.0, 0, 0.1, 0, 0, 0.25, 0.01, 128, 1024, 5, 0.01, 4063380196) : -0.597189068533
(1.0, 0, 0.1, 0, 0, 0.25, 0.01, 128, 1024, 6, 0.01, 4063380196) : -0.5982163941922257
(1.0, 0, 0.1, 0, 0, 0.25, 0.01, 128, 1024, 7, 0.01, 4063380196) : -0.6007448487063669
(1.0, 0, 0.1, 0, 0, 0.25, 0.01, 128, 1024, 8, 0.01, 4063380196) : -0.6025317636158253
(1.0, 0, 0.1, 0, 0, 0.25, 0.01, 128, 1024, 9, 0.01, 4063380196) : -0.6041848103207873
(1.0, 0, 0.1, 0, 0, 0.25, 0.01, 128, 1024, 10, 0.01, 4063380196) : -0.6045307618604973
(1.0, 0, 0.1, 0, 0, 0.25, 0.01, 128, 1024, 11, 0.01, 4063380196) : -0.6041577358524622
(1.0, 0, 0.1, 0, 0, 0.25, 0.01, 128, 1024, 1, 0.001, 4063380197) : -0.6185417992187512
(1.0, 0, 0.1, 0, 0, 0.25, 0.01, 128, 1024, 2, 0.001, 4063380197) : -0.619448793907643
(1.0, 0, 0.1, 0, 0, 0.25, 0.01, 128, 1024, 3, 0.001, 4063380197) : -0.6181883269933953
(1.0, 0, 0.1, 0, 0, 0.25, 0.01, 128, 1024, 4, 0.001, 4063380197) : -0.61812515323397
(1.0, 0, 0.1, 0, 0, 0.25, 0.01, 128, 1024, 5, 0.001, 4063380197) : -0.6176152507471802
(1.0, 0, 0.1, 0, 0, 0.25, 0.01, 128, 1024, 6, 0.001, 4063380197) : -0.6172813323045035
(1.0, 0, 0.1, 0, 0, 0.25, 0.01, 128, 1024, 7, 0.001, 4063380197) : -0.6173715805322539
(1.0, 0, 0.1, 0, 0, 0.25, 0.01, 128, 1024, 8, 0.001, 4063380197) : -0.6167263057038385
(1.0, 0, 0.1, 0, 0, 0.25, 0.01, 128, 1024, 9, 0.001, 4063380197) : -0.6179672188354068
(1.0, 0, 0.1, 0, 0, 0.25, 0.01, 128, 1024, 10, 0.001, 4063380197) : -0.6182996331409542
(1.0, 0, 0.1, 0, 0, 0.25, 0.01, 128, 1024, 11, 0.001, 4063380197) : -0.6192261816125253
(1.0, 0, 0.1, 0, 0, 0.25, 0.01, 128, 1024, 12, 0.001, 4063380197) : -0.6189027921297529
(1.0, 0, 0.1, 0, 0, 0.5, 0.01, 128, 1024, 1, 0.01, 4063380198) : -0.6008606672653133
(1.0, 0, 0.1, 0, 0, 0.5, 0.01, 128, 1024, 2, 0.01, 4063380198) : -0.5945854071624002
(1.0, 0, 0.1, 0, 0, 0.5, 0.01, 128, 1024, 3, 0.01, 4063380198) : -0.5889027770883816
(1.0, 0, 0.1, 0, 0, 0.5, 0.01, 128, 1024, 4, 0.01, 4063380198) : -0.5895570767395721
(1.0, 0, 0.1, 0, 0, 0.5, 0.01, 128, 1024, 5, 0.01, 4063380198) : -0.5913439916490306
(1.0, 0, 0.1, 0, 0, 0.5, 0.01, 128, 1024, 6, 0.01, 4063380198) : -0.5878724431548975
(1.0, 0, 0.1, 0, 0, 0.5, 0.01, 128, 1024, 7, 0.01, 4063380198) : -0.5891043314636909
(1.0, 0, 0.1, 0, 0, 0.5, 0.01, 128, 1024, 8, 0.01, 4063380198) : -0.584674647618274
(1.0, 0, 0.1, 0, 0, 0.5, 0.01, 128, 1024, 9, 0.01, 4063380198) : -0.5879672037940354
(1.0, 0, 0.1, 0, 0, 0.5, 0.01, 128, 1024, 10, 0.01, 4063380198) : -0.5857275436086957
(1.0, 0, 0.1, 0, 0, 0.5, 0.01, 128, 1024, 11, 0.01, 4063380198) : -0.5895375229568929
(1.0, 0, 0.1, 0, 0, 0.5, 0.01, 128, 1024, 1, 0.001, 4063380199) : -0.6249990599142943
(1.0, 0, 0.1, 0, 0, 0.5, 0.01, 128, 1024, 2, 0.001, 4063380199) : -0.6220569676896304
(1.0, 0, 0.1, 0, 0, 0.5, 0.01, 128, 1024, 3, 0.001, 4063380199) : -0.6243959009254956
(1.0, 0, 0.1, 0, 0, 0.5, 0.01, 128, 1024, 4, 0.001, 4063380199) : -0.6229338796359386
(1.0, 0, 0.1, 0, 0, 0.5, 0.01, 128, 1024, 5, 0.001, 4063380199) : -0.622339745469915
(1.0, 0, 0.1, 0, 0, 0.5, 0.01, 128, 1024, 6, 0.001, 4063380199) : -0.6268461403089197
(1.0, 0, 0.1, 0, 0, 0.5, 0.01, 128, 1024, 7, 0.001, 4063380199) : -0.6229925409839764
(1.0, 0, 0.1, 0, 0, 0.5, 0.01, 128, 1024, 8, 0.001, 4063380199) : -0.6247418524652055
(1.0, 0, 0.1, 0, 0, 0.5, 0.01, 128, 1024, 9, 0.001, 4063380199) : -0.6205528305604565
(1.0, 0, 0.1, 0, 0, 0.5, 0.01, 128, 1024, 10, 0.001, 4063380199) : -0.6196759186141482
(1.0, 0, 0.1, 0, 0, 0.5, 0.01, 128, 1024, 11, 0.001, 4063380199) : -0.6192321981610419
(1.0, 0, 0.1, 0, 0, 0.5, 0.01, 128, 1024, 12, 0.001, 4063380199) : -0.6194548104561597
(1.0, 0, 0.1, 0, 0, 0.5, 0.01, 128, 1024, 13, 0.001, 4063380199) : -0.6178814830190439
(1.0, 0, 0.1, 0, 0, 0.5, 0.01, 128, 1024, 14, 0.001, 4063380199) : -0.6185568405900429
(1.0, 0, 0.1, 0, 0, 0.5, 0.01, 128, 1024, 15, 0.001, 4063380199) : -0.619605224169077
(1.0, 0, 0.1, 0, 0, 0.5, 0.01, 128, 1024, 16, 0.001, 4063380199) : -0.6193374877600841
(1.0, 0, 0.1, 64, 0, 0.25, 0.01, 128, 1024, 1, 0.01, 4063380200) : -0.6200489446221833
(1.0, 0, 0.1, 64, 0, 0.25, 0.01, 128, 1024, 2, 0.01, 4063380200) : -0.6144670917358194
(1.0, 0, 0.1, 64, 0, 0.25, 0.01, 128, 1024, 3, 0.01, 4063380200) : -0.6075164740619072
(1.0, 0, 0.1, 64, 0, 0.25, 0.01, 128, 1024, 4, 0.01, 4063380200) : -0.6099561844854272
(1.0, 0, 0.1, 64, 0, 0.25, 0.01, 128, 1024, 5, 0.01, 4063380200) : -0.6095184805808376
(1.0, 0, 0.1, 64, 0, 0.25, 0.01, 128, 1024, 6, 0.01, 4063380200) : -0.5986751560166237
(1.0, 0, 0.1, 64, 0, 0.25, 0.01, 128, 1024, 7, 0.01, 4063380200) : -0.5917034804229032
(1.0, 0, 0.1, 64, 0, 0.25, 0.01, 128, 1024, 8, 0.01, 4063380200) : -0.580596931861084
(1.0, 0, 0.1, 64, 0, 0.25, 0.01, 128, 1024, 9, 0.01, 4063380200) : -0.5860900406568266
(1.0, 0, 0.1, 64, 0, 0.25, 0.01, 128, 1024, 10, 0.01, 4063380200) : -0.5791664974512396
(1.0, 0, 0.1, 64, 0, 0.25, 0.01, 128, 1024, 11, 0.01, 4063380200) : -0.5804585512452
(1.0, 0, 0.1, 64, 0, 0.25, 0.01, 128, 1024, 1, 0.001, 4063380201) : -0.6142098842867306
(1.0, 0, 0.1, 64, 0, 0.25, 0.01, 128, 1024, 2, 0.001, 4063380201) : -0.6152763175113148
(1.0, 0, 0.1, 64, 0, 0.25, 0.01, 128, 1024, 3, 0.001, 4063380201) : -0.613952676837642
(1.0, 0, 0.1, 64, 0, 0.25, 0.01, 128, 1024, 4, 0.001, 4063380201) : -0.6159772454135098
(1.0, 0, 0.1, 64, 0, 0.25, 0.01, 128, 1024, 5, 0.001, 4063380201) : -0.6143527773140022
(1.0, 0, 0.1, 64, 0, 0.25, 0.01, 128, 1024, 6, 0.001, 4063380201) : -0.6142249256580223
(1.0, 0, 0.1, 64, 0, 0.25, 0.01, 128, 1024, 7, 0.001, 4063380201) : -0.6137135190341033
(1.0, 0, 0.1, 64, 0, 0.25, 0.01, 128, 1024, 8, 0.001, 4063380201) : -0.6133359806146806
(1.0, 0, 0.1, 64, 0, 0.25, 0.01, 128, 1024, 9, 0.001, 4063380201) : -0.6121507205568917
(1.0, 0, 0.1, 64, 0, 0.25, 0.01, 128, 1024, 10, 0.001, 4063380201) : -0.6111790479714455
(1.0, 0, 0.1, 64, 0, 0.25, 0.01, 128, 1024, 11, 0.001, 4063380201) : -0.6134081791968811
(1.0, 0, 0.1, 64, 0, 0.25, 0.01, 128, 1024, 12, 0.001, 4063380201) : -0.6138308417301789
(1.0, 0, 0.1, 64, 0, 0.25, 0.01, 128, 1024, 13, 0.001, 4063380201) : -0.6137842134791744
(1.0, 0, 0.1, 64, 0, 0.25, 0.01, 128, 1024, 14, 0.001, 4063380201) : -0.6121522246940209
(1.0, 0, 0.1, 64, 0, 0.5, 0.01, 128, 1024, 1, 0.01, 4063380202) : -0.6201617549068713
(1.0, 0, 0.1, 64, 0, 0.5, 0.01, 128, 1024, 2, 0.01, 4063380202) : -0.6209589475853334
(1.0, 0, 0.1, 64, 0, 0.5, 0.01, 128, 1024, 3, 0.01, 4063380202) : -0.6210777744185382
(1.0, 0, 0.1, 64, 0, 0.5, 0.01, 128, 1024, 4, 0.01, 4063380202) : -0.6153440036821277
(1.0, 0, 0.1, 64, 0, 0.5, 0.01, 128, 1024, 5, 0.01, 4063380202) : -0.6117325704349814
(1.0, 0, 0.1, 64, 0, 0.5, 0.01, 128, 1024, 6, 0.01, 4063380202) : -0.6077691690996084
(1.0, 0, 0.1, 64, 0, 0.5, 0.01, 128, 1024, 7, 0.01, 4063380202) : -0.6027904752020432
(1.0, 0, 0.1, 64, 0, 0.5, 0.01, 128, 1024, 8, 0.01, 4063380202) : -0.5986646270567195
(1.0, 0, 0.1, 64, 0, 0.5, 0.01, 128, 1024, 9, 0.01, 4063380202) : -0.5851273928941554
(1.0, 0, 0.1, 64, 0, 0.5, 0.01, 128, 1024, 10, 0.01, 4063380202) : -0.5747759211711814
(1.0, 0, 0.1, 64, 0, 0.5, 0.01, 128, 1024, 11, 0.01, 4063380202) : -0.5914026529970684
(1.0, 0, 0.1, 64, 0, 0.5, 0.01, 128, 1024, 12, 0.01, 4063380202) : -0.5806014442724714
(1.0, 0, 0.1, 64, 0, 0.5, 0.01, 128, 1024, 13, 0.01, 4063380202) : -0.5585071739820376
(1.0, 0, 0.1, 64, 0, 0.5, 0.01, 128, 1024, 1, 0.001, 4063380203) : -0.616290105936378
(1.0, 0, 0.1, 64, 0, 0.5, 0.01, 128, 1024, 2, 0.001, 4063380203) : -0.6185132206132968
(1.0, 0, 0.1, 64, 0, 0.5, 0.01, 128, 1024, 3, 0.001, 4063380203) : -0.6204911609381604
(1.0, 0, 0.1, 64, 0, 0.5, 0.01, 128, 1024, 4, 0.001, 4063380203) : -0.6188742135242986
(1.0, 0, 0.1, 64, 0, 0.5, 0.01, 128, 1024, 5, 0.001, 4063380203) : -0.6198503985211323
(1.0, 0, 0.1, 64, 0, 0.5, 0.01, 128, 1024, 6, 0.001, 4063380203) : -0.6154823842980117
(1.0, 0, 0.1, 64, 0, 0.5, 0.01, 128, 1024, 7, 0.001, 4063380203) : -0.6231339298741188
(1.0, 0, 0.1, 64, 0, 0.5, 0.01, 128, 1024, 8, 0.001, 4063380203) : -0.625966220088353
(1.0, 0, 0.1, 64, 0, 0.5, 0.01, 128, 1024, 9, 0.001, 4063380203) : -0.6248546627498935
(1.0, 0, 0.1, 64, 0, 0.5, 0.01, 128, 1024, 10, 0.001, 4063380203) : -0.6312863531142408
(1.0, 0, 0.1, 64, 0, 0.5, 0.01, 128, 1024, 11, 0.001, 4063380203) : -0.6240078335461687
(1.0, 0, 0.1, 64, 0, 0.5, 0.01, 128, 1024, 12, 0.001, 4063380203) : -0.6236062289326794
(1.0, 0, 0.1, 64, 0, 0.5, 0.01, 128, 1024, 13, 0.001, 4063380203) : -0.6256247809600306
(1.0, 0, 0.1, 64, 0, 0.5, 0.01, 128, 1024, 14, 0.001, 4063380203) : -0.6256533595654848
(1.0, 0, 0.1, 64, 0, 0.5, 0.01, 128, 1024, 15, 0.001, 4063380203) : -0.6242154044699947
(1.0, 0, 0.1, 64, 0, 0.5, 0.01, 128, 1024, 16, 0.001, 4063380203) : -0.625369077648071
(1.0, 0, 0.1, 64, 0, 0.5, 0.01, 128, 1024, 17, 0.001, 4063380203) : -0.6248697041211854
(1.0, 0, 0.1, 64, 0, 0.5, 0.01, 128, 1024, 18, 0.001, 4063380203) : -0.6238679487931555
(1.0, 0, 0.1, 64, 0, 0.5, 0.01, 128, 1024, 19, 0.001, 4063380203) : -0.623179053987994
(1.0, 0, 0.1, 64, 0, 0.5, 0.01, 128, 1024, 20, 0.001, 4063380203) : -0.6227819617858921
(1.0, 0, 0.1, 128, 0, 0.25, 0.01, 128, 1024, 1, 0.01, 4063380204) : -0.6070531998261217
(1.0, 0, 0.1, 128, 0, 0.25, 0.01, 128, 1024, 2, 0.01, 4063380204) : -0.6090777684019897
(1.0, 0, 0.1, 128, 0, 0.25, 0.01, 128, 1024, 3, 0.01, 4063380204) : -0.6093785958278244
(1.0, 0, 0.1, 128, 0, 0.25, 0.01, 128, 1024, 4, 0.01, 4063380204) : -0.6120905550717248
(1.0, 0, 0.1, 128, 0, 0.25, 0.01, 128, 1024, 5, 0.01, 4063380204) : -0.6031183770962031
(1.0, 0, 0.1, 128, 0, 0.25, 0.01, 128, 1024, 6, 0.01, 4063380204) : -0.6007959893687588
(1.0, 0, 0.1, 128, 0, 0.25, 0.01, 128, 1024, 7, 0.01, 4063380204) : -0.5907408326602319
(1.0, 0, 0.1, 128, 0, 0.25, 0.01, 128, 1024, 8, 0.01, 4063380204) : -0.5879160631316436
(1.0, 0, 0.1, 128, 0, 0.25, 0.01, 128, 1024, 9, 0.01, 4063380204) : -0.5855470471531948
(1.0, 0, 0.1, 128, 0, 0.25, 0.01, 128, 1024, 10, 0.01, 4063380204) : -0.5832036015059421
(1.0, 0, 0.1, 128, 0, 0.25, 0.01, 128, 1024, 11, 0.01, 4063380204) : -0.5776743934190992
(1.0, 0, 0.1, 128, 0, 0.25, 0.01, 128, 1024, 12, 0.01, 4063380204) : -0.5805879070383089
(1.0, 0, 0.1, 128, 0, 0.25, 0.01, 128, 1024, 13, 0.01, 4063380204) : -0.5805157084561086
(1.0, 0, 0.1, 128, 0, 0.25, 0.01, 128, 1024, 14, 0.01, 4063380204) : -0.569597177035436
(1.0, 0, 0.1, 128, 0, 0.25, 0.01, 128, 1024, 1, 0.001, 4063380205) : -0.6149950438681594
(1.0, 0, 0.1, 128, 0, 0.25, 0.01, 128, 1024, 2, 0.001, 4063380205) : -0.6136428245890322
(1.0, 0, 0.1, 128, 0, 0.25, 0.01, 128, 1024, 3, 0.001, 4063380205) : -0.6172392164648867
(1.0, 0, 0.1, 128, 0, 0.25, 0.01, 128, 1024, 4, 0.001, 4063380205) : -0.6167037436469008
(1.0, 0, 0.1, 128, 0, 0.25, 0.01, 128, 1024, 5, 0.001, 4063380205) : -0.6167879753261345
(1.0, 0, 0.1, 128, 0, 0.25, 0.01, 128, 1024, 6, 0.001, 4063380205) : -0.6203873754762474
(1.0, 0, 0.1, 128, 0, 0.25, 0.01, 128, 1024, 7, 0.001, 4063380205) : -0.6147754398473
(1.0, 0, 0.1, 128, 0, 0.25, 0.01, 128, 1024, 8, 0.001, 4063380205) : -0.6168676945939807
(1.0, 0, 0.1, 128, 0, 0.25, 0.01, 128, 1024, 9, 0.001, 4063380205) : -0.6173234481441204
(1.0, 0, 0.1, 128, 0, 0.25, 0.01, 128, 1024, 10, 0.001, 4063380205) : -0.6179145740358857
(1.0, 0, 0.1, 128, 0, 0.25, 0.01, 128, 1024, 11, 0.001, 4063380205) : -0.6191058506421914
(1.0, 0, 0.1, 128, 0, 0.25, 0.01, 128, 1024, 12, 0.001, 4063380205) : -0.6197766958018028
(1.0, 0, 0.1, 128, 0, 0.25, 0.01, 128, 1024, 13, 0.001, 4063380205) : -0.6196638855171148
(1.0, 0, 0.1, 128, 0, 0.25, 0.01, 128, 1024, 14, 0.001, 4063380205) : -0.6191299168362582
(1.0, 0, 0.1, 128, 0, 0.25, 0.01, 128, 1024, 15, 0.001, 4063380205) : -0.6206415746510778
(1.0, 0, 0.1, 128, 0, 0.25, 0.01, 128, 1024, 16, 0.001, 4063380205) : -0.6220163559871427
(1.0, 0, 0.1, 128, 0, 0.25, 0.01, 128, 1024, 17, 0.001, 4063380205) : -0.61969095998544
(1.0, 0, 0.1, 128, 0, 0.25, 0.01, 128, 1024, 18, 0.001, 4063380205) : -0.6184304930711924
(1.0, 0, 0.1, 128, 0, 0.25, 0.01, 128, 1024, 19, 0.001, 4063380205) : -0.6192337022981711
(1.0, 0, 0.1, 128, 0, 0.25, 0.01, 128, 1024, 20, 0.001, 4063380205) : -0.6170466869123524
(1.0, 0, 0.1, 128, 0, 0.25, 0.01, 128, 1024, 21, 0.001, 4063380205) : -0.6171158772202944
(1.0, 0, 0.1, 128, 0, 0.25, 0.01, 128, 1024, 22, 0.001, 4063380205) : -0.6173745888065123
(1.0, 0, 0.1, 128, 0, 0.25, 0.01, 128, 1024, 23, 0.001, 4063380205) : -0.6177566396373224
(1.0, 0, 0.1, 128, 0, 0.25, 0.01, 128, 1024, 24, 0.001, 4063380205) : -0.6186485929549225
(1.0, 0, 0.1, 128, 0, 0.25, 0.01, 128, 1024, 25, 0.001, 4063380205) : -0.620721293918924
(1.0, 0, 0.1, 128, 0, 0.25, 0.01, 128, 1024, 26, 0.001, 4063380205) : -0.6159140716540845
(1.0, 0, 0.1, 128, 0, 0.5, 0.01, 128, 1024, 1, 0.01, 4063380206) : -0.6076322926208536
(1.0, 0, 0.1, 128, 0, 0.5, 0.01, 128, 1024, 2, 0.01, 4063380206) : -0.60403439660787
(1.0, 0, 0.1, 128, 0, 0.5, 0.01, 128, 1024, 3, 0.01, 4063380206) : -0.60844001425922
(1.0, 0, 0.1, 128, 0, 0.5, 0.01, 128, 1024, 4, 0.01, 4063380206) : -0.601645826846742
(1.0, 0, 0.1, 128, 0, 0.5, 0.01, 128, 1024, 5, 0.01, 4063380206) : -0.5990993226870507
(1.0, 0, 0.1, 128, 0, 0.5, 0.01, 128, 1024, 6, 0.01, 4063380206) : -0.595561592159234
(1.0, 0, 0.1, 128, 0, 0.5, 0.01, 128, 1024, 7, 0.01, 4063380206) : -0.5958052623741601
(1.0, 0, 0.1, 128, 0, 0.5, 0.01, 128, 1024, 8, 0.01, 4063380206) : -0.5936212552625998
(1.0, 0, 0.1, 128, 0, 0.5, 0.01, 128, 1024, 9, 0.01, 4063380206) : -0.5929970383539926
(1.0, 0, 0.1, 128, 0, 0.5, 0.01, 128, 1024, 10, 0.01, 4063380206) : -0.5962850821183666
(1.0, 0, 0.1, 128, 0, 0.5, 0.01, 128, 1024, 11, 0.01, 4063380206) : -0.6003522689156525
(1.0, 0, 0.1, 128, 0, 0.5, 0.01, 128, 1024, 12, 0.01, 4063380206) : -0.5956954603637304
(1.0, 0, 0.1, 128, 0, 0.5, 0.01, 128, 1024, 13, 0.01, 4063380206) : -0.5952126323452657
(1.0, 0, 0.1, 128, 0, 0.5, 0.01, 128, 1024, 1, 0.001, 4063380207) : -0.6178709540591396
(1.0, 0, 0.1, 128, 0, 0.5, 0.01, 128, 1024, 2, 0.001, 4063380207) : -0.6214823873062859
(1.0, 0, 0.1, 128, 0, 0.5, 0.01, 128, 1024, 3, 0.001, 4063380207) : -0.6151274079355267
(1.0, 0, 0.1, 128, 0, 0.5, 0.01, 128, 1024, 4, 0.001, 4063380207) : -0.6162133949427901
(1.0, 0, 0.1, 128, 0, 0.5, 0.01, 128, 1024, 5, 0.001, 4063380207) : -0.6160855432868104
(1.0, 0, 0.1, 128, 0, 0.5, 0.01, 128, 1024, 6, 0.001, 4063380207) : -0.6172467371505326
(1.0, 0, 0.1, 128, 0, 0.5, 0.01, 128, 1024, 7, 0.001, 4063380207) : -0.6184831378707134
(1.0, 0, 0.1, 128, 0, 0.5, 0.01, 128, 1024, 8, 0.001, 4063380207) : -0.619414198753672
(1.0, 0, 0.1, 128, 0, 0.5, 0.01, 128, 1024, 9, 0.001, 4063380207) : -0.6168977773365643
(1.0, 0, 0.1, 128, 0, 0.5, 0.01, 128, 1024, 10, 0.001, 4063380207) : -0.6158448813461426
(1.0, 0, 0.1, 128, 0, 0.5, 0.01, 128, 1024, 11, 0.001, 4063380207) : -0.6151379368954308
(1.0, 0, 0.1, 128, 0, 0.5, 0.01, 128, 1024, 12, 0.001, 4063380207) : -0.6140594705738133
(1.0, 0.001, 0.1, 0, 0, 0.25, 0.01, 128, 1024, 1, 0.01, 4063380220) : -0.6119988027068451
(1.0, 0.001, 0.1, 0, 0, 0.25, 0.01, 128, 1024, 2, 0.01, 4063380220) : -0.5983818492764348
(1.0, 0.001, 0.1, 0, 0, 0.25, 0.01, 128, 1024, 3, 0.01, 4063380220) : -0.6016052151442542
(1.0, 0.001, 0.1, 0, 0, 0.25, 0.01, 128, 1024, 4, 0.01, 4063380220) : -0.5946591098817297
(1.0, 0.001, 0.1, 0, 0, 0.25, 0.01, 128, 1024, 5, 0.01, 4063380220) : -0.6035004279270133
(1.0, 0.001, 0.1, 0, 0, 0.25, 0.01, 128, 1024, 6, 0.01, 4063380220) : -0.6054994261716852
(1.0, 0.001, 0.1, 0, 0, 0.25, 0.01, 128, 1024, 7, 0.01, 4063380220) : -0.6068050171998081
(1.0, 0.001, 0.1, 0, 0, 0.25, 0.01, 128, 1024, 8, 0.01, 4063380220) : -0.6026821773287427
(1.0, 0.001, 0.1, 0, 0, 0.25, 0.01, 128, 1024, 9, 0.01, 4063380220) : -0.6074999285534863
(1.0, 0.001, 0.1, 0, 0, 0.25, 0.01, 128, 1024, 10, 0.01, 4063380220) : -0.6088882471237138
(1.0, 0.001, 0.1, 0, 0, 0.25, 0.01, 128, 1024, 11, 0.01, 4063380220) : -0.6116979752810104
(1.0, 0.001, 0.1, 0, 0, 0.25, 0.01, 128, 1024, 1, 0.001, 4063380221) : -0.610466086972217
(1.0, 0.001, 0.1, 0, 0, 0.25, 0.01, 128, 1024, 2, 0.001, 4063380221) : -0.6105247483202548
(1.0, 0.001, 0.1, 0, 0, 0.25, 0.01, 128, 1024, 3, 0.001, 4063380221) : -0.6104961697148006
(1.0, 0.001, 0.1, 0, 0, 0.25, 0.01, 128, 1024, 4, 0.001, 4063380221) : -0.6103562849617874
(1.0, 0.001, 0.1, 0, 0, 0.25, 0.01, 128, 1024, 5, 0.001, 4063380221) : -0.607773681510996
(1.0, 0.001, 0.1, 0, 0, 0.25, 0.01, 128, 1024, 6, 0.001, 4063380221) : -0.6076488381292746
(1.0, 0.001, 0.1, 0, 0, 0.25, 0.01, 128, 1024, 7, 0.001, 4063380221) : -0.608301633643336
(1.0, 0.001, 0.1, 0, 0, 0.25, 0.01, 128, 1024, 8, 0.001, 4063380221) : -0.6054783682518768
(1.0, 0.001, 0.1, 0, 0, 0.25, 0.01, 128, 1024, 9, 0.001, 4063380221) : -0.605722038466803
(1.0, 0.001, 0.1, 0, 0, 0.25, 0.01, 128, 1024, 10, 0.001, 4063380221) : -0.6061928333882344
(1.0, 0.001, 0.1, 0, 0, 0.25, 0.01, 128, 1024, 11, 0.001, 4063380221) : -0.6073119114123396
(1.0, 0.001, 0.1, 0, 0, 0.25, 0.01, 128, 1024, 12, 0.001, 4063380221) : -0.6068411164909082
(1.0, 0.001, 0.1, 0, 0, 0.5, 0.01, 128, 1024, 1, 0.01, 4063380222) : -0.6201587466326131
(1.0, 0.001, 0.1, 0, 0, 0.5, 0.01, 128, 1024, 2, 0.01, 4063380222) : -0.6103638056474333
(1.0, 0.001, 0.1, 0, 0, 0.5, 0.01, 128, 1024, 3, 0.01, 4063380222) : -0.6117611490404358
(1.0, 0.001, 0.1, 0, 0, 0.5, 0.01, 128, 1024, 4, 0.01, 4063380222) : -0.5896683828871311
(1.0, 0.001, 0.1, 0, 0, 0.5, 0.01, 128, 1024, 5, 0.01, 4063380222) : -0.58697597742591
(1.0, 0.001, 0.1, 0, 0, 0.5, 0.01, 128, 1024, 6, 0.01, 4063380222) : -0.5950652269066066
(1.0, 0.001, 0.1, 0, 0, 0.5, 0.01, 128, 1024, 7, 0.01, 4063380222) : -0.5854733444338653
(1.0, 0.001, 0.1, 0, 0, 0.5, 0.01, 128, 1024, 8, 0.01, 4063380222) : -0.5867353154852422
(1.0, 0.001, 0.1, 0, 0, 0.5, 0.01, 128, 1024, 9, 0.01, 4063380222) : -0.5854402534170235
(1.0, 0.001, 0.1, 0, 0, 0.5, 0.01, 128, 1024, 10, 0.01, 4063380222) : -0.5909378746241537
(1.0, 0.001, 0.1, 0, 0, 0.5, 0.01, 128, 1024, 11, 0.01, 4063380222) : -0.5942439680340778
(1.0, 0.001, 0.1, 0, 0, 0.5, 0.01, 128, 1024, 1, 0.001, 4063380223) : -0.6155229960004994
(1.0, 0.001, 0.1, 0, 0, 0.5, 0.01, 128, 1024, 2, 0.001, 4063380223) : -0.6196112407175938
(1.0, 0.001, 0.1, 0, 0, 0.5, 0.01, 128, 1024, 3, 0.001, 4063380223) : -0.6186861963831518
(1.0, 0.001, 0.1, 0, 0, 0.5, 0.01, 128, 1024, 4, 0.001, 4063380223) : -0.6225443081194827
(1.0, 0.001, 0.1, 0, 0, 0.5, 0.01, 128, 1024, 5, 0.001, 4063380223) : -0.6121251502256958
(1.0, 0.001, 0.1, 0, 0, 0.5, 0.01, 128, 1024, 6, 0.001, 4063380223) : -0.6172016130366573
(1.0, 0.001, 0.1, 0, 0, 0.5, 0.01, 128, 1024, 7, 0.001, 4063380223) : -0.6167954960117804
(1.0, 0.001, 0.1, 0, 0, 0.5, 0.01, 128, 1024, 8, 0.001, 4063380223) : -0.6184680964994217
(1.0, 0.001, 0.1, 0, 0, 0.5, 0.01, 128, 1024, 9, 0.001, 4063380223) : -0.6193480167199883
(1.0, 0.001, 0.1, 0, 0, 0.5, 0.01, 128, 1024, 10, 0.001, 4063380223) : -0.621829842983125
(1.0, 0.001, 0.1, 0, 0, 0.5, 0.01, 128, 1024, 11, 0.001, 4063380223) : -0.6201557383583547
(1.0, 0.001, 0.1, 0, 0, 0.5, 0.01, 128, 1024, 12, 0.001, 4063380223) : -0.6192698015892713
(1.0, 0.001, 0.1, 0, 0, 0.5, 0.01, 128, 1024, 13, 0.001, 4063380223) : -0.6194202153021887
(1.0, 0.001, 0.1, 0, 0, 0.5, 0.01, 128, 1024, 14, 0.001, 4063380223) : -0.6203166810311762
(1.0, 0.001, 0.1, 64, 0, 0.25, 0.01, 128, 1024, 1, 0.01, 4063380224) : -0.6064259746432563
(1.0, 0.001, 0.1, 64, 0, 0.25, 0.01, 128, 1024, 2, 0.01, 4063380224) : -0.6063402388268934
(1.0, 0.001, 0.1, 64, 0, 0.25, 0.01, 128, 1024, 3, 0.01, 4063380224) : -0.6059070473336913
(1.0, 0.001, 0.1, 64, 0, 0.25, 0.01, 128, 1024, 4, 0.01, 4063380224) : -0.6083287081116612
(1.0, 0.001, 0.1, 64, 0, 0.25, 0.01, 128, 1024, 5, 0.01, 4063380224) : -0.6078925083442007
(1.0, 0.001, 0.1, 64, 0, 0.25, 0.01, 128, 1024, 6, 0.01, 4063380224) : -0.6054588144691976
(1.0, 0.001, 0.1, 64, 0, 0.25, 0.01, 128, 1024, 7, 0.01, 4063380224) : -0.6031078481362989
(1.0, 0.001, 0.1, 64, 0, 0.25, 0.01, 128, 1024, 8, 0.01, 4063380224) : -0.6007914769573712
(1.0, 0.001, 0.1, 64, 0, 0.25, 0.01, 128, 1024, 9, 0.01, 4063380224) : -0.5980584597936625
(1.0, 0.001, 0.1, 64, 0, 0.25, 0.01, 128, 1024, 10, 0.01, 4063380224) : -0.597309399503334
(1.0, 0.001, 0.1, 64, 0, 0.25, 0.01, 128, 1024, 11, 0.01, 4063380224) : -0.5935731228744662
(1.0, 0.001, 0.1, 64, 0, 0.25, 0.01, 128, 1024, 12, 0.01, 4063380224) : -0.5964971654535801
(1.0, 0.001, 0.1, 64, 0, 0.25, 0.01, 128, 1024, 13, 0.01, 4063380224) : -0.5995791424312572
(1.0, 0.001, 0.1, 64, 0, 0.25, 0.01, 128, 1024, 14, 0.01, 4063380224) : -0.6009689651386138
(1.0, 0.001, 0.1, 64, 0, 0.25, 0.01, 128, 1024, 1, 0.001, 4063380225) : -0.6144595710501735
(1.0, 0.001, 0.1, 64, 0, 0.25, 0.01, 128, 1024, 2, 0.001, 4063380225) : -0.6124199611030139
(1.0, 0.001, 0.1, 64, 0, 0.25, 0.01, 128, 1024, 3, 0.001, 4063380225) : -0.610093060964182
(1.0, 0.001, 0.1, 64, 0, 0.25, 0.01, 128, 1024, 4, 0.001, 4063380225) : -0.6083587908542446
(1.0, 0.001, 0.1, 64, 0, 0.25, 0.01, 128, 1024, 5, 0.001, 4063380225) : -0.6085347748983579
(1.0, 0.001, 0.1, 64, 0, 0.25, 0.01, 128, 1024, 6, 0.001, 4063380225) : -0.6101667636835115
(1.0, 0.001, 0.1, 64, 0, 0.25, 0.01, 128, 1024, 7, 0.001, 4063380225) : -0.6109549315391986
(1.0, 0.001, 0.1, 64, 0, 0.25, 0.01, 128, 1024, 8, 0.001, 4063380225) : -0.6103698221959499
(1.0, 0.001, 0.1, 64, 0, 0.25, 0.01, 128, 1024, 9, 0.001, 4063380225) : -0.610049440987436
(1.0, 0.001, 0.1, 64, 0, 0.25, 0.01, 128, 1024, 10, 0.001, 4063380225) : -0.6113971478551756
(1.0, 0.001, 0.1, 64, 0, 0.25, 0.01, 128, 1024, 11, 0.001, 4063380225) : -0.6113685692497214
(1.0, 0.001, 0.1, 64, 0, 0.5, 0.01, 128, 1024, 1, 0.01, 4063380226) : -0.6122860928985173
(1.0, 0.001, 0.1, 64, 0, 0.5, 0.01, 128, 1024, 2, 0.01, 4063380226) : -0.6054919054860394
(1.0, 0.001, 0.1, 64, 0, 0.5, 0.01, 128, 1024, 3, 0.01, 4063380226) : -0.6000258711586218
(1.0, 0.001, 0.1, 64, 0, 0.5, 0.01, 128, 1024, 4, 0.01, 4063380226) : -0.599213637108868
(1.0, 0.001, 0.1, 64, 0, 0.5, 0.01, 128, 1024, 5, 0.01, 4063380226) : -0.5970521920542452
(1.0, 0.001, 0.1, 64, 0, 0.5, 0.01, 128, 1024, 6, 0.01, 4063380226) : -0.6001341690319223
(1.0, 0.001, 0.1, 64, 0, 0.5, 0.01, 128, 1024, 7, 0.01, 4063380226) : -0.5953856081151206
(1.0, 0.001, 0.1, 64, 0, 0.5, 0.01, 128, 1024, 8, 0.01, 4063380226) : -0.5951419379001945
(1.0, 0.001, 0.1, 64, 0, 0.5, 0.01, 128, 1024, 9, 0.01, 4063380226) : -0.5880439147876234
(1.0, 0.001, 0.1, 64, 0, 0.5, 0.01, 128, 1024, 10, 0.01, 4063380226) : -0.5889358681052235
(1.0, 0.001, 0.1, 64, 0, 0.5, 0.01, 128, 1024, 11, 0.01, 4063380226) : -0.5813715624826085
(1.0, 0.001, 0.1, 64, 0, 0.5, 0.01, 128, 1024, 1, 0.001, 4063380227) : -0.6173249522812496
(1.0, 0.001, 0.1, 64, 0, 0.5, 0.01, 128, 1024, 2, 0.001, 4063380227) : -0.6188922631698487
(1.0, 0.001, 0.1, 64, 0, 0.5, 0.01, 128, 1024, 3, 0.001, 4063380227) : -0.619250247806592
(1.0, 0.001, 0.1, 64, 0, 0.5, 0.01, 128, 1024, 4, 0.001, 4063380227) : -0.6229669706527805
(1.0, 0.001, 0.1, 64, 0, 0.5, 0.01, 128, 1024, 5, 0.001, 4063380227) : -0.6242093879214781
(1.0, 0.001, 0.1, 64, 0, 0.5, 0.01, 128, 1024, 6, 0.001, 4063380227) : -0.6248712082583145
(1.0, 0.001, 0.1, 64, 0, 0.5, 0.01, 128, 1024, 7, 0.001, 4063380227) : -0.6242966278749701
(1.0, 0.001, 0.1, 64, 0, 0.5, 0.01, 128, 1024, 8, 0.001, 4063380227) : -0.6194217194393179
(1.0, 0.001, 0.1, 64, 0, 0.5, 0.01, 128, 1024, 9, 0.001, 4063380227) : -0.617242224739145
(1.0, 0.001, 0.1, 64, 0, 0.5, 0.01, 128, 1024, 10, 0.001, 4063380227) : -0.6236784275148797
(1.0, 0.001, 0.1, 64, 0, 0.5, 0.01, 128, 1024, 11, 0.001, 4063380227) : -0.6221652655629308
(1.0, 0.001, 0.1, 64, 0, 0.5, 0.01, 128, 1024, 12, 0.001, 4063380227) : -0.6222043731282894
(1.0, 0.001, 0.1, 64, 0, 0.5, 0.01, 128, 1024, 13, 0.001, 4063380227) : -0.6261121213898829
(1.0, 0.001, 0.1, 64, 0, 0.5, 0.01, 128, 1024, 14, 0.001, 4063380227) : -0.6265513294316016
(1.0, 0.001, 0.1, 64, 0, 0.5, 0.01, 128, 1024, 15, 0.001, 4063380227) : -0.6231925912221565
(1.0, 0.001, 0.1, 64, 0, 0.5, 0.01, 128, 1024, 16, 0.001, 4063380227) : -0.6256488471540973
(1.0, 0.001, 0.1, 64, 0, 0.5, 0.01, 128, 1024, 17, 0.001, 4063380227) : -0.6200399197994083
(1.0, 0.001, 0.1, 64, 0, 0.5, 0.01, 128, 1024, 18, 0.001, 4063380227) : -0.6214748666206401
(1.0, 0.001, 0.1, 64, 0, 0.5, 0.01, 128, 1024, 19, 0.001, 4063380227) : -0.6216658920360452
(1.0, 0.001, 0.1, 64, 0, 0.5, 0.01, 128, 1024, 20, 0.001, 4063380227) : -0.622374340623886
(1.0, 0.001, 0.1, 64, 0, 0.5, 0.01, 128, 1024, 21, 0.001, 4063380227) : -0.6155816573485372
(1.0, 0.001, 0.1, 64, 0, 0.5, 0.01, 128, 1024, 22, 0.001, 4063380227) : -0.6158945178714053
(1.0, 0.001, 0.1, 64, 0, 0.5, 0.01, 128, 1024, 23, 0.001, 4063380227) : -0.6162359569997278
(1.0, 0.001, 0.1, 64, 0, 0.5, 0.01, 128, 1024, 24, 0.001, 4063380227) : -0.6210627330472465
(1.0, 0.001, 0.1, 128, 0, 0.25, 0.01, 128, 1024, 1, 0.01, 4063380228) : -0.6039351235573445
(1.0, 0.001, 0.1, 128, 0, 0.25, 0.01, 128, 1024, 2, 0.01, 4063380228) : -0.591649331486253
(1.0, 0.001, 0.1, 128, 0, 0.25, 0.01, 128, 1024, 3, 0.01, 4063380228) : -0.5897120028638771
(1.0, 0.001, 0.1, 128, 0, 0.25, 0.01, 128, 1024, 4, 0.01, 4063380228) : -0.5792537374047317
(1.0, 0.001, 0.1, 128, 0, 0.25, 0.01, 128, 1024, 5, 0.01, 4063380228) : -0.5702259063554306
(1.0, 0.001, 0.1, 128, 0, 0.25, 0.01, 128, 1024, 6, 0.01, 4063380228) : -0.5680749902607121
(1.0, 0.001, 0.1, 128, 0, 0.25, 0.01, 128, 1024, 7, 0.01, 4063380228) : -0.5665302414290506
(1.0, 0.001, 0.1, 128, 0, 0.25, 0.01, 128, 1024, 8, 0.01, 4063380228) : -0.5695475405101732
(1.0, 0.001, 0.1, 128, 0, 0.25, 0.01, 128, 1024, 9, 0.01, 4063380228) : -0.5723527562560824
(1.0, 0.001, 0.1, 128, 0, 0.25, 0.01, 128, 1024, 10, 0.01, 4063380228) : -0.5798689294905638
(1.0, 0.001, 0.1, 128, 0, 0.25, 0.01, 128, 1024, 11, 0.01, 4063380228) : -0.5812346860038536
(1.0, 0.001, 0.1, 128, 0, 0.25, 0.01, 128, 1024, 1, 0.001, 4063380229) : -0.6121401915969875
(1.0, 0.001, 0.1, 128, 0, 0.25, 0.01, 128, 1024, 2, 0.001, 4063380229) : -0.6097862169898305
(1.0, 0.001, 0.1, 128, 0, 0.25, 0.01, 128, 1024, 3, 0.001, 4063380229) : -0.6094703481927041
(1.0, 0.001, 0.1, 128, 0, 0.25, 0.01, 128, 1024, 4, 0.001, 4063380229) : -0.6069148192102377
(1.0, 0.001, 0.1, 128, 0, 0.25, 0.01, 128, 1024, 5, 0.001, 4063380229) : -0.6070622246488968
(1.0, 0.001, 0.1, 128, 0, 0.25, 0.01, 128, 1024, 6, 0.001, 4063380229) : -0.6090642311678272
(1.0, 0.001, 0.1, 128, 0, 0.25, 0.01, 128, 1024, 7, 0.001, 4063380229) : -0.6090311401509853
(1.0, 0.001, 0.1, 128, 0, 0.25, 0.01, 128, 1024, 8, 0.001, 4063380229) : -0.609885490040356
(1.0, 0.001, 0.1, 128, 0, 0.25, 0.01, 128, 1024, 9, 0.001, 4063380229) : -0.6079601945150136
(1.0, 0.001, 0.1, 128, 0, 0.25, 0.01, 128, 1024, 10, 0.001, 4063380229) : -0.6091228925158649
(1.0, 0.001, 0.1, 128, 0, 0.25, 0.01, 128, 1024, 11, 0.001, 4063380229) : -0.6093455048109826
(1.0, 0.001, 0.1, 128, 0, 0.5, 0.01, 128, 1024, 1, 0.01, 4063380230) : -0.6220524552782428
(1.0, 0.001, 0.1, 128, 0, 0.5, 0.01, 128, 1024, 2, 0.01, 4063380230) : -0.5820273662709282
(1.0, 0.001, 0.1, 128, 0, 0.5, 0.01, 128, 1024, 3, 0.01, 4063380230) : -0.5758077592417945
(1.0, 0.001, 0.1, 128, 0, 0.5, 0.01, 128, 1024, 4, 0.01, 4063380230) : -0.566300108448287
(1.0, 0.001, 0.1, 128, 0, 0.5, 0.01, 128, 1024, 5, 0.01, 4063380230) : -0.5698604010330414
(1.0, 0.001, 0.1, 128, 0, 0.5, 0.01, 128, 1024, 6, 0.01, 4063380230) : -0.5784069082010068
(1.0, 0.001, 0.1, 128, 0, 0.5, 0.01, 128, 1024, 7, 0.01, 4063380230) : -0.5743532586378834
(1.0, 0.001, 0.1, 128, 0, 0.5, 0.01, 128, 1024, 8, 0.01, 4063380230) : -0.5737591244718598
(1.0, 0.001, 0.1, 128, 0, 0.5, 0.01, 128, 1024, 9, 0.01, 4063380230) : -0.5836984626214403
(1.0, 0.001, 0.1, 128, 0, 0.5, 0.01, 128, 1024, 10, 0.01, 4063380230) : -0.588075501667336
(1.0, 0.001, 0.1, 128, 0, 0.5, 0.01, 128, 1024, 11, 0.01, 4063380230) : -0.5817084891995433
(1.0, 0.001, 0.1, 128, 0, 0.5, 0.01, 128, 1024, 1, 0.001, 4063380231) : -0.6168932649251767
(1.0, 0.001, 0.1, 128, 0, 0.5, 0.01, 128, 1024, 2, 0.001, 4063380231) : -0.6178318464937812
(1.0, 0.001, 0.1, 128, 0, 0.5, 0.01, 128, 1024, 3, 0.001, 4063380231) : -0.627324455915997
(1.0, 0.001, 0.1, 128, 0, 0.5, 0.01, 128, 1024, 4, 0.001, 4063380231) : -0.6249584482118066
(1.0, 0.001, 0.1, 128, 0, 0.5, 0.01, 128, 1024, 5, 0.001, 4063380231) : -0.6219892815188175
(1.0, 0.001, 0.1, 128, 0, 0.5, 0.01, 128, 1024, 6, 0.001, 4063380231) : -0.6200068287825664
(1.0, 0.001, 0.1, 128, 0, 0.5, 0.01, 128, 1024, 7, 0.001, 4063380231) : -0.6225187377882867
(1.0, 0.001, 0.1, 128, 0, 0.5, 0.01, 128, 1024, 8, 0.001, 4063380231) : -0.6212913618908809
(1.0, 0.001, 0.1, 128, 0, 0.5, 0.01, 128, 1024, 9, 0.001, 4063380231) : -0.6206731615307904
(1.0, 0.001, 0.1, 128, 0, 0.5, 0.01, 128, 1024, 10, 0.001, 4063380231) : -0.6198594233439074
(1.0, 0.001, 0.1, 128, 0, 0.5, 0.01, 128, 1024, 11, 0.001, 4063380231) : -0.6202489948603634
(1.0, 0.001, 0.1, 128, 0, 0.5, 0.01, 128, 1024, 12, 0.001, 4063380231) : -0.6240469411115273
(1.0, 0.001, 0.1, 128, 0, 0.5, 0.01, 128, 1024, 13, 0.001, 4063380231) : -0.6249509275261607
(1.0, 0.001, 1, 0, 0, 0.25, 0.01, 128, 1024, 1, 0.01, 4063380232) : -0.6171128689460361
(1.0, 0.001, 1, 0, 0, 0.25, 0.01, 128, 1024, 2, 0.01, 4063380232) : -0.6141752891327596
(1.0, 0.001, 1, 0, 0, 0.25, 0.01, 128, 1024, 3, 0.01, 4063380232) : -0.6121988529450253
(1.0, 0.001, 1, 0, 0, 0.25, 0.01, 128, 1024, 4, 0.01, 4063380232) : -0.6134878984647272
(1.0, 0.001, 1, 0, 0, 0.25, 0.01, 128, 1024, 5, 0.01, 4063380232) : -0.6166676443558007
(1.0, 0.001, 1, 0, 0, 0.25, 0.01, 128, 1024, 6, 0.01, 4063380232) : -0.6168406201256557
(1.0, 0.001, 1, 0, 0, 0.25, 0.01, 128, 1024, 7, 0.01, 4063380232) : -0.6157501207070046
(1.0, 0.001, 1, 0, 0, 0.25, 0.01, 128, 1024, 8, 0.01, 4063380232) : -0.615372582287582
(1.0, 0.001, 1, 0, 0, 0.25, 0.01, 128, 1024, 9, 0.01, 4063380232) : -0.6157651620782963
(1.0, 0.001, 1, 0, 0, 0.25, 0.01, 128, 1024, 10, 0.01, 4063380232) : -0.6168165539315889
(1.0, 0.001, 1, 0, 0, 0.25, 0.01, 128, 1024, 11, 0.01, 4063380232) : -0.616506701682979
(1.0, 0.001, 1, 0, 0, 0.25, 0.01, 128, 1024, 1, 0.001, 4063380233) : -0.6181928394047829
(1.0, 0.001, 1, 0, 0, 0.25, 0.01, 128, 1024, 2, 0.001, 4063380233) : -0.617138439277232
(1.0, 0.001, 1, 0, 0, 0.25, 0.01, 128, 1024, 3, 0.001, 4063380233) : -0.617502440462492
(1.0, 0.001, 1, 0, 0, 0.25, 0.01, 128, 1024, 4, 0.001, 4063380233) : -0.6159155757912137
(1.0, 0.001, 1, 0, 0, 0.25, 0.01, 128, 1024, 5, 0.001, 4063380233) : -0.6153094085281567
(1.0, 0.001, 1, 0, 0, 0.25, 0.01, 128, 1024, 6, 0.001, 4063380233) : -0.6146776709339037
(1.0, 0.001, 1, 0, 0, 0.25, 0.01, 128, 1024, 7, 0.001, 4063380233) : -0.6151529782667227
(1.0, 0.001, 1, 0, 0, 0.25, 0.01, 128, 1024, 8, 0.001, 4063380233) : -0.6153154250766734
(1.0, 0.001, 1, 0, 0, 0.25, 0.01, 128, 1024, 9, 0.001, 4063380233) : -0.6152387140830855
(1.0, 0.001, 1, 0, 0, 0.25, 0.01, 128, 1024, 10, 0.001, 4063380233) : -0.6157501207070046
(1.0, 0.001, 1, 0, 0, 0.25, 0.01, 128, 1024, 11, 0.001, 4063380233) : -0.6163968996725493
(1.0, 0.001, 1, 0, 0, 0.5, 0.01, 128, 1024, 1, 0.01, 4063380234) : -0.6203708299678266
(1.0, 0.001, 1, 0, 0, 0.5, 0.01, 128, 1024, 2, 0.01, 4063380234) : -0.6217486195781498
(1.0, 0.001, 1, 0, 0, 0.5, 0.01, 128, 1024, 3, 0.01, 4063380234) : -0.6198759688523283
(1.0, 0.001, 1, 0, 0, 0.5, 0.01, 128, 1024, 4, 0.01, 4063380234) : -0.6186380639950183
(1.0, 0.001, 1, 0, 0, 0.5, 0.01, 128, 1024, 5, 0.01, 4063380234) : -0.613113368319563
(1.0, 0.001, 1, 0, 0, 0.5, 0.01, 128, 1024, 6, 0.01, 4063380234) : -0.6143001325144811
(1.0, 0.001, 1, 0, 0, 0.5, 0.01, 128, 1024, 7, 0.01, 4063380234) : -0.6131238972794671
(1.0, 0.001, 1, 0, 0, 0.5, 0.01, 128, 1024, 8, 0.01, 4063380234) : -0.6142113884238598
(1.0, 0.001, 1, 0, 0, 0.5, 0.01, 128, 1024, 9, 0.01, 4063380234) : -0.6133750881800392
(1.0, 0.001, 1, 0, 0, 0.5, 0.01, 128, 1024, 10, 0.01, 4063380234) : -0.6116889504582353
(1.0, 0.001, 1, 0, 0, 0.5, 0.01, 128, 1024, 11, 0.01, 4063380234) : -0.6028295827674017
(1.0, 0.001, 1, 0, 0, 0.5, 0.01, 128, 1024, 12, 0.01, 4063380234) : -0.6088250733642885
(1.0, 0.001, 1, 0, 0, 0.5, 0.01, 128, 1024, 1, 0.001, 4063380235) : -0.619457818730418
(1.0, 0.001, 1, 0, 0, 0.5, 0.01, 128, 1024, 2, 0.001, 4063380235) : -0.6189343790094656
(1.0, 0.001, 1, 0, 0, 0.5, 0.01, 128, 1024, 3, 0.001, 4063380235) : -0.6257390953818478
(1.0, 0.001, 1, 0, 0, 0.5, 0.01, 128, 1024, 4, 0.001, 4063380235) : -0.6271830670258546
(1.0, 0.001, 1, 0, 0, 0.5, 0.01, 128, 1024, 5, 0.001, 4063380235) : -0.6270221243530331
(1.0, 0.001, 1, 0, 0, 0.5, 0.01, 128, 1024, 6, 0.001, 4063380235) : -0.6254563176015631
(1.0, 0.001, 1, 0, 0, 0.5, 0.01, 128, 1024, 7, 0.001, 4063380235) : -0.621673412721691
(1.0, 0.001, 1, 0, 0, 0.5, 0.01, 128, 1024, 8, 0.001, 4063380235) : -0.6219366367192964
(1.0, 0.001, 1, 0, 0, 0.5, 0.01, 128, 1024, 9, 0.001, 4063380235) : -0.6240123459575563
(1.0, 0.001, 1, 0, 0, 0.5, 0.01, 128, 1024, 10, 0.001, 4063380235) : -0.6246561166488427
(1.0, 0.001, 1, 0, 0, 0.5, 0.01, 128, 1024, 11, 0.001, 4063380235) : -0.6240905610882733
(1.0, 0.001, 1, 0, 0, 0.5, 0.01, 128, 1024, 12, 0.001, 4063380235) : -0.6228346065854132
(1.0, 0.001, 1, 0, 0, 0.5, 0.01, 128, 1024, 13, 0.001, 4063380235) : -0.6228060279799589
(1.0, 0.001, 1, 0, 0, 0.5, 0.01, 128, 1024, 14, 0.001, 4063380235) : -0.6243101651091326
(1.0, 0.001, 1, 64, 0, 0.25, 0.01, 128, 1024, 1, 0.01, 4063380236) : -0.6180830373943532
(1.0, 0.001, 1, 64, 0, 0.25, 0.01, 128, 1024, 2, 0.01, 4063380236) : -0.6155696242515037
(1.0, 0.001, 1, 64, 0, 0.25, 0.01, 128, 1024, 3, 0.01, 4063380236) : -0.6183913855058338
(1.0, 0.001, 1, 64, 0, 0.25, 0.01, 128, 1024, 4, 0.01, 4063380236) : -0.6209905344650462
(1.0, 0.001, 1, 64, 0, 0.25, 0.01, 128, 1024, 5, 0.01, 4063380236) : -0.6210311461675339
(1.0, 0.001, 1, 64, 0, 0.25, 0.01, 128, 1024, 6, 0.01, 4063380236) : -0.6161502211833648
(1.0, 0.001, 1, 64, 0, 0.25, 0.01, 128, 1024, 7, 0.01, 4063380236) : -0.6047262996872899
(1.0, 0.001, 1, 64, 0, 0.25, 0.01, 128, 1024, 8, 0.01, 4063380236) : -0.5913891157629059
(1.0, 0.001, 1, 64, 0, 0.25, 0.01, 128, 1024, 9, 0.01, 4063380236) : -0.5964836282194175
(1.0, 0.001, 1, 64, 0, 0.25, 0.01, 128, 1024, 10, 0.01, 4063380236) : -0.598824065592412
(1.0, 0.001, 1, 64, 0, 0.25, 0.01, 128, 1024, 11, 0.01, 4063380236) : -0.5987217842676281
(1.0, 0.001, 1, 64, 0, 0.25, 0.01, 128, 1024, 12, 0.01, 4063380236) : -0.6002575082765146
(1.0, 0.001, 1, 64, 0, 0.25, 0.01, 128, 1024, 13, 0.01, 4063380236) : -0.6033891217794544
(1.0, 0.001, 1, 64, 0, 0.25, 0.01, 128, 1024, 14, 0.01, 4063380236) : -0.599750614063983
(1.0, 0.001, 1, 64, 0, 0.25, 0.01, 128, 1024, 15, 0.01, 4063380236) : -0.5975996979692645
(1.0, 0.001, 1, 64, 0, 0.25, 0.01, 128, 1024, 1, 0.001, 4063380237) : -0.6177385899917723
(1.0, 0.001, 1, 64, 0, 0.25, 0.01, 128, 1024, 2, 0.001, 4063380237) : -0.6175776473189508
(1.0, 0.001, 1, 64, 0, 0.25, 0.01, 128, 1024, 3, 0.001, 4063380237) : -0.6180860456686115
(1.0, 0.001, 1, 64, 0, 0.25, 0.01, 128, 1024, 4, 0.001, 4063380237) : -0.6181146242740658
(1.0, 0.001, 1, 64, 0, 0.25, 0.01, 128, 1024, 5, 0.001, 4063380237) : -0.6170406703638357
(1.0, 0.001, 1, 64, 0, 0.25, 0.01, 128, 1024, 6, 0.001, 4063380237) : -0.6170226207182856
(1.0, 0.001, 1, 64, 0, 0.25, 0.01, 128, 1024, 7, 0.001, 4063380237) : -0.6167985042860388
(1.0, 0.001, 1, 64, 0, 0.25, 0.01, 128, 1024, 8, 0.001, 4063380237) : -0.6179205905844024
(1.0, 0.001, 1, 64, 0, 0.25, 0.01, 128, 1024, 9, 0.001, 4063380237) : -0.6178799788819147
(1.0, 0.001, 1, 64, 0, 0.25, 0.01, 128, 1024, 10, 0.001, 4063380237) : -0.6177476148145474
(1.0, 0.001, 1, 64, 0, 0.25, 0.01, 128, 1024, 11, 0.001, 4063380237) : -0.6198428778354865
(1.0, 0.001, 1, 64, 0, 0.25, 0.01, 128, 1024, 12, 0.001, 4063380237) : -0.6191208920134831
(1.0, 0.001, 1, 64, 0, 0.25, 0.01, 128, 1024, 13, 0.001, 4063380237) : -0.616739842938001
(1.0, 0.001, 1, 64, 0, 0.25, 0.01, 128, 1024, 14, 0.001, 4063380237) : -0.61899905690602
(1.0, 0.001, 1, 64, 0, 0.25, 0.01, 128, 1024, 15, 0.001, 4063380237) : -0.6189749907119533
(1.0, 0.001, 1, 64, 0, 0.25, 0.01, 128, 1024, 16, 0.001, 4063380237) : -0.6182409717929164
(1.0, 0.001, 1, 64, 0, 0.25, 0.01, 128, 1024, 17, 0.001, 4063380237) : -0.6183958979172213
(1.0, 0.001, 1, 64, 0, 0.25, 0.01, 128, 1024, 18, 0.001, 4063380237) : -0.6189569410664031
(1.0, 0.001, 1, 64, 0, 0.25, 0.01, 128, 1024, 19, 0.001, 4063380237) : -0.6194984304329058
(1.0, 0.001, 1, 64, 0, 0.25, 0.01, 128, 1024, 20, 0.001, 4063380237) : -0.6182214180102371
(1.0, 0.001, 1, 64, 0, 0.25, 0.01, 128, 1024, 21, 0.001, 4063380237) : -0.6165623547567585
(1.0, 0.001, 1, 64, 0, 0.5, 0.01, 128, 1024, 1, 0.01, 4063380238) : -0.6145904309804117
(1.0, 0.001, 1, 64, 0, 0.5, 0.01, 128, 1024, 2, 0.01, 4063380238) : -0.6165954457736003
(1.0, 0.001, 1, 64, 0, 0.5, 0.01, 128, 1024, 3, 0.01, 4063380238) : -0.6231068554057936
(1.0, 0.001, 1, 64, 0, 0.5, 0.01, 128, 1024, 4, 0.01, 4063380238) : -0.6227669204146004
(1.0, 0.001, 1, 64, 0, 0.5, 0.01, 128, 1024, 5, 0.01, 4063380238) : -0.6186215184865974
(1.0, 0.001, 1, 64, 0, 0.5, 0.01, 128, 1024, 6, 0.01, 4063380238) : -0.6190306437857327
(1.0, 0.001, 1, 64, 0, 0.5, 0.01, 128, 1024, 7, 0.01, 4063380238) : -0.6124726059025349
(1.0, 0.001, 1, 64, 0, 0.5, 0.01, 128, 1024, 8, 0.01, 4063380238) : -0.6133374847518098
(1.0, 0.001, 1, 64, 0, 0.5, 0.01, 128, 1024, 9, 0.01, 4063380238) : -0.6025392843014712
(1.0, 0.001, 1, 64, 0, 0.5, 0.01, 128, 1024, 10, 0.01, 4063380238) : -0.5975184745642891
(1.0, 0.001, 1, 64, 0, 0.5, 0.01, 128, 1024, 11, 0.01, 4063380238) : -0.5974673339018972
(1.0, 0.001, 1, 64, 0, 0.5, 0.01, 128, 1024, 12, 0.01, 4063380238) : -0.5999431436165172
(1.0, 0.001, 1, 64, 0, 0.5, 0.01, 128, 1024, 13, 0.01, 4063380238) : -0.6042449758059543
(1.0, 0.001, 1, 64, 0, 0.5, 0.01, 128, 1024, 1, 0.001, 4063380239) : -0.6212086343487763
(1.0, 0.001, 1, 64, 0, 0.5, 0.01, 128, 1024, 2, 0.001, 4063380239) : -0.6244620829591793
(1.0, 0.001, 1, 64, 0, 0.5, 0.01, 128, 1024, 3, 0.001, 4063380239) : -0.6253194411228082
(1.0, 0.001, 1, 64, 0, 0.5, 0.01, 128, 1024, 4, 0.001, 4063380239) : -0.6256834423080684
(1.0, 0.001, 1, 64, 0, 0.5, 0.01, 128, 1024, 5, 0.001, 4063380239) : -0.6243221982061661
(1.0, 0.001, 1, 64, 0, 0.5, 0.01, 128, 1024, 6, 0.001, 4063380239) : -0.6248290924186977
(1.0, 0.001, 1, 64, 0, 0.5, 0.01, 128, 1024, 7, 0.001, 4063380239) : -0.6254518051901756
(1.0, 0.001, 1, 64, 0, 0.5, 0.01, 128, 1024, 8, 0.001, 4063380239) : -0.6266746686761939
(1.0, 0.001, 1, 64, 0, 0.5, 0.01, 128, 1024, 9, 0.001, 4063380239) : -0.6267634127668151
(1.0, 0.001, 1, 64, 0, 0.5, 0.01, 128, 1024, 10, 0.001, 4063380239) : -0.6266084866425102
(1.0, 0.001, 1, 64, 0, 0.5, 0.01, 128, 1024, 11, 0.001, 4063380239) : -0.6267724375895901
(1.0, 0.001, 1, 64, 0, 0.5, 0.01, 128, 1024, 12, 0.001, 4063380239) : -0.6258323518838566
(1.0, 0.001, 1, 64, 0, 0.5, 0.01, 128, 1024, 13, 0.001, 4063380239) : -0.6283397484781893
(1.0, 0.001, 1, 64, 0, 0.5, 0.01, 128, 1024, 14, 0.001, 4063380239) : -0.629618265037987
(1.0, 0.001, 1, 64, 0, 0.5, 0.01, 128, 1024, 15, 0.001, 4063380239) : -0.6283999139633563
(1.0, 0.001, 1, 64, 0, 0.5, 0.01, 128, 1024, 16, 0.001, 4063380239) : -0.6280644913835505
(1.0, 0.001, 1, 64, 0, 0.5, 0.01, 128, 1024, 17, 0.001, 4063380239) : -0.6270507029584873
(1.0, 0.001, 1, 64, 0, 0.5, 0.01, 128, 1024, 18, 0.001, 4063380239) : -0.6267468672583942
(1.0, 0.001, 1, 64, 0, 0.5, 0.01, 128, 1024, 19, 0.001, 4063380239) : -0.6269619588678661
(1.0, 0.001, 1, 64, 0, 0.5, 0.01, 128, 1024, 20, 0.001, 4063380239) : -0.6269694795535119
(1.0, 0.001, 1, 64, 0, 0.5, 0.01, 128, 1024, 21, 0.001, 4063380239) : -0.627324455915997
(1.0, 0.001, 1, 64, 0, 0.5, 0.01, 128, 1024, 22, 0.001, 4063380239) : -0.6267408507098775
(1.0, 0.001, 1, 64, 0, 0.5, 0.01, 128, 1024, 23, 0.001, 4063380239) : -0.6281923430395302
(1.0, 0.001, 1, 64, 0, 0.5, 0.01, 128, 1024, 24, 0.001, 4063380239) : -0.6283247071068975
(1.0, 0.001, 1, 128, 0, 0.25, 0.01, 128, 1024, 1, 0.01, 4063380240) : -0.6184289889340632
(1.0, 0.001, 1, 128, 0, 0.25, 0.01, 128, 1024, 2, 0.01, 4063380240) : -0.6085137169785495
(1.0, 0.001, 1, 128, 0, 0.25, 0.01, 128, 1024, 3, 0.01, 4063380240) : -0.6084234687507991
(1.0, 0.001, 1, 128, 0, 0.25, 0.01, 128, 1024, 4, 0.01, 4063380240) : -0.6093560337708869
(1.0, 0.001, 1, 128, 0, 0.25, 0.01, 128, 1024, 5, 0.01, 4063380240) : -0.6096824315279176
(1.0, 0.001, 1, 128, 0, 0.25, 0.01, 128, 1024, 6, 0.01, 4063380240) : -0.6127523754085612
(1.0, 0.001, 1, 128, 0, 0.25, 0.01, 128, 1024, 7, 0.01, 4063380240) : -0.6132021124101842
(1.0, 0.001, 1, 128, 0, 0.25, 0.01, 128, 1024, 8, 0.01, 4063380240) : -0.6144926620670154
(1.0, 0.001, 1, 128, 0, 0.25, 0.01, 128, 1024, 9, 0.01, 4063380240) : -0.6170978275747443
(1.0, 0.001, 1, 128, 0, 0.25, 0.01, 128, 1024, 10, 0.01, 4063380240) : -0.6192923636462089
(1.0, 0.001, 1, 128, 0, 0.25, 0.01, 128, 1024, 11, 0.01, 4063380240) : -0.6216328010192034
(1.0, 0.001, 1, 128, 0, 0.25, 0.01, 128, 1024, 12, 0.01, 4063380240) : -0.6191494706189374
(1.0, 0.001, 1, 128, 0, 0.25, 0.01, 128, 1024, 13, 0.01, 4063380240) : -0.6207573932100242
(1.0, 0.001, 1, 128, 0, 0.25, 0.01, 128, 1024, 14, 0.01, 4063380240) : -0.619241222983817
(1.0, 0.001, 1, 128, 0, 0.25, 0.01, 128, 1024, 15, 0.01, 4063380240) : -0.6192051236927169
(1.0, 0.001, 1, 128, 0, 0.25, 0.01, 128, 1024, 16, 0.01, 4063380240) : -0.620737839427345
(1.0, 0.001, 1, 128, 0, 0.25, 0.01, 128, 1024, 17, 0.01, 4063380240) : -0.6197014889453442
(1.0, 0.001, 1, 128, 0, 0.25, 0.01, 128, 1024, 18, 0.01, 4063380240) : -0.6230105906295265
(1.0, 0.001, 1, 128, 0, 0.25, 0.01, 128, 1024, 19, 0.01, 4063380240) : -0.6220705049237929
(1.0, 0.001, 1, 128, 0, 0.25, 0.01, 128, 1024, 20, 0.01, 4063380240) : -0.623153483656798
(1.0, 0.001, 1, 128, 0, 0.25, 0.01, 128, 1024, 21, 0.01, 4063380240) : -0.6211168819838967
(1.0, 0.001, 1, 128, 0, 0.25, 0.01, 128, 1024, 22, 0.01, 4063380240) : -0.6228812348364176
(1.0, 0.001, 1, 128, 0, 0.25, 0.01, 128, 1024, 23, 0.01, 4063380240) : -0.6237987584852136
(1.0, 0.001, 1, 128, 0, 0.25, 0.01, 128, 1024, 24, 0.01, 4063380240) : -0.6197751916646737
(1.0, 0.001, 1, 128, 0, 0.25, 0.01, 128, 1024, 25, 0.01, 4063380240) : -0.6194096863422844
(1.0, 0.001, 1, 128, 0, 0.25, 0.01, 128, 1024, 26, 0.01, 4063380240) : -0.6210792785556674
(1.0, 0.001, 1, 128, 0, 0.25, 0.01, 128, 1024, 27, 0.01, 4063380240) : -0.6034613203616548
(1.0, 0.001, 1, 128, 0, 0.25, 0.01, 128, 1024, 28, 0.01, 4063380240) : -0.600823063837084
(1.0, 0.001, 1, 128, 0, 0.25, 0.01, 128, 1024, 29, 0.01, 4063380240) : -0.601585661361575
(1.0, 0.001, 1, 128, 0, 0.25, 0.01, 128, 1024, 30, 0.01, 4063380240) : -0.6043788440104507
(1.0, 0.001, 1, 128, 0, 0.25, 0.01, 128, 1024, 31, 0.01, 4063380240) : -0.608387369459699
(1.0, 0.001, 1, 128, 0, 0.25, 0.01, 128, 1024, 32, 0.01, 4063380240) : -0.6113475113299129
(1.0, 0.001, 1, 128, 0, 0.25, 0.01, 128, 1024, 33, 0.01, 4063380240) : -0.6115475615680931
(1.0, 0.001, 1, 128, 0, 0.25, 0.01, 128, 1024, 1, 0.001, 4063380241) : -0.6165593464825001
(1.0, 0.001, 1, 128, 0, 0.25, 0.01, 128, 1024, 2, 0.001, 4063380241) : -0.6165834126765669
(1.0, 0.001, 1, 128, 0, 0.25, 0.01, 128, 1024, 3, 0.001, 4063380241) : -0.6186726591489893
(1.0, 0.001, 1, 128, 0, 0.25, 0.01, 128, 1024, 4, 0.001, 4063380241) : -0.6179627064240193
(1.0, 0.001, 1, 128, 0, 0.25, 0.01, 128, 1024, 5, 0.001, 4063380241) : -0.6189178335010447
(1.0, 0.001, 1, 128, 0, 0.25, 0.01, 128, 1024, 6, 0.001, 4063380241) : -0.620063985993475
(1.0, 0.001, 1, 128, 0, 0.25, 0.01, 128, 1024, 7, 0.001, 4063380241) : -0.6199647129429496
(1.0, 0.001, 1, 128, 0, 0.25, 0.01, 128, 1024, 8, 0.001, 4063380241) : -0.6211244026695426
(1.0, 0.001, 1, 128, 0, 0.25, 0.01, 128, 1024, 9, 0.001, 4063380241) : -0.6210446834016964
(1.0, 0.001, 1, 128, 0, 0.25, 0.01, 128, 1024, 10, 0.001, 4063380241) : -0.6208070297352869
(1.0, 0.001, 1, 128, 0, 0.25, 0.01, 128, 1024, 11, 0.001, 4063380241) : -0.6210928157898299
(1.0, 0.001, 1, 128, 0, 0.25, 0.01, 128, 1024, 12, 0.001, 4063380241) : -0.6208671952204539
(1.0, 0.001, 1, 128, 0, 0.25, 0.01, 128, 1024, 13, 0.001, 4063380241) : -0.6223517785669483
(1.0, 0.001, 1, 128, 0, 0.25, 0.01, 128, 1024, 14, 0.001, 4063380241) : -0.6205513264233273
(1.0, 0.001, 1, 128, 0, 0.25, 0.01, 128, 1024, 15, 0.001, 4063380241) : -0.6207980049125119
(1.0, 0.001, 1, 128, 0, 0.25, 0.01, 128, 1024, 16, 0.001, 4063380241) : -0.6205799050287817
(1.0, 0.001, 1, 128, 0, 0.25, 0.01, 128, 1024, 17, 0.001, 4063380241) : -0.6205528305604565
(1.0, 0.001, 1, 128, 0, 0.25, 0.01, 128, 1024, 18, 0.001, 4063380241) : -0.6210115923848546
(1.0, 0.001, 1, 128, 0, 0.25, 0.01, 128, 1024, 19, 0.001, 4063380241) : -0.6214177094097315
(1.0, 0.001, 1, 128, 0, 0.25, 0.01, 128, 1024, 20, 0.001, 4063380241) : -0.6219607029133633
(1.0, 0.001, 1, 128, 0, 0.25, 0.01, 128, 1024, 21, 0.001, 4063380241) : -0.6221487200545099
(1.0, 0.001, 1, 128, 0, 0.25, 0.01, 128, 1024, 22, 0.001, 4063380241) : -0.6204776237039978
(1.0, 0.001, 1, 128, 0, 0.25, 0.01, 128, 1024, 23, 0.001, 4063380241) : -0.6190562141169286
(1.0, 0.001, 1, 128, 0, 0.5, 0.01, 128, 1024, 1, 0.01, 4063380242) : -0.6115280077854138
(1.0, 0.001, 1, 128, 0, 0.5, 0.01, 128, 1024, 2, 0.01, 4063380242) : -0.6091198842416066
(1.0, 0.001, 1, 128, 0, 0.5, 0.01, 128, 1024, 3, 0.01, 4063380242) : -0.6098298369665766
(1.0, 0.001, 1, 128, 0, 0.5, 0.01, 128, 1024, 4, 0.01, 4063380242) : -0.6093876206505995
(1.0, 0.001, 1, 128, 0, 0.5, 0.01, 128, 1024, 5, 0.01, 4063380242) : -0.606752372400287
(1.0, 0.001, 1, 128, 0, 0.5, 0.01, 128, 1024, 6, 0.01, 4063380242) : -0.6134894026018564
(1.0, 0.001, 1, 128, 0, 0.5, 0.01, 128, 1024, 7, 0.01, 4063380242) : -0.6142610249491226
(1.0, 0.001, 1, 128, 0, 0.5, 0.01, 128, 1024, 8, 0.01, 4063380242) : -0.6052677890537924
(1.0, 0.001, 1, 128, 0, 0.5, 0.01, 128, 1024, 9, 0.01, 4063380242) : -0.6129614504695164
(1.0, 0.001, 1, 128, 0, 0.5, 0.01, 128, 1024, 10, 0.01, 4063380242) : -0.6172738116188576
(1.0, 0.001, 1, 128, 0, 0.5, 0.01, 128, 1024, 11, 0.01, 4063380242) : -0.6161321715378147
(1.0, 0.001, 1, 128, 0, 0.5, 0.01, 128, 1024, 12, 0.01, 4063380242) : -0.6130125911319083
(1.0, 0.001, 1, 128, 0, 0.5, 0.01, 128, 1024, 13, 0.01, 4063380242) : -0.6116197601502934
(1.0, 0.001, 1, 128, 0, 0.5, 0.01, 128, 1024, 14, 0.01, 4063380242) : -0.6088566602440011
(1.0, 0.001, 1, 128, 0, 0.5, 0.01, 128, 1024, 15, 0.01, 4063380242) : -0.6053084007562801
(1.0, 0.001, 1, 128, 0, 0.5, 0.01, 128, 1024, 16, 0.01, 4063380242) : -0.6058649314940745
(1.0, 0.001, 1, 128, 0, 0.5, 0.01, 128, 1024, 17, 0.01, 4063380242) : -0.6063522719239267
(1.0, 0.001, 1, 128, 0, 0.5, 0.01, 128, 1024, 18, 0.01, 4063380242) : -0.60141268559172
(1.0, 0.001, 1, 128, 0, 0.5, 0.01, 128, 1024, 19, 0.01, 4063380242) : -0.6060755106921588
(1.0, 0.001, 1, 128, 0, 0.5, 0.01, 128, 1024, 20, 0.01, 4063380242) : -0.6064139415462229
(1.0, 0.001, 1, 128, 0, 0.5, 0.01, 128, 1024, 1, 0.001, 4063380243) : -0.6225397957080951
(1.0, 0.001, 1, 128, 0, 0.5, 0.01, 128, 1024, 2, 0.001, 4063380243) : -0.6246215214948716
(1.0, 0.001, 1, 128, 0, 0.5, 0.01, 128, 1024, 3, 0.001, 4063380243) : -0.6232843435870361
(1.0, 0.001, 1, 128, 0, 0.5, 0.01, 128, 1024, 4, 0.001, 4063380243) : -0.623352029757849
(1.0, 0.001, 1, 128, 0, 0.5, 0.01, 128, 1024, 5, 0.001, 4063380243) : -0.62375062609708
(1.0, 0.001, 1, 128, 0, 0.5, 0.01, 128, 1024, 6, 0.001, 4063380243) : -0.6224600764402489
(1.0, 0.001, 1, 128, 0, 0.5, 0.01, 128, 1024, 7, 0.001, 4063380243) : -0.6233986580088533
(1.0, 0.001, 1, 128, 0, 0.5, 0.01, 128, 1024, 8, 0.001, 4063380243) : -0.622754887317567
(1.0, 0.001, 1, 128, 0, 0.5, 0.01, 128, 1024, 9, 0.001, 4063380243) : -0.6249298696063522
(1.0, 0.001, 1, 128, 0, 0.5, 0.01, 128, 1024, 10, 0.001, 4063380243) : -0.6260730138245244
(1.0, 0.001, 1, 128, 0, 0.5, 0.01, 128, 1024, 11, 0.001, 4063380243) : -0.6268897602856657
(1.0, 0.001, 1, 128, 0, 0.5, 0.01, 128, 1024, 12, 0.001, 4063380243) : -0.627679432278482
(1.0, 0.001, 1, 128, 0, 0.5, 0.01, 128, 1024, 13, 0.001, 4063380243) : -0.6270356615871956
(1.0, 0.001, 1, 128, 0, 0.5, 0.01, 128, 1024, 14, 0.001, 4063380243) : -0.6245989594379341
(1.0, 0.001, 1, 128, 0, 0.5, 0.01, 128, 1024, 15, 0.001, 4063380243) : -0.625931624934382
(1.0, 0.001, 1, 128, 0, 0.5, 0.01, 128, 1024, 16, 0.001, 4063380243) : -0.6259466663056737
(1.0, 0.001, 1, 128, 0, 0.5, 0.01, 128, 1024, 17, 0.001, 4063380243) : -0.6257210457362977
(1.0, 0.001, 1, 128, 0, 0.5, 0.01, 128, 1024, 18, 0.001, 4063380243) : -0.6240484452486564
(1.0, 0.001, 1, 128, 0, 0.5, 0.01, 128, 1024, 19, 0.001, 4063380243) : -0.6239266101411933
(1.0, 0.001, 1, 128, 0, 0.5, 0.01, 128, 1024, 20, 0.001, 4063380243) : -0.6232076325934482
(1.0, 0.001, 1, 128, 0, 0.5, 0.01, 128, 1024, 21, 0.001, 4063380243) : -0.621007079973467
(1.0, 0.001, 1, 128, 0, 0.5, 0.01, 128, 1024, 22, 0.001, 4063380243) : -0.6180965746285157
(1.0, 0.01, 0.1, 0, 0, 0.25, 0.01, 128, 1024, 1, 0.01, 4063380244) : -0.6089183298662972
(1.0, 0.01, 0.1, 0, 0, 0.25, 0.01, 128, 1024, 2, 0.01, 4063380244) : -0.6090281318767269
(1.0, 0.01, 0.1, 0, 0, 0.25, 0.01, 128, 1024, 3, 0.01, 4063380244) : -0.602364804394487
(1.0, 0.01, 0.1, 0, 0, 0.25, 0.01, 128, 1024, 4, 0.01, 4063380244) : -0.5904369969601388
(1.0, 0.01, 0.1, 0, 0, 0.25, 0.01, 128, 1024, 5, 0.01, 4063380244) : -0.6013886193976532
(1.0, 0.01, 0.1, 0, 0, 0.25, 0.01, 128, 1024, 6, 0.01, 4063380244) : -0.5973244408746257
(1.0, 0.01, 0.1, 0, 0, 0.25, 0.01, 128, 1024, 7, 0.01, 4063380244) : -0.5967047363774061
(1.0, 0.01, 0.1, 0, 0, 0.25, 0.01, 128, 1024, 8, 0.01, 4063380244) : -0.5950125821070855
(1.0, 0.01, 0.1, 0, 0, 0.25, 0.01, 128, 1024, 9, 0.01, 4063380244) : -0.5991489592123135
(1.0, 0.01, 0.1, 0, 0, 0.25, 0.01, 128, 1024, 10, 0.01, 4063380244) : -0.6028340951787893
(1.0, 0.01, 0.1, 0, 0, 0.25, 0.01, 128, 1024, 11, 0.01, 4063380244) : -0.602779946242139
(1.0, 0.01, 0.1, 0, 0, 0.25, 0.01, 128, 1024, 12, 0.01, 4063380244) : -0.6076428215807579
(1.0, 0.01, 0.1, 0, 0, 0.25, 0.01, 128, 1024, 1, 0.001, 4063380245) : -0.6127478629971738
(1.0, 0.01, 0.1, 0, 0, 0.25, 0.01, 128, 1024, 2, 0.001, 4063380245) : -0.6097200349561469
(1.0, 0.01, 0.1, 0, 0, 0.25, 0.01, 128, 1024, 3, 0.001, 4063380245) : -0.609080776676248
(1.0, 0.01, 0.1, 0, 0, 0.25, 0.01, 128, 1024, 4, 0.001, 4063380245) : -0.612204869493542
(1.0, 0.01, 0.1, 0, 0, 0.25, 0.01, 128, 1024, 5, 0.001, 4063380245) : -0.6107263026955642
(1.0, 0.01, 0.1, 0, 0, 0.25, 0.01, 128, 1024, 6, 0.001, 4063380245) : -0.6123808535376554
(1.0, 0.01, 0.1, 0, 0, 0.25, 0.01, 128, 1024, 7, 0.001, 4063380245) : -0.6127463588600446
(1.0, 0.01, 0.1, 0, 0, 0.25, 0.01, 128, 1024, 8, 0.001, 4063380245) : -0.6131855669017633
(1.0, 0.01, 0.1, 0, 0, 0.25, 0.01, 128, 1024, 9, 0.001, 4063380245) : -0.6174106880976125
(1.0, 0.01, 0.1, 0, 0, 0.25, 0.01, 128, 1024, 10, 0.001, 4063380245) : -0.616004319881835
(1.0, 0.01, 0.1, 0, 0, 0.25, 0.01, 128, 1024, 11, 0.001, 4063380245) : -0.6173309688297662
(1.0, 0.01, 0.1, 0, 0, 0.25, 0.01, 128, 1024, 12, 0.001, 4063380245) : -0.6159847660991558
(1.0, 0.01, 0.1, 0, 0, 0.25, 0.01, 128, 1024, 13, 0.001, 4063380245) : -0.6137812052049161
(1.0, 0.01, 0.1, 0, 0, 0.25, 0.01, 128, 1024, 14, 0.001, 4063380245) : -0.6137932383019495
(1.0, 0.01, 0.1, 0, 0, 0.25, 0.01, 128, 1024, 15, 0.001, 4063380245) : -0.613399154374106
(1.0, 0.01, 0.1, 0, 0, 0.25, 0.01, 128, 1024, 16, 0.001, 4063380245) : -0.6123793494005262
(1.0, 0.01, 0.1, 0, 0, 0.25, 0.01, 128, 1024, 17, 0.001, 4063380245) : -0.6124169528287555
(1.0, 0.01, 0.1, 0, 0, 0.25, 0.01, 128, 1024, 18, 0.001, 4063380245) : -0.6121371833227292
(1.0, 0.01, 0.1, 0, 0, 0.25, 0.01, 128, 1024, 19, 0.001, 4063380245) : -0.6156042194054747
(1.0, 0.01, 0.1, 0, 0, 0.5, 0.01, 128, 1024, 1, 0.01, 4063380246) : -0.6052151442542714
(1.0, 0.01, 0.1, 0, 0, 0.5, 0.01, 128, 1024, 2, 0.01, 4063380246) : -0.5988255697295412
(1.0, 0.01, 0.1, 0, 0, 0.5, 0.01, 128, 1024, 3, 0.01, 4063380246) : -0.5992000998747053
(1.0, 0.01, 0.1, 0, 0, 0.5, 0.01, 128, 1024, 4, 0.01, 4063380246) : -0.5978599136926115
(1.0, 0.01, 0.1, 0, 0, 0.5, 0.01, 128, 1024, 5, 0.01, 4063380246) : -0.5856703863977871
(1.0, 0.01, 0.1, 0, 0, 0.5, 0.01, 128, 1024, 6, 0.01, 4063380246) : -0.5907618905800404
(1.0, 0.01, 0.1, 0, 0, 0.5, 0.01, 128, 1024, 7, 0.01, 4063380246) : -0.5920689857452924
(1.0, 0.01, 0.1, 0, 0, 0.5, 0.01, 128, 1024, 8, 0.01, 4063380246) : -0.5878213024925056
(1.0, 0.01, 0.1, 0, 0, 0.5, 0.01, 128, 1024, 9, 0.01, 4063380246) : -0.5957947334142559
(1.0, 0.01, 0.1, 0, 0, 0.5, 0.01, 128, 1024, 10, 0.01, 4063380246) : -0.5917982410620412
(1.0, 0.01, 0.1, 0, 0, 0.5, 0.01, 128, 1024, 11, 0.01, 4063380246) : -0.5972387050582627
(1.0, 0.01, 0.1, 0, 0, 0.5, 0.01, 128, 1024, 1, 0.001, 4063380247) : -0.6238077833079886
(1.0, 0.01, 0.1, 0, 0, 0.5, 0.01, 128, 1024, 2, 0.001, 4063380247) : -0.6170151000326398
(1.0, 0.01, 0.1, 0, 0, 0.5, 0.01, 128, 1024, 3, 0.001, 4063380247) : -0.6204475409614144
(1.0, 0.01, 0.1, 0, 0, 0.5, 0.01, 128, 1024, 4, 0.001, 4063380247) : -0.6219637111876215
(1.0, 0.01, 0.1, 0, 0, 0.5, 0.01, 128, 1024, 5, 0.001, 4063380247) : -0.6209920386021753
(1.0, 0.01, 0.1, 0, 0, 0.5, 0.01, 128, 1024, 6, 0.001, 4063380247) : -0.6232332029246442
(1.0, 0.01, 0.1, 0, 0, 0.5, 0.01, 128, 1024, 7, 0.001, 4063380247) : -0.6180935663542574
(1.0, 0.01, 0.1, 0, 0, 0.5, 0.01, 128, 1024, 8, 0.001, 4063380247) : -0.6212537584626515
(1.0, 0.01, 0.1, 0, 0, 0.5, 0.01, 128, 1024, 9, 0.001, 4063380247) : -0.6215019410889652
(1.0, 0.01, 0.1, 0, 0, 0.5, 0.01, 128, 1024, 10, 0.001, 4063380247) : -0.619266793315013
(1.0, 0.01, 0.1, 0, 0, 0.5, 0.01, 128, 1024, 11, 0.001, 4063380247) : -0.6213259570448518
(1.0, 0.01, 0.1, 64, 0, 0.25, 0.01, 128, 1024, 1, 0.01, 4063380248) : -0.613424724705302
(1.0, 0.01, 0.1, 64, 0, 0.25, 0.01, 128, 1024, 2, 0.01, 4063380248) : -0.6102795739681995
(1.0, 0.01, 0.1, 64, 0, 0.25, 0.01, 128, 1024, 3, 0.01, 4063380248) : -0.6045819025228892
(1.0, 0.01, 0.1, 64, 0, 0.25, 0.01, 128, 1024, 4, 0.01, 4063380248) : -0.5960955608400906
(1.0, 0.01, 0.1, 64, 0, 0.25, 0.01, 128, 1024, 5, 0.01, 4063380248) : -0.5878694348806393
(1.0, 0.01, 0.1, 64, 0, 0.25, 0.01, 128, 1024, 6, 0.01, 4063380248) : -0.5856824194948205
(1.0, 0.01, 0.1, 64, 0, 0.25, 0.01, 128, 1024, 7, 0.01, 4063380248) : -0.5880589561589151
(1.0, 0.01, 0.1, 64, 0, 0.25, 0.01, 128, 1024, 8, 0.01, 4063380248) : -0.5815610837608843
(1.0, 0.01, 0.1, 64, 0, 0.25, 0.01, 128, 1024, 9, 0.01, 4063380248) : -0.5762740417518384
(1.0, 0.01, 0.1, 64, 0, 0.25, 0.01, 128, 1024, 10, 0.01, 4063380248) : -0.5789198189620551
(1.0, 0.01, 0.1, 64, 0, 0.25, 0.01, 128, 1024, 11, 0.01, 4063380248) : -0.5736613555584635
(1.0, 0.01, 0.1, 64, 0, 0.25, 0.01, 128, 1024, 1, 0.001, 4063380249) : -0.6104495414637962
(1.0, 0.01, 0.1, 64, 0, 0.25, 0.01, 128, 1024, 2, 0.001, 4063380249) : -0.6085362790354871
(1.0, 0.01, 0.1, 64, 0, 0.25, 0.01, 128, 1024, 3, 0.001, 4063380249) : -0.6098569114349017
(1.0, 0.01, 0.1, 64, 0, 0.25, 0.01, 128, 1024, 4, 0.001, 4063380249) : -0.6108526502144147
(1.0, 0.01, 0.1, 64, 0, 0.25, 0.01, 128, 1024, 5, 0.001, 4063380249) : -0.6091875704124193
(1.0, 0.01, 0.1, 64, 0, 0.25, 0.01, 128, 1024, 6, 0.001, 4063380249) : -0.6078594173273589
(1.0, 0.01, 0.1, 64, 0, 0.25, 0.01, 128, 1024, 7, 0.001, 4063380249) : -0.6096132412199755
(1.0, 0.01, 0.1, 64, 0, 0.25, 0.01, 128, 1024, 8, 0.001, 4063380249) : -0.6116754132240728
(1.0, 0.01, 0.1, 64, 0, 0.25, 0.01, 128, 1024, 9, 0.001, 4063380249) : -0.6131825586275049
(1.0, 0.01, 0.1, 64, 0, 0.25, 0.01, 128, 1024, 10, 0.001, 4063380249) : -0.61282758226502
(1.0, 0.01, 0.1, 64, 0, 0.25, 0.01, 128, 1024, 11, 0.001, 4063380249) : -0.6146114889002201
(1.0, 0.01, 0.1, 64, 0, 0.25, 0.01, 128, 1024, 12, 0.001, 4063380249) : -0.6126696478664567
(1.0, 0.01, 0.1, 64, 0, 0.25, 0.01, 128, 1024, 13, 0.001, 4063380249) : -0.6104931614405422
(1.0, 0.01, 0.1, 64, 0, 0.25, 0.01, 128, 1024, 14, 0.001, 4063380249) : -0.6092086283322278
(1.0, 0.01, 0.1, 64, 0, 0.25, 0.01, 128, 1024, 15, 0.001, 4063380249) : -0.6079842607090803
(1.0, 0.01, 0.1, 64, 0, 0.25, 0.01, 128, 1024, 16, 0.001, 4063380249) : -0.6073434982920523
(1.0, 0.01, 0.1, 64, 0, 0.25, 0.01, 128, 1024, 17, 0.001, 4063380249) : -0.6053520207330262
(1.0, 0.01, 0.1, 64, 0, 0.25, 0.01, 128, 1024, 18, 0.001, 4063380249) : -0.6046134894026018
(1.0, 0.01, 0.1, 64, 0, 0.25, 0.01, 128, 1024, 19, 0.001, 4063380249) : -0.6039230904603111
(1.0, 0.01, 0.1, 64, 0, 0.25, 0.01, 128, 1024, 20, 0.001, 4063380249) : -0.602424969879654
(1.0, 0.01, 0.1, 64, 0, 0.25, 0.01, 128, 1024, 21, 0.001, 4063380249) : -0.6045593404659516
(1.0, 0.01, 0.1, 64, 0, 0.5, 0.01, 128, 1024, 1, 0.01, 4063380250) : -0.6027092517970678
(1.0, 0.01, 0.1, 64, 0, 0.5, 0.01, 128, 1024, 2, 0.01, 4063380250) : -0.6027197807569721
(1.0, 0.01, 0.1, 64, 0, 0.5, 0.01, 128, 1024, 3, 0.01, 4063380250) : -0.6022354486013781
(1.0, 0.01, 0.1, 64, 0, 0.5, 0.01, 128, 1024, 4, 0.01, 4063380250) : -0.5934618167269073
(1.0, 0.01, 0.1, 64, 0, 0.5, 0.01, 128, 1024, 5, 0.01, 4063380250) : -0.583912050093783
(1.0, 0.01, 0.1, 64, 0, 0.5, 0.01, 128, 1024, 6, 0.01, 4063380250) : -0.5717571179529295
(1.0, 0.01, 0.1, 64, 0, 0.5, 0.01, 128, 1024, 7, 0.01, 4063380250) : -0.5690602000803209
(1.0, 0.01, 0.1, 64, 0, 0.5, 0.01, 128, 1024, 8, 0.01, 4063380250) : -0.5646936899943295
(1.0, 0.01, 0.1, 64, 0, 0.5, 0.01, 128, 1024, 9, 0.01, 4063380250) : -0.5684013880177428
(1.0, 0.01, 0.1, 64, 0, 0.5, 0.01, 128, 1024, 10, 0.01, 4063380250) : -0.5613439766076593
(1.0, 0.01, 0.1, 64, 0, 0.5, 0.01, 128, 1024, 11, 0.01, 4063380250) : -0.5538834564469574
(1.0, 0.01, 0.1, 64, 0, 0.5, 0.01, 128, 1024, 12, 0.01, 4063380250) : -0.5526124605728056
(1.0, 0.01, 0.1, 64, 0, 0.5, 0.01, 128, 1024, 1, 0.001, 4063380251) : -0.6176829369179929
(1.0, 0.01, 0.1, 64, 0, 0.5, 0.01, 128, 1024, 2, 0.001, 4063380251) : -0.6132457323869303
(1.0, 0.01, 0.1, 64, 0, 0.5, 0.01, 128, 1024, 3, 0.001, 4063380251) : -0.6163262052274782
(1.0, 0.01, 0.1, 64, 0, 0.5, 0.01, 128, 1024, 4, 0.001, 4063380251) : -0.6191630078531
(1.0, 0.01, 0.1, 64, 0, 0.5, 0.01, 128, 1024, 5, 0.001, 4063380251) : -0.6216012141394907
(1.0, 0.01, 0.1, 64, 0, 0.5, 0.01, 128, 1024, 6, 0.001, 4063380251) : -0.619612744854723
(1.0, 0.01, 0.1, 64, 0, 0.5, 0.01, 128, 1024, 7, 0.001, 4063380251) : -0.6207664180327992
(1.0, 0.01, 0.1, 64, 0, 0.5, 0.01, 128, 1024, 8, 0.001, 4063380251) : -0.6194277359878345
(1.0, 0.01, 0.1, 64, 0, 0.5, 0.01, 128, 1024, 9, 0.001, 4063380251) : -0.6218343553945126
(1.0, 0.01, 0.1, 64, 0, 0.5, 0.01, 128, 1024, 10, 0.001, 4063380251) : -0.6184891544192301
(1.0, 0.01, 0.1, 64, 0, 0.5, 0.01, 128, 1024, 11, 0.001, 4063380251) : -0.6141662643099847
(1.0, 0.01, 0.1, 64, 0, 0.5, 0.01, 128, 1024, 12, 0.001, 4063380251) : -0.6155831614856663
(1.0, 0.01, 0.1, 64, 0, 0.5, 0.01, 128, 1024, 13, 0.001, 4063380251) : -0.6134487908993688
(1.0, 0.01, 0.1, 64, 0, 0.5, 0.01, 128, 1024, 14, 0.001, 4063380251) : -0.6122454811960297
(1.0, 0.01, 0.1, 64, 0, 0.5, 0.01, 128, 1024, 15, 0.001, 4063380251) : -0.6167022395097717
(1.0, 0.01, 0.1, 64, 0, 0.5, 0.01, 128, 1024, 16, 0.001, 4063380251) : -0.6137375852281701
(1.0, 0.01, 0.1, 64, 0, 0.5, 0.01, 128, 1024, 17, 0.001, 4063380251) : -0.6074457796168361
(1.0, 0.01, 0.1, 64, 0, 0.5, 0.01, 128, 1024, 18, 0.001, 4063380251) : -0.6072246714588475
(1.0, 0.01, 0.1, 64, 0, 0.5, 0.01, 128, 1024, 19, 0.001, 4063380251) : -0.6054197069038391
(1.0, 0.01, 0.1, 128, 0, 0.25, 0.01, 128, 1024, 1, 0.01, 4063380252) : -0.5947598870693843
(1.0, 0.01, 0.1, 128, 0, 0.25, 0.01, 128, 1024, 2, 0.01, 4063380252) : -0.5757400730709817
(1.0, 0.01, 0.1, 128, 0, 0.25, 0.01, 128, 1024, 3, 0.01, 4063380252) : -0.5621336486004757
(1.0, 0.01, 0.1, 128, 0, 0.25, 0.01, 128, 1024, 4, 0.01, 4063380252) : -0.5509879924732978
(1.0, 0.01, 0.1, 128, 0, 0.25, 0.01, 128, 1024, 5, 0.01, 4063380252) : -0.5533148926121296
(1.0, 0.01, 0.1, 128, 0, 0.25, 0.01, 128, 1024, 6, 0.01, 4063380252) : -0.5471719965765839
(1.0, 0.01, 0.1, 128, 0, 0.25, 0.01, 128, 1024, 7, 0.01, 4063380252) : -0.5441757554152697
(1.0, 0.01, 0.1, 128, 0, 0.25, 0.01, 128, 1024, 8, 0.01, 4063380252) : -0.5516738790042011
(1.0, 0.01, 0.1, 128, 0, 0.25, 0.01, 128, 1024, 9, 0.01, 4063380252) : -0.5525176999336675
(1.0, 0.01, 0.1, 128, 0, 0.25, 0.01, 128, 1024, 10, 0.01, 4063380252) : -0.5509714469648769
(1.0, 0.01, 0.1, 128, 0, 0.25, 0.01, 128, 1024, 11, 0.01, 4063380252) : -0.5544249458134599
(1.0, 0.01, 0.1, 128, 0, 0.25, 0.01, 128, 1024, 1, 0.001, 4063380253) : -0.6176333003927302
(1.0, 0.01, 0.1, 128, 0, 0.25, 0.01, 128, 1024, 2, 0.001, 4063380253) : -0.6141076029619469
(1.0, 0.01, 0.1, 128, 0, 0.25, 0.01, 128, 1024, 3, 0.001, 4063380253) : -0.6129238470412871
(1.0, 0.01, 0.1, 128, 0, 0.25, 0.01, 128, 1024, 4, 0.001, 4063380253) : -0.6098057707725097
(1.0, 0.01, 0.1, 128, 0, 0.25, 0.01, 128, 1024, 5, 0.001, 4063380253) : -0.6089739829400767
(1.0, 0.01, 0.1, 128, 0, 0.25, 0.01, 128, 1024, 6, 0.001, 4063380253) : -0.607660871226308
(1.0, 0.01, 0.1, 128, 0, 0.25, 0.01, 128, 1024, 7, 0.001, 4063380253) : -0.6082354516096523
(1.0, 0.01, 0.1, 128, 0, 0.25, 0.01, 128, 1024, 8, 0.001, 4063380253) : -0.6077601442768334
(1.0, 0.01, 0.1, 128, 0, 0.25, 0.01, 128, 1024, 9, 0.001, 4063380253) : -0.606839612353779
(1.0, 0.01, 0.1, 128, 0, 0.25, 0.01, 128, 1024, 10, 0.001, 4063380253) : -0.6098238204180598
(1.0, 0.01, 0.1, 128, 0, 0.25, 0.01, 128, 1024, 11, 0.001, 4063380253) : -0.6084174522022824
(1.0, 0.01, 0.1, 128, 0, 0.5, 0.01, 128, 1024, 1, 0.01, 4063380254) : -0.6209694765452377
(1.0, 0.01, 0.1, 128, 0, 0.5, 0.01, 128, 1024, 2, 0.01, 4063380254) : -0.6125448044847353
(1.0, 0.01, 0.1, 128, 0, 0.5, 0.01, 128, 1024, 3, 0.01, 4063380254) : -0.6021452003736276
(1.0, 0.01, 0.1, 128, 0, 0.5, 0.01, 128, 1024, 4, 0.01, 4063380254) : -0.5914492812480728
(1.0, 0.01, 0.1, 128, 0, 0.5, 0.01, 128, 1024, 5, 0.01, 4063380254) : -0.5897601352520107
(1.0, 0.01, 0.1, 128, 0, 0.5, 0.01, 128, 1024, 6, 0.01, 4063380254) : -0.5786084625763162
(1.0, 0.01, 0.1, 128, 0, 0.5, 0.01, 128, 1024, 7, 0.01, 4063380254) : -0.572384343135795
(1.0, 0.01, 0.1, 128, 0, 0.5, 0.01, 128, 1024, 8, 0.01, 4063380254) : -0.5691745145021382
(1.0, 0.01, 0.1, 128, 0, 0.5, 0.01, 128, 1024, 9, 0.01, 4063380254) : -0.5670506728757447
(1.0, 0.01, 0.1, 128, 0, 0.5, 0.01, 128, 1024, 10, 0.01, 4063380254) : -0.5579040149932389
(1.0, 0.01, 0.1, 128, 0, 0.5, 0.01, 128, 1024, 11, 0.01, 4063380254) : -0.5642620026382565
(1.0, 0.01, 0.1, 128, 0, 0.5, 0.01, 128, 1024, 1, 0.001, 4063380255) : -0.6182409717929164
(1.0, 0.01, 0.1, 128, 0, 0.5, 0.01, 128, 1024, 2, 0.001, 4063380255) : -0.6206235250055278
(1.0, 0.01, 0.1, 128, 0, 0.5, 0.01, 128, 1024, 3, 0.001, 4063380255) : -0.6202324493519425
(1.0, 0.01, 0.1, 128, 0, 0.5, 0.01, 128, 1024, 4, 0.001, 4063380255) : -0.6249900350915192
(1.0, 0.01, 0.1, 128, 0, 0.5, 0.01, 128, 1024, 5, 0.001, 4063380255) : -0.6191103630535789
(1.0, 0.01, 0.1, 128, 0, 0.5, 0.01, 128, 1024, 6, 0.001, 4063380255) : -0.6177912347912935
(1.0, 0.01, 0.1, 128, 0, 0.5, 0.01, 128, 1024, 7, 0.001, 4063380255) : -0.6193359836229549
(1.0, 0.01, 0.1, 128, 0, 0.5, 0.01, 128, 1024, 8, 0.001, 4063380255) : -0.6182424759300456
(1.0, 0.01, 0.1, 128, 0, 0.5, 0.01, 128, 1024, 9, 0.001, 4063380255) : -0.614766415024525
(1.0, 0.01, 0.1, 128, 0, 0.5, 0.01, 128, 1024, 10, 0.001, 4063380255) : -0.6169985545242188
(1.0, 0.01, 0.1, 128, 0, 0.5, 0.01, 128, 1024, 11, 0.001, 4063380255) : -0.6170722572435484
(1.0, 0.01, 0.1, 128, 0, 0.5, 0.01, 128, 1024, 12, 0.001, 4063380255) : -0.6142294380694099
(1.0, 0.01, 0.1, 128, 0, 0.5, 0.01, 128, 1024, 13, 0.001, 4063380255) : -0.6202504989974926
(1.0, 0.01, 0.1, 128, 0, 0.5, 0.01, 128, 1024, 14, 0.001, 4063380255) : -0.6210461875388256
(1.0, 0.01, 1, 0, 0, 0.25, 0.01, 128, 1024, 1, 0.01, 4063380256) : -0.6191494706189374
(1.0, 0.01, 1, 0, 0, 0.25, 0.01, 128, 1024, 2, 0.01, 4063380256) : -0.6149499197542841
(1.0, 0.01, 1, 0, 0, 0.25, 0.01, 128, 1024, 3, 0.01, 4063380256) : -0.6206490953367236
(1.0, 0.01, 1, 0, 0, 0.25, 0.01, 128, 1024, 4, 0.01, 4063380256) : -0.620903294511554
(1.0, 0.01, 1, 0, 0, 0.25, 0.01, 128, 1024, 5, 0.01, 4063380256) : -0.6206912111763405
(1.0, 0.01, 1, 0, 0, 0.25, 0.01, 128, 1024, 6, 0.01, 4063380256) : -0.6200158536053415
(1.0, 0.01, 1, 0, 0, 0.25, 0.01, 128, 1024, 7, 0.01, 4063380256) : -0.6198774729894575
(1.0, 0.01, 1, 0, 0, 0.25, 0.01, 128, 1024, 8, 0.01, 4063380256) : -0.6176799286437346
(1.0, 0.01, 1, 0, 0, 0.25, 0.01, 128, 1024, 9, 0.01, 4063380256) : -0.6194623311418055
(1.0, 0.01, 1, 0, 0, 0.25, 0.01, 128, 1024, 10, 0.01, 4063380256) : -0.6170301414039315
(1.0, 0.01, 1, 0, 0, 0.25, 0.01, 128, 1024, 11, 0.01, 4063380256) : -0.6165608506196293
(1.0, 0.01, 1, 0, 0, 0.25, 0.01, 128, 1024, 12, 0.01, 4063380256) : -0.616126154989298
(1.0, 0.01, 1, 0, 0, 0.25, 0.01, 128, 1024, 13, 0.01, 4063380256) : -0.6194638352789347
(1.0, 0.01, 1, 0, 0, 0.25, 0.01, 128, 1024, 14, 0.01, 4063380256) : -0.6171700261569447
(1.0, 0.01, 1, 0, 0, 0.25, 0.01, 128, 1024, 1, 0.001, 4063380257) : -0.6164390155121662
(1.0, 0.01, 1, 0, 0, 0.25, 0.01, 128, 1024, 2, 0.001, 4063380257) : -0.6168436283999139
(1.0, 0.01, 1, 0, 0, 0.25, 0.01, 128, 1024, 3, 0.001, 4063380257) : -0.6220178601242718
(1.0, 0.01, 1, 0, 0, 0.25, 0.01, 128, 1024, 4, 0.001, 4063380257) : -0.6230557147434017
(1.0, 0.01, 1, 0, 0, 0.25, 0.01, 128, 1024, 5, 0.001, 4063380257) : -0.6214763707577693
(1.0, 0.01, 1, 0, 0, 0.25, 0.01, 128, 1024, 6, 0.001, 4063380257) : -0.6215440569285821
(1.0, 0.01, 1, 0, 0, 0.25, 0.01, 128, 1024, 7, 0.001, 4063380257) : -0.6212026178002596
(1.0, 0.01, 1, 0, 0, 0.25, 0.01, 128, 1024, 8, 0.001, 4063380257) : -0.6215485693399696
(1.0, 0.01, 1, 0, 0, 0.25, 0.01, 128, 1024, 9, 0.001, 4063380257) : -0.6214477921523149
(1.0, 0.01, 1, 0, 0, 0.25, 0.01, 128, 1024, 10, 0.001, 4063380257) : -0.6215019410889652
(1.0, 0.01, 1, 0, 0, 0.25, 0.01, 128, 1024, 11, 0.001, 4063380257) : -0.6206987318619864
(1.0, 0.01, 1, 0, 0, 0.25, 0.01, 128, 1024, 12, 0.001, 4063380257) : -0.619448793907643
(1.0, 0.01, 1, 0, 0, 0.25, 0.01, 128, 1024, 13, 0.001, 4063380257) : -0.6193675705026676
(1.0, 0.01, 1, 0, 0, 0.25, 0.01, 128, 1024, 14, 0.001, 4063380257) : -0.6176739120952179
(1.0, 0.01, 1, 0, 0, 0.5, 0.01, 128, 1024, 1, 0.01, 4063380258) : -0.6227864741972796
(1.0, 0.01, 1, 0, 0, 0.5, 0.01, 128, 1024, 2, 0.01, 4063380258) : -0.6240664948942065
(1.0, 0.01, 1, 0, 0, 0.5, 0.01, 128, 1024, 3, 0.01, 4063380258) : -0.6266295445623187
(1.0, 0.01, 1, 0, 0, 0.5, 0.01, 128, 1024, 4, 0.01, 4063380258) : -0.6287834689312956
(1.0, 0.01, 1, 0, 0, 0.5, 0.01, 128, 1024, 5, 0.01, 4063380258) : -0.6261632620522748
(1.0, 0.01, 1, 0, 0, 0.5, 0.01, 128, 1024, 6, 0.01, 4063380258) : -0.6276478453987693
(1.0, 0.01, 1, 0, 0, 0.5, 0.01, 128, 1024, 7, 0.01, 4063380258) : -0.6245177360329587
(1.0, 0.01, 1, 0, 0, 0.5, 0.01, 128, 1024, 8, 0.01, 4063380258) : -0.6245658684210922
(1.0, 0.01, 1, 0, 0, 0.5, 0.01, 128, 1024, 9, 0.01, 4063380258) : -0.6222645386134563
(1.0, 0.01, 1, 0, 0, 0.5, 0.01, 128, 1024, 10, 0.01, 4063380258) : -0.626727313475715
(1.0, 0.01, 1, 0, 0, 0.5, 0.01, 128, 1024, 11, 0.01, 4063380258) : -0.6204400202757685
(1.0, 0.01, 1, 0, 0, 0.5, 0.01, 128, 1024, 12, 0.01, 4063380258) : -0.6230692519775642
(1.0, 0.01, 1, 0, 0, 0.5, 0.01, 128, 1024, 13, 0.01, 4063380258) : -0.6074683416737737
(1.0, 0.01, 1, 0, 0, 0.5, 0.01, 128, 1024, 14, 0.01, 4063380258) : -0.5986164946685859
(1.0, 0.01, 1, 0, 0, 0.5, 0.01, 128, 1024, 1, 0.001, 4063380259) : -0.6195766455636228
(1.0, 0.01, 1, 0, 0, 0.5, 0.01, 128, 1024, 2, 0.001, 4063380259) : -0.6238273370906678
(1.0, 0.01, 1, 0, 0, 0.5, 0.01, 128, 1024, 3, 0.001, 4063380259) : -0.6277621598205865
(1.0, 0.01, 1, 0, 0, 0.5, 0.01, 128, 1024, 4, 0.001, 4063380259) : -0.6277034984725487
(1.0, 0.01, 1, 0, 0, 0.5, 0.01, 128, 1024, 5, 0.001, 4063380259) : -0.6267980079207861
(1.0, 0.01, 1, 0, 0, 0.5, 0.01, 128, 1024, 6, 0.001, 4063380259) : -0.6253389949054875
(1.0, 0.01, 1, 0, 0, 0.5, 0.01, 128, 1024, 7, 0.001, 4063380259) : -0.624875720669702
(1.0, 0.01, 1, 0, 0, 0.5, 0.01, 128, 1024, 8, 0.001, 4063380259) : -0.6258955256432819
(1.0, 0.01, 1, 0, 0, 0.5, 0.01, 128, 1024, 9, 0.001, 4063380259) : -0.6245944470265465
(1.0, 0.01, 1, 0, 0, 0.5, 0.01, 128, 1024, 10, 0.001, 4063380259) : -0.6257029960907476
(1.0, 0.01, 1, 0, 0, 0.5, 0.01, 128, 1024, 11, 0.001, 4063380259) : -0.6250456881652987
(1.0, 0.01, 1, 0, 0, 0.5, 0.01, 128, 1024, 12, 0.001, 4063380259) : -0.6266957265960023
(1.0, 0.01, 1, 0, 0, 0.5, 0.01, 128, 1024, 13, 0.001, 4063380259) : -0.6290978335912929
(1.0, 0.01, 1, 0, 0, 0.5, 0.01, 128, 1024, 14, 0.001, 4063380259) : -0.626779958275236
(1.0, 0.01, 1, 0, 0, 0.5, 0.01, 128, 1024, 15, 0.001, 4063380259) : -0.6252818376945789
(1.0, 0.01, 1, 0, 0, 0.5, 0.01, 128, 1024, 16, 0.001, 4063380259) : -0.625438267956013
(1.0, 0.01, 1, 0, 0, 0.5, 0.01, 128, 1024, 17, 0.001, 4063380259) : -0.6264054281300717
(1.0, 0.01, 1, 0, 0, 0.5, 0.01, 128, 1024, 18, 0.001, 4063380259) : -0.6274643406690101
(1.0, 0.01, 1, 0, 0, 0.5, 0.01, 128, 1024, 19, 0.001, 4063380259) : -0.6269168347539908
(1.0, 0.01, 1, 0, 0, 0.5, 0.01, 128, 1024, 20, 0.001, 4063380259) : -0.6268717106401156
(1.0, 0.01, 1, 0, 0, 0.5, 0.01, 128, 1024, 21, 0.001, 4063380259) : -0.6270161078045163
(1.0, 0.01, 1, 0, 0, 0.5, 0.01, 128, 1024, 22, 0.001, 4063380259) : -0.6272026208085338
(1.0, 0.01, 1, 0, 0, 0.5, 0.01, 128, 1024, 23, 0.001, 4063380259) : -0.6255465658293136
(1.0, 0.01, 1, 64, 0, 0.25, 0.01, 128, 1024, 1, 0.01, 4063380260) : -0.6196277862260147
(1.0, 0.01, 1, 64, 0, 0.25, 0.01, 128, 1024, 2, 0.01, 4063380260) : -0.6268867520114074
(1.0, 0.01, 1, 64, 0, 0.25, 0.01, 128, 1024, 3, 0.01, 4063380260) : -0.6319571982738522
(1.0, 0.01, 1, 64, 0, 0.25, 0.01, 128, 1024, 4, 0.01, 4063380260) : -0.6266370652479645
(1.0, 0.01, 1, 64, 0, 0.25, 0.01, 128, 1024, 5, 0.01, 4063380260) : -0.621318436359206
(1.0, 0.01, 1, 64, 0, 0.25, 0.01, 128, 1024, 6, 0.01, 4063380260) : -0.6096764149794008
(1.0, 0.01, 1, 64, 0, 0.25, 0.01, 128, 1024, 7, 0.01, 4063380260) : -0.6095545798719377
(1.0, 0.01, 1, 64, 0, 0.25, 0.01, 128, 1024, 8, 0.01, 4063380260) : -0.6031514681130449
(1.0, 0.01, 1, 64, 0, 0.25, 0.01, 128, 1024, 9, 0.01, 4063380260) : -0.5967949846051565
(1.0, 0.01, 1, 64, 0, 0.25, 0.01, 128, 1024, 10, 0.01, 4063380260) : -0.5946741512530215
(1.0, 0.01, 1, 64, 0, 0.25, 0.01, 128, 1024, 11, 0.01, 4063380260) : -0.5861321564964435
(1.0, 0.01, 1, 64, 0, 0.25, 0.01, 128, 1024, 12, 0.01, 4063380260) : -0.5921336636418469
(1.0, 0.01, 1, 64, 0, 0.25, 0.01, 128, 1024, 13, 0.01, 4063380260) : -0.5988376028265745
(1.0, 0.01, 1, 64, 0, 0.25, 0.01, 128, 1024, 1, 0.001, 4063380261) : -0.6155154753148535
(1.0, 0.01, 1, 64, 0, 0.25, 0.01, 128, 1024, 2, 0.001, 4063380261) : -0.6143467607654854
(1.0, 0.01, 1, 64, 0, 0.25, 0.01, 128, 1024, 3, 0.001, 4063380261) : -0.6135992046122861
(1.0, 0.01, 1, 64, 0, 0.25, 0.01, 128, 1024, 4, 0.001, 4063380261) : -0.6136653866459697
(1.0, 0.01, 1, 64, 0, 0.25, 0.01, 128, 1024, 5, 0.001, 4063380261) : -0.6136969735256824
(1.0, 0.01, 1, 64, 0, 0.25, 0.01, 128, 1024, 6, 0.001, 4063380261) : -0.6143557855882605
(1.0, 0.01, 1, 64, 0, 0.25, 0.01, 128, 1024, 7, 0.001, 4063380261) : -0.6146596212883536
(1.0, 0.01, 1, 64, 0, 0.25, 0.01, 128, 1024, 8, 0.001, 4063380261) : -0.6150822838216514
(1.0, 0.01, 1, 64, 0, 0.25, 0.01, 128, 1024, 9, 0.001, 4063380261) : -0.6138970237638625
(1.0, 0.01, 1, 64, 0, 0.25, 0.01, 128, 1024, 10, 0.001, 4063380261) : -0.6131945917245384
(1.0, 0.01, 1, 64, 0, 0.25, 0.01, 128, 1024, 11, 0.001, 4063380261) : -0.614966465262705
(1.0, 0.01, 1, 64, 0, 0.5, 0.01, 128, 1024, 1, 0.01, 4063380262) : -0.6195736372893644
(1.0, 0.01, 1, 64, 0, 0.5, 0.01, 128, 1024, 2, 0.01, 4063380262) : -0.6157049965931294
(1.0, 0.01, 1, 64, 0, 0.5, 0.01, 128, 1024, 3, 0.01, 4063380262) : -0.6077451029055417
(1.0, 0.01, 1, 64, 0, 0.5, 0.01, 128, 1024, 4, 0.01, 4063380262) : -0.6061823044283301
(1.0, 0.01, 1, 64, 0, 0.5, 0.01, 128, 1024, 5, 0.01, 4063380262) : -0.6021542251964027
(1.0, 0.01, 1, 64, 0, 0.5, 0.01, 128, 1024, 6, 0.01, 4063380262) : -0.6018699432789889
(1.0, 0.01, 1, 64, 0, 0.5, 0.01, 128, 1024, 7, 0.01, 4063380262) : -0.6054197069038391
(1.0, 0.01, 1, 64, 0, 0.5, 0.01, 128, 1024, 8, 0.01, 4063380262) : -0.6038057677642356
(1.0, 0.01, 1, 64, 0, 0.5, 0.01, 128, 1024, 9, 0.01, 4063380262) : -0.6057100053697696
(1.0, 0.01, 1, 64, 0, 0.5, 0.01, 128, 1024, 10, 0.01, 4063380262) : -0.608128657873481
(1.0, 0.01, 1, 64, 0, 0.5, 0.01, 128, 1024, 11, 0.01, 4063380262) : -0.6093154220683992
(1.0, 0.01, 1, 64, 0, 0.5, 0.01, 128, 1024, 1, 0.001, 4063380263) : -0.6227067549294334
(1.0, 0.01, 1, 64, 0, 0.5, 0.01, 128, 1024, 2, 0.001, 4063380263) : -0.625048696439557
(1.0, 0.01, 1, 64, 0, 0.5, 0.01, 128, 1024, 3, 0.001, 4063380263) : -0.6192562643551087
(1.0, 0.01, 1, 64, 0, 0.5, 0.01, 128, 1024, 4, 0.001, 4063380263) : -0.6216237761964283
(1.0, 0.01, 1, 64, 0, 0.5, 0.01, 128, 1024, 5, 0.001, 4063380263) : -0.6191494706189374
(1.0, 0.01, 1, 64, 0, 0.5, 0.01, 128, 1024, 6, 0.001, 4063380263) : -0.6176182590214385
(1.0, 0.01, 1, 64, 0, 0.5, 0.01, 128, 1024, 7, 0.001, 4063380263) : -0.61601334470461
(1.0, 0.01, 1, 64, 0, 0.5, 0.01, 128, 1024, 8, 0.001, 4063380263) : -0.6186230226237266
(1.0, 0.01, 1, 64, 0, 0.5, 0.01, 128, 1024, 9, 0.001, 4063380263) : -0.6183778482716712
(1.0, 0.01, 1, 64, 0, 0.5, 0.01, 128, 1024, 10, 0.001, 4063380263) : -0.6152988795682525
(1.0, 0.01, 1, 64, 0, 0.5, 0.01, 128, 1024, 11, 0.001, 4063380263) : -0.6164074286324536
(1.0, 0.01, 1, 64, 0, 0.5, 0.01, 128, 1024, 12, 0.001, 4063380263) : -0.617216654407949
(1.0, 0.01, 1, 128, 0, 0.25, 0.01, 128, 1024, 1, 0.01, 4063380264) : -0.6123628038921053
(1.0, 0.01, 1, 128, 0, 0.25, 0.01, 128, 1024, 2, 0.01, 4063380264) : -0.608379848774053
(1.0, 0.01, 1, 128, 0, 0.25, 0.01, 128, 1024, 3, 0.01, 4063380264) : -0.6064169498204812
(1.0, 0.01, 1, 128, 0, 0.25, 0.01, 128, 1024, 4, 0.01, 4063380264) : -0.6098208121438016
(1.0, 0.01, 1, 128, 0, 0.25, 0.01, 128, 1024, 5, 0.01, 4063380264) : -0.6091935869609361
(1.0, 0.01, 1, 128, 0, 0.25, 0.01, 128, 1024, 6, 0.01, 4063380264) : -0.6004470295547905
(1.0, 0.01, 1, 128, 0, 0.25, 0.01, 128, 1024, 7, 0.01, 4063380264) : -0.5866420589832334
(1.0, 0.01, 1, 128, 0, 0.25, 0.01, 128, 1024, 8, 0.01, 4063380264) : -0.5817385719421269
(1.0, 0.01, 1, 128, 0, 0.25, 0.01, 128, 1024, 9, 0.01, 4063380264) : -0.5830080636791495
(1.0, 0.01, 1, 128, 0, 0.25, 0.01, 128, 1024, 10, 0.01, 4063380264) : -0.5863893639455322
(1.0, 0.01, 1, 128, 0, 0.25, 0.01, 128, 1024, 11, 0.01, 4063380264) : -0.5844008946607644
(1.0, 0.01, 1, 128, 0, 0.25, 0.01, 128, 1024, 1, 0.001, 4063380265) : -0.6174197129203876
(1.0, 0.01, 1, 128, 0, 0.25, 0.01, 128, 1024, 2, 0.001, 4063380265) : -0.6156222690510248
(1.0, 0.01, 1, 128, 0, 0.25, 0.01, 128, 1024, 3, 0.001, 4063380265) : -0.6185252537103303
(1.0, 0.01, 1, 128, 0, 0.25, 0.01, 128, 1024, 4, 0.001, 4063380265) : -0.6177776975571309
(1.0, 0.01, 1, 128, 0, 0.25, 0.01, 128, 1024, 5, 0.001, 4063380265) : -0.616264535605182
(1.0, 0.01, 1, 128, 0, 0.25, 0.01, 128, 1024, 6, 0.001, 4063380265) : -0.616315676267574
(1.0, 0.01, 1, 128, 0, 0.25, 0.01, 128, 1024, 7, 0.001, 4063380265) : -0.6150161017879678
(1.0, 0.01, 1, 128, 0, 0.25, 0.01, 128, 1024, 8, 0.001, 4063380265) : -0.6164164534552286
(1.0, 0.01, 1, 128, 0, 0.25, 0.01, 128, 1024, 9, 0.001, 4063380265) : -0.6183733358602838
(1.0, 0.01, 1, 128, 0, 0.25, 0.01, 128, 1024, 10, 0.001, 4063380265) : -0.6173084067728286
(1.0, 0.01, 1, 128, 0, 0.25, 0.01, 128, 1024, 11, 0.001, 4063380265) : -0.6176107383357926
(1.0, 0.01, 1, 128, 0, 0.25, 0.01, 128, 1024, 12, 0.001, 4063380265) : -0.6159546833565722
(1.0, 0.01, 1, 128, 0, 0.25, 0.01, 128, 1024, 13, 0.001, 4063380265) : -0.6139180816836709
(1.0, 0.01, 1, 128, 0, 0.5, 0.01, 128, 1024, 1, 0.01, 4063380266) : -0.5934452712184864
(1.0, 0.01, 1, 128, 0, 0.5, 0.01, 128, 1024, 2, 0.01, 4063380266) : -0.5940679839899644
(1.0, 0.01, 1, 128, 0, 0.5, 0.01, 128, 1024, 3, 0.01, 4063380266) : -0.6009133120648343
(1.0, 0.01, 1, 128, 0, 0.5, 0.01, 128, 1024, 4, 0.01, 4063380266) : -0.5914778598535271
(1.0, 0.01, 1, 128, 0, 0.5, 0.01, 128, 1024, 5, 0.01, 4063380266) : -0.5923186725087353
(1.0, 0.01, 1, 128, 0, 0.5, 0.01, 128, 1024, 6, 0.01, 4063380266) : -0.5991760336806385
(1.0, 0.01, 1, 128, 0, 0.5, 0.01, 128, 1024, 7, 0.01, 4063380266) : -0.598962446208296
(1.0, 0.01, 1, 128, 0, 0.5, 0.01, 128, 1024, 8, 0.01, 4063380266) : -0.5985277505779647
(1.0, 0.01, 1, 128, 0, 0.5, 0.01, 128, 1024, 9, 0.01, 4063380266) : -0.605913063882208
(1.0, 0.01, 1, 128, 0, 0.5, 0.01, 128, 1024, 10, 0.01, 4063380266) : -0.606952422638467
(1.0, 0.01, 1, 128, 0, 0.5, 0.01, 128, 1024, 11, 0.01, 4063380266) : -0.611374585798238
(1.0, 0.01, 1, 128, 0, 0.5, 0.01, 128, 1024, 12, 0.01, 4063380266) : -0.6117476118062731
(1.0, 0.01, 1, 128, 0, 0.5, 0.01, 128, 1024, 13, 0.01, 4063380266) : -0.6026851856030011
(1.0, 0.01, 1, 128, 0, 0.5, 0.01, 128, 1024, 14, 0.01, 4063380266) : -0.5920644733339049
(1.0, 0.01, 1, 128, 0, 0.5, 0.01, 128, 1024, 15, 0.01, 4063380266) : -0.5784069082010068
(1.0, 0.01, 1, 128, 0, 0.5, 0.01, 128, 1024, 16, 0.01, 4063380266) : -0.578770909386267
(1.0, 0.01, 1, 128, 0, 0.5, 0.01, 128, 1024, 17, 0.01, 4063380266) : -0.5747894584053439
(1.0, 0.01, 1, 128, 0, 0.5, 0.01, 128, 1024, 18, 0.01, 4063380266) : -0.5733394702128204
(1.0, 0.01, 1, 128, 0, 0.5, 0.01, 128, 1024, 19, 0.01, 4063380266) : -0.5768561428208286
(1.0, 0.01, 1, 128, 0, 0.5, 0.01, 128, 1024, 20, 0.01, 4063380266) : -0.5736688762441094
(1.0, 0.01, 1, 128, 0, 0.5, 0.01, 128, 1024, 21, 0.01, 4063380266) : -0.5626435510872655
(1.0, 0.01, 1, 128, 0, 0.5, 0.01, 128, 1024, 22, 0.01, 4063380266) : -0.5650591953167187
(1.0, 0.01, 1, 128, 0, 0.5, 0.01, 128, 1024, 1, 0.001, 4063380267) : -0.6167624049949386
(1.0, 0.01, 1, 128, 0, 0.5, 0.01, 128, 1024, 2, 0.001, 4063380267) : -0.612594441009998
(1.0, 0.01, 1, 128, 0, 0.5, 0.01, 128, 1024, 3, 0.001, 4063380267) : -0.6130216159546834
(1.0, 0.01, 1, 128, 0, 0.5, 0.01, 128, 1024, 4, 0.001, 4063380267) : -0.6130607235200419
(1.0, 0.01, 1, 128, 0, 0.5, 0.01, 128, 1024, 5, 0.001, 4063380267) : -0.6158764682258552
(1.0, 0.01, 1, 128, 0, 0.5, 0.01, 128, 1024, 6, 0.001, 4063380267) : -0.6147182826363914
(1.0, 0.01, 1, 128, 0, 0.5, 0.01, 128, 1024, 7, 0.001, 4063380267) : -0.6134548074478854
(1.0, 0.01, 1, 128, 0, 0.5, 0.01, 128, 1024, 8, 0.001, 4063380267) : -0.6150296390221304
(1.0, 0.01, 1, 128, 0, 0.5, 0.01, 128, 1024, 9, 0.001, 4063380267) : -0.6131720296676008
(1.0, 0.01, 1, 128, 0, 0.5, 0.01, 128, 1024, 10, 0.001, 4063380267) : -0.6135345267157316
(1.0, 0.01, 1, 128, 0, 0.5, 0.01, 128, 1024, 11, 0.001, 4063380267) : -0.614134677430272
