(1.0, 0, 0.1, 0, 0, 0.25, 0.01, 128, 1024, 1, 0.01, 4063380196) : -0.6329930591175799
(1.0, 0, 0.1, 0, 0, 0.25, 0.01, 128, 1024, 2, 0.01, 4063380196) : -0.6233926416565613
(1.0, 0, 0.1, 0, 0, 0.25, 0.01, 128, 1024, 3, 0.01, 4063380196) : -0.6359787355793606
(1.0, 0, 0.1, 0, 0, 0.25, 0.01, 128, 1024, 4, 0.01, 4063380196) : -0.63140830830445
(1.0, 0, 0.1, 0, 0, 0.25, 0.01, 128, 1024, 5, 0.01, 4063380196) : -0.6298028030372661
(1.0, 0, 0.1, 0, 0, 0.25, 0.01, 128, 1024, 6, 0.01, 4063380196) : -0.6302015850473053
(1.0, 0, 0.1, 0, 0, 0.25, 0.01, 128, 1024, 7, 0.01, 4063380196) : -0.6289014667469173
(1.0, 0, 0.1, 0, 0, 0.25, 0.01, 128, 1024, 8, 0.01, 4063380196) : -0.6325246014403592
(1.0, 0, 0.1, 0, 0, 0.25, 0.01, 128, 1024, 9, 0.01, 4063380196) : -0.6348757845924863
(1.0, 0, 0.1, 0, 0, 0.25, 0.01, 128, 1024, 10, 0.01, 4063380196) : -0.6322473812326367
(1.0, 0, 0.1, 0, 0, 0.25, 0.01, 128, 1024, 11, 0.01, 4063380196) : -0.6339922378341838
(1.0, 0, 0.1, 0, 0, 0.25, 0.01, 128, 1024, 12, 0.01, 4063380196) : -0.6336912982503995
(1.0, 0, 0.1, 0, 0, 0.25, 0.01, 128, 1024, 13, 0.01, 4063380196) : -0.6334081481986616
(1.0, 0, 0.1, 0, 0, 0.25, 0.01, 128, 1024, 1, 0.001, 4063380197) : -0.6295270652905476
(1.0, 0, 0.1, 0, 0, 0.25, 0.01, 128, 1024, 2, 0.001, 4063380197) : -0.6310658598125576
(1.0, 0, 0.1, 0, 0, 0.25, 0.01, 128, 1024, 3, 0.001, 4063380197) : -0.6290571251523228
(1.0, 0, 0.1, 0, 0, 0.25, 0.01, 128, 1024, 4, 0.001, 4063380197) : -0.62748275156622
(1.0, 0, 0.1, 0, 0, 0.25, 0.01, 128, 1024, 5, 0.001, 4063380197) : -0.6265028448426664
(1.0, 0, 0.1, 0, 0, 0.25, 0.01, 128, 1024, 6, 0.001, 4063380197) : -0.6259276499731674
(1.0, 0, 0.1, 0, 0, 0.25, 0.01, 128, 1024, 7, 0.001, 4063380197) : -0.6279349021723983
(1.0, 0, 0.1, 0, 0, 0.25, 0.01, 128, 1024, 8, 0.001, 4063380197) : -0.6279630689314718
(1.0, 0, 0.1, 0, 0, 0.25, 0.01, 128, 1024, 9, 0.001, 4063380197) : -0.6288243787747163
(1.0, 0, 0.1, 0, 0, 0.25, 0.01, 128, 1024, 10, 0.001, 4063380197) : -0.6297168202990421
(1.0, 0, 0.1, 0, 0, 0.25, 0.01, 128, 1024, 11, 0.001, 4063380197) : -0.6331398227569623
(1.0, 0, 0.1, 0, 0, 0.25, 0.01, 128, 1024, 12, 0.001, 4063380197) : -0.63067152518553
(1.0, 0, 0.1, 0, 0, 0.25, 0.01, 128, 1024, 13, 0.001, 4063380197) : -0.631875283520667
(1.0, 0, 0.1, 0, 0, 0.25, 0.01, 128, 1024, 14, 0.001, 4063380197) : -0.6328388831731782
(1.0, 0, 0.1, 0, 0, 0.25, 0.01, 128, 1024, 15, 0.001, 4063380197) : -0.6330093661886224
(1.0, 0, 0.1, 0, 0, 0.25, 0.01, 128, 1024, 16, 0.001, 4063380197) : -0.631907897662752
(1.0, 0, 0.1, 0, 0, 0.25, 0.01, 128, 1024, 17, 0.001, 4063380197) : -0.6312052111469207
(1.0, 0, 0.1, 0, 0, 0.25, 0.01, 128, 1024, 18, 0.001, 4063380197) : -0.6324312063971157
(1.0, 0, 0.1, 0, 0, 0.25, 0.01, 128, 1024, 19, 0.001, 4063380197) : -0.6333266128434492
(1.0, 0, 0.1, 0, 0, 0.25, 0.01, 128, 1024, 20, 0.001, 4063380197) : -0.6339611061531026
(1.0, 0, 0.1, 0, 0, 0.25, 0.01, 128, 1024, 21, 0.001, 4063380197) : -0.6336453419592798
(1.0, 0, 0.1, 0, 0, 0.25, 0.01, 128, 1024, 22, 0.001, 4063380197) : -0.6337431843855348
(1.0, 0, 0.1, 0, 0, 0.25, 0.01, 128, 1024, 23, 0.001, 4063380197) : -0.6346830646619841
(1.0, 0, 0.1, 0, 0, 0.25, 0.01, 128, 1024, 24, 0.001, 4063380197) : -0.6350447851469267
(1.0, 0, 0.1, 0, 0, 0.25, 0.01, 128, 1024, 25, 0.001, 4063380197) : -0.6337298422365
(1.0, 0, 0.1, 0, 0, 0.25, 0.01, 128, 1024, 26, 0.001, 4063380197) : -0.6324756802272317
(1.0, 0, 0.1, 0, 0, 0.25, 0.01, 128, 1024, 27, 0.001, 4063380197) : -0.6330479101747228
(1.0, 0, 0.1, 0, 0, 0.25, 0.01, 128, 1024, 28, 0.001, 4063380197) : -0.6337387370025231
(1.0, 0, 0.1, 0, 0, 0.25, 0.01, 128, 1024, 29, 0.001, 4063380197) : -0.6326787773847609
(1.0, 0, 0.1, 0, 0, 0.25, 0.01, 128, 1024, 30, 0.001, 4063380197) : -0.633783210832639
(1.0, 0, 0.1, 0, 0, 0.25, 0.01, 128, 1024, 31, 0.001, 4063380197) : -0.6351959961693208
(1.0, 0, 0.1, 0, 0, 0.25, 0.01, 128, 1024, 32, 0.001, 4063380197) : -0.633870676031867
(1.0, 0, 0.1, 0, 0, 0.25, 0.01, 128, 1024, 33, 0.001, 4063380197) : -0.6349691796357296
(1.0, 0, 0.1, 0, 0, 0.25, 0.01, 128, 1024, 34, 0.001, 4063380197) : -0.6338795707978901
(1.0, 0, 0.1, 0, 0, 0.25, 0.01, 128, 1024, 35, 0.001, 4063380197) : -0.6350373728419074
(1.0, 0, 0.1, 0, 0, 0.25, 0.01, 128, 1024, 36, 0.001, 4063380197) : -0.6345007219585089
(1.0, 0, 0.1, 0, 0, 0.25, 0.01, 128, 1024, 37, 0.001, 4063380197) : -0.634272422963914
(1.0, 0, 0.1, 0, 0, 0.25, 0.01, 128, 1024, 38, 0.001, 4063380197) : -0.6348861618195133
(1.0, 0, 0.1, 0, 0, 0.25, 0.01, 128, 1024, 39, 0.001, 4063380197) : -0.634054501196346
(1.0, 0, 0.1, 0, 0, 0.25, 0.01, 128, 1024, 40, 0.001, 4063380197) : -0.6348105563083163
(1.0, 0, 0.1, 0, 0, 0.25, 0.01, 128, 1024, 41, 0.001, 4063380197) : -0.6352760490635294
(1.0, 0, 0.1, 0, 0, 0.25, 0.01, 128, 1024, 42, 0.001, 4063380197) : -0.6345852222357291
(1.0, 0, 0.1, 0, 0, 0.25, 0.01, 128, 1024, 43, 0.001, 4063380197) : -0.6332865863963448
(1.0, 0, 0.1, 0, 0, 0.25, 0.01, 128, 1024, 44, 0.001, 4063380197) : -0.6327825496550313
(1.0, 0, 0.1, 0, 0, 0.25, 0.01, 128, 1024, 45, 0.001, 4063380197) : -0.6287295012704691
(1.0, 0, 0.1, 0, 0, 0.25, 0.01, 128, 1024, 46, 0.001, 4063380197) : -0.6271047240102349
(1.0, 0, 0.1, 0, 0, 0.25, 0.01, 128, 1024, 47, 0.001, 4063380197) : -0.6284552459847543
(1.0, 0, 0.1, 0, 0, 0.25, 0.01, 128, 1024, 48, 0.001, 4063380197) : -0.6283915001615883
(1.0, 0, 0.1, 0, 0, 0.25, 0.01, 128, 1024, 49, 0.001, 4063380197) : -0.6291445903515508
(1.0, 0, 0.1, 0, 0, 0.25, 0.01, 128, 1024, 50, 0.001, 4063380197) : -0.6302267868843711
(1.0, 0, 0.1, 0, 0, 0.25, 0.01, 128, 1024, 51, 0.001, 4063380197) : -0.6279749286195027
(1.0, 0, 0.1, 0, 0, 0.5, 0.01, 128, 1024, 1, 0.01, 4063380198) : -0.6142814363268174
(1.0, 0, 0.1, 0, 0, 0.5, 0.01, 128, 1024, 2, 0.01, 4063380198) : -0.6139701195160061
(1.0, 0, 0.1, 0, 0, 0.5, 0.01, 128, 1024, 3, 0.01, 4063380198) : -0.6226099022465214
(1.0, 0, 0.1, 0, 0, 0.5, 0.01, 128, 1024, 4, 0.01, 4063380198) : -0.6203313596835835
(1.0, 0, 0.1, 0, 0, 0.5, 0.01, 128, 1024, 5, 0.01, 4063380198) : -0.6030206625414718
(1.0, 0, 0.1, 0, 0, 0.5, 0.01, 128, 1024, 6, 0.01, 4063380198) : -0.5973887931877951
(1.0, 0, 0.1, 0, 0, 0.5, 0.01, 128, 1024, 7, 0.01, 4063380198) : -0.5873065759005209
(1.0, 0, 0.1, 0, 0, 0.5, 0.01, 128, 1024, 8, 0.01, 4063380198) : -0.5845254790572734
(1.0, 0, 0.1, 0, 0, 0.5, 0.01, 128, 1024, 9, 0.01, 4063380198) : -0.5939435538148169
(1.0, 0, 0.1, 0, 0, 0.5, 0.01, 128, 1024, 10, 0.01, 4063380198) : -0.5871168208920264
(1.0, 0, 0.1, 0, 0, 0.5, 0.01, 128, 1024, 11, 0.01, 4063380198) : -0.5814775392333305
(1.0, 0, 0.1, 0, 0, 0.5, 0.01, 128, 1024, 12, 0.01, 4063380198) : -0.57497694773139
(1.0, 0, 0.1, 0, 0, 0.5, 0.01, 128, 1024, 13, 0.01, 4063380198) : -0.5708186446155534
(1.0, 0, 0.1, 0, 0, 0.5, 0.01, 128, 1024, 1, 0.001, 4063380199) : -0.6254458501469119
(1.0, 0, 0.1, 0, 0, 0.5, 0.01, 128, 1024, 2, 0.001, 4063380199) : -0.618103220794777
(1.0, 0, 0.1, 0, 0, 0.5, 0.01, 128, 1024, 3, 0.001, 4063380199) : -0.6210162566673684
(1.0, 0, 0.1, 0, 0, 0.5, 0.01, 128, 1024, 4, 0.001, 4063380199) : -0.6207034573955532
(1.0, 0, 0.1, 0, 0, 0.5, 0.01, 128, 1024, 5, 0.001, 4063380199) : -0.6203773159747032
(1.0, 0, 0.1, 0, 0, 0.5, 0.01, 128, 1024, 6, 0.001, 4063380199) : -0.6183493093214183
(1.0, 0, 0.1, 0, 0, 0.5, 0.01, 128, 1024, 7, 0.001, 4063380199) : -0.6186873104302991
(1.0, 0, 0.1, 0, 0, 0.5, 0.01, 128, 1024, 8, 0.001, 4063380199) : -0.6168742606225743
(1.0, 0, 0.1, 0, 0, 0.5, 0.01, 128, 1024, 9, 0.001, 4063380199) : -0.6201979381932359
(1.0, 0, 0.1, 0, 0, 0.5, 0.01, 128, 1024, 10, 0.001, 4063380199) : -0.6190505133762456
(1.0, 0, 0.1, 0, 0, 0.5, 0.01, 128, 1024, 11, 0.001, 4063380199) : -0.6162308725468977
(1.0, 0, 0.1, 64, 0, 0.25, 0.01, 128, 1024, 1, 0.01, 4063380200) : -0.6361847976588976
(1.0, 0, 0.1, 64, 0, 0.25, 0.01, 128, 1024, 2, 0.01, 4063380200) : -0.6382053920071632
(1.0, 0, 0.1, 64, 0, 0.25, 0.01, 128, 1024, 3, 0.01, 4063380200) : -0.6293654770411264
(1.0, 0, 0.1, 64, 0, 0.25, 0.01, 128, 1024, 4, 0.01, 4063380200) : -0.6094130343901304
(1.0, 0, 0.1, 64, 0, 0.25, 0.01, 128, 1024, 5, 0.01, 4063380200) : -0.6105100555329892
(1.0, 0, 0.1, 64, 0, 0.25, 0.01, 128, 1024, 6, 0.01, 4063380200) : -0.604808510512131
(1.0, 0, 0.1, 64, 0, 0.25, 0.01, 128, 1024, 7, 0.01, 4063380200) : -0.6064970335955313
(1.0, 0, 0.1, 64, 0, 0.25, 0.01, 128, 1024, 8, 0.01, 4063380200) : -0.6012357794928205
(1.0, 0, 0.1, 64, 0, 0.25, 0.01, 128, 1024, 9, 0.01, 4063380200) : -0.5949531097584478
(1.0, 0, 0.1, 64, 0, 0.25, 0.01, 128, 1024, 10, 0.01, 4063380200) : -0.5893538545468562
(1.0, 0, 0.1, 64, 0, 0.25, 0.01, 128, 1024, 11, 0.01, 4063380200) : -0.5840777758341067
(1.0, 0, 0.1, 64, 0, 0.25, 0.01, 128, 1024, 12, 0.01, 4063380200) : -0.5823507087646059
(1.0, 0, 0.1, 64, 0, 0.25, 0.01, 128, 1024, 1, 0.001, 4063380201) : -0.6321376791183508
(1.0, 0, 0.1, 64, 0, 0.25, 0.01, 128, 1024, 2, 0.001, 4063380201) : -0.6329100413013635
(1.0, 0, 0.1, 64, 0, 0.25, 0.01, 128, 1024, 3, 0.001, 4063380201) : -0.6318826958256863
(1.0, 0, 0.1, 64, 0, 0.25, 0.01, 128, 1024, 4, 0.001, 4063380201) : -0.6286909572843686
(1.0, 0, 0.1, 64, 0, 0.25, 0.01, 128, 1024, 5, 0.001, 4063380201) : -0.6289459405770331
(1.0, 0, 0.1, 64, 0, 0.25, 0.01, 128, 1024, 6, 0.001, 4063380201) : -0.6281528239399663
(1.0, 0, 0.1, 64, 0, 0.25, 0.01, 128, 1024, 7, 0.001, 4063380201) : -0.6300785407839847
(1.0, 0, 0.1, 64, 0, 0.25, 0.01, 128, 1024, 8, 0.001, 4063380201) : -0.6332258054951865
(1.0, 0, 0.1, 64, 0, 0.25, 0.01, 128, 1024, 9, 0.001, 4063380201) : -0.6313771766233689
(1.0, 0, 0.1, 64, 0, 0.25, 0.01, 128, 1024, 10, 0.001, 4063380201) : -0.6303127696225951
(1.0, 0, 0.1, 64, 0, 0.25, 0.01, 128, 1024, 11, 0.001, 4063380201) : -0.6316128879229832
(1.0, 0, 0.1, 64, 0, 0.25, 0.01, 128, 1024, 12, 0.001, 4063380201) : -0.6306552181144875
(1.0, 0, 0.1, 64, 0, 0.25, 0.01, 128, 1024, 13, 0.001, 4063380201) : -0.6328033041090854
(1.0, 0, 0.1, 64, 0, 0.25, 0.01, 128, 1024, 14, 0.001, 4063380201) : -0.6297286799870729
(1.0, 0, 0.1, 64, 0, 0.25, 0.01, 128, 1024, 15, 0.001, 4063380201) : -0.6274338303530925
(1.0, 0, 0.1, 64, 0, 0.25, 0.01, 128, 1024, 16, 0.001, 4063380201) : -0.6301378392241392
(1.0, 0, 0.1, 64, 0, 0.25, 0.01, 128, 1024, 17, 0.001, 4063380201) : -0.6280831482727847
(1.0, 0, 0.1, 64, 0, 0.25, 0.01, 128, 1024, 18, 0.001, 4063380201) : -0.628502684736878
(1.0, 0, 0.1, 64, 0, 0.5, 0.01, 128, 1024, 1, 0.01, 4063380202) : -0.6319968453229837
(1.0, 0, 0.1, 64, 0, 0.5, 0.01, 128, 1024, 2, 0.01, 4063380202) : -0.6241575915345546
(1.0, 0, 0.1, 64, 0, 0.5, 0.01, 128, 1024, 3, 0.01, 4063380202) : -0.6169365239847365
(1.0, 0, 0.1, 64, 0, 0.5, 0.01, 128, 1024, 4, 0.01, 4063380202) : -0.6122430524465053
(1.0, 0, 0.1, 64, 0, 0.5, 0.01, 128, 1024, 5, 0.01, 4063380202) : -0.6043919389700454
(1.0, 0, 0.1, 64, 0, 0.5, 0.01, 128, 1024, 6, 0.01, 4063380202) : -0.6042926140827866
(1.0, 0, 0.1, 64, 0, 0.5, 0.01, 128, 1024, 7, 0.01, 4063380202) : -0.5984324457345149
(1.0, 0, 0.1, 64, 0, 0.5, 0.01, 128, 1024, 8, 0.01, 4063380202) : -0.599754800949961
(1.0, 0, 0.1, 64, 0, 0.5, 0.01, 128, 1024, 9, 0.01, 4063380202) : -0.5987837889924306
(1.0, 0, 0.1, 64, 0, 0.5, 0.01, 128, 1024, 10, 0.01, 4063380202) : -0.6004115311746725
(1.0, 0, 0.1, 64, 0, 0.5, 0.01, 128, 1024, 11, 0.01, 4063380202) : -0.6035706555739051
(1.0, 0, 0.1, 64, 0, 0.5, 0.01, 128, 1024, 1, 0.001, 4063380203) : -0.6393854309662385
(1.0, 0, 0.1, 64, 0, 0.5, 0.01, 128, 1024, 2, 0.001, 4063380203) : -0.6424066864921119
(1.0, 0, 0.1, 64, 0, 0.5, 0.01, 128, 1024, 3, 0.001, 4063380203) : -0.6404290835129582
(1.0, 0, 0.1, 64, 0, 0.5, 0.01, 128, 1024, 4, 0.001, 4063380203) : -0.6393987731152732
(1.0, 0, 0.1, 64, 0, 0.5, 0.01, 128, 1024, 5, 0.001, 4063380203) : -0.6393928432712578
(1.0, 0, 0.1, 64, 0, 0.5, 0.01, 128, 1024, 6, 0.001, 4063380203) : -0.6370994760982812
(1.0, 0, 0.1, 64, 0, 0.5, 0.01, 128, 1024, 7, 0.001, 4063380203) : -0.6335712189090866
(1.0, 0, 0.1, 64, 0, 0.5, 0.01, 128, 1024, 8, 0.001, 4063380203) : -0.6375041879523359
(1.0, 0, 0.1, 64, 0, 0.5, 0.01, 128, 1024, 9, 0.001, 4063380203) : -0.6315269051847591
(1.0, 0, 0.1, 64, 0, 0.5, 0.01, 128, 1024, 10, 0.001, 4063380203) : -0.6315921334689291
(1.0, 0, 0.1, 64, 0, 0.5, 0.01, 128, 1024, 11, 0.001, 4063380203) : -0.6252546126774136
(1.0, 0, 0.1, 64, 0, 0.5, 0.01, 128, 1024, 12, 0.001, 4063380203) : -0.6284300441476887
(1.0, 0, 0.1, 128, 0, 0.25, 0.01, 128, 1024, 1, 0.01, 4063380204) : -0.6252531302164096
(1.0, 0, 0.1, 128, 0, 0.25, 0.01, 128, 1024, 2, 0.01, 4063380204) : -0.6151679480071277
(1.0, 0, 0.1, 128, 0, 0.25, 0.01, 128, 1024, 3, 0.01, 4063380204) : -0.6094649205252656
(1.0, 0, 0.1, 128, 0, 0.25, 0.01, 128, 1024, 4, 0.01, 4063380204) : -0.5978453911769851
(1.0, 0, 0.1, 128, 0, 0.25, 0.01, 128, 1024, 5, 0.01, 4063380204) : -0.5948789867082547
(1.0, 0, 0.1, 128, 0, 0.25, 0.01, 128, 1024, 6, 0.01, 4063380204) : -0.5991069654912727
(1.0, 0, 0.1, 128, 0, 0.25, 0.01, 128, 1024, 7, 0.01, 4063380204) : -0.6033245670472638
(1.0, 0, 0.1, 128, 0, 0.25, 0.01, 128, 1024, 8, 0.01, 4063380204) : -0.6025018011901196
(1.0, 0, 0.1, 128, 0, 0.25, 0.01, 128, 1024, 9, 0.01, 4063380204) : -0.6029257850372246
(1.0, 0, 0.1, 128, 0, 0.25, 0.01, 128, 1024, 10, 0.01, 4063380204) : -0.5980736901715801
(1.0, 0, 0.1, 128, 0, 0.25, 0.01, 128, 1024, 11, 0.01, 4063380204) : -0.5971026782140496
(1.0, 0, 0.1, 128, 0, 0.25, 0.01, 128, 1024, 1, 0.001, 4063380205) : -0.6301289444581161
(1.0, 0, 0.1, 128, 0, 0.25, 0.01, 128, 1024, 2, 0.001, 4063380205) : -0.6329545151314795
(1.0, 0, 0.1, 128, 0, 0.25, 0.01, 128, 1024, 3, 0.001, 4063380205) : -0.6336720262573493
(1.0, 0, 0.1, 128, 0, 0.25, 0.01, 128, 1024, 4, 0.001, 4063380205) : -0.6282669734372638
(1.0, 0, 0.1, 128, 0, 0.25, 0.01, 128, 1024, 5, 0.001, 4063380205) : -0.6269149690017404
(1.0, 0, 0.1, 128, 0, 0.25, 0.01, 128, 1024, 6, 0.001, 4063380205) : -0.62735229499788
(1.0, 0, 0.1, 128, 0, 0.25, 0.01, 128, 1024, 7, 0.001, 4063380205) : -0.6300118300388108
(1.0, 0, 0.1, 128, 0, 0.25, 0.01, 128, 1024, 8, 0.001, 4063380205) : -0.6305677529152596
(1.0, 0, 0.1, 128, 0, 0.25, 0.01, 128, 1024, 9, 0.001, 4063380205) : -0.6302164096573439
(1.0, 0, 0.1, 128, 0, 0.25, 0.01, 128, 1024, 10, 0.001, 4063380205) : -0.6294084684102385
(1.0, 0, 0.1, 128, 0, 0.25, 0.01, 128, 1024, 11, 0.001, 4063380205) : -0.6298561716334052
(1.0, 0, 0.1, 128, 0, 0.25, 0.01, 128, 1024, 12, 0.001, 4063380205) : -0.628264008515256
(1.0, 0, 0.1, 128, 0, 0.25, 0.01, 128, 1024, 13, 0.001, 4063380205) : -0.6299243648395829
(1.0, 0, 0.1, 128, 0, 0.5, 0.01, 128, 1024, 1, 0.01, 4063380206) : -0.6332406301052251
(1.0, 0, 0.1, 128, 0, 0.5, 0.01, 128, 1024, 2, 0.01, 4063380206) : -0.6218390225245125
(1.0, 0, 0.1, 128, 0, 0.5, 0.01, 128, 1024, 3, 0.01, 4063380206) : -0.6260506942364881
(1.0, 0, 0.1, 128, 0, 0.5, 0.01, 128, 1024, 4, 0.01, 4063380206) : -0.6273656371469148
(1.0, 0, 0.1, 128, 0, 0.5, 0.01, 128, 1024, 5, 0.01, 4063380206) : -0.6223712260248994
(1.0, 0, 0.1, 128, 0, 0.5, 0.01, 128, 1024, 6, 0.01, 4063380206) : -0.6184768009677506
(1.0, 0, 0.1, 128, 0, 0.5, 0.01, 128, 1024, 7, 0.01, 4063380206) : -0.6180883961847383
(1.0, 0, 0.1, 128, 0, 0.5, 0.01, 128, 1024, 8, 0.01, 4063380206) : -0.6128567913021048
(1.0, 0, 0.1, 128, 0, 0.5, 0.01, 128, 1024, 9, 0.01, 4063380206) : -0.6138411454086701
(1.0, 0, 0.1, 128, 0, 0.5, 0.01, 128, 1024, 10, 0.01, 4063380206) : -0.6142221378866629
(1.0, 0, 0.1, 128, 0, 0.5, 0.01, 128, 1024, 11, 0.01, 4063380206) : -0.6153680802426492
(1.0, 0, 0.1, 128, 0, 0.5, 0.01, 128, 1024, 1, 0.001, 4063380207) : -0.6375412494774325
(1.0, 0, 0.1, 128, 0, 0.5, 0.01, 128, 1024, 2, 0.001, 4063380207) : -0.634868372287467
(1.0, 0, 0.1, 128, 0, 0.5, 0.01, 128, 1024, 3, 0.001, 4063380207) : -0.630747130696727
(1.0, 0, 0.1, 128, 0, 0.5, 0.01, 128, 1024, 4, 0.001, 4063380207) : -0.6362322364110212
(1.0, 0, 0.1, 128, 0, 0.5, 0.01, 128, 1024, 5, 0.001, 4063380207) : -0.6363300788372762
(1.0, 0, 0.1, 128, 0, 0.5, 0.01, 128, 1024, 6, 0.001, 4063380207) : -0.6324534433121737
(1.0, 0, 0.1, 128, 0, 0.5, 0.01, 128, 1024, 7, 0.001, 4063380207) : -0.6374004156820655
(1.0, 0, 0.1, 128, 0, 0.5, 0.01, 128, 1024, 8, 0.001, 4063380207) : -0.6354643216110201
(1.0, 0, 0.1, 128, 0, 0.5, 0.01, 128, 1024, 9, 0.001, 4063380207) : -0.634131589168547
(1.0, 0, 0.1, 128, 0, 0.5, 0.01, 128, 1024, 10, 0.001, 4063380207) : -0.6327944093430622
(1.0, 0, 0.1, 128, 0, 0.5, 0.01, 128, 1024, 11, 0.001, 4063380207) : -0.6357534015067734
(1.0, 0.001, 0.1, 0, 0, 0.25, 0.01, 128, 1024, 1, 0.01, 4063380220) : -0.6089905330040293
(1.0, 0.001, 0.1, 0, 0, 0.25, 0.01, 128, 1024, 2, 0.01, 4063380220) : -0.6197680245021154
(1.0, 0.001, 0.1, 0, 0, 0.25, 0.01, 128, 1024, 3, 0.01, 4063380220) : -0.607585159972367
(1.0, 0.001, 0.1, 0, 0, 0.25, 0.01, 128, 1024, 4, 0.01, 4063380220) : -0.5985955164449399
(1.0, 0.001, 0.1, 0, 0, 0.25, 0.01, 128, 1024, 5, 0.01, 4063380220) : -0.6046988083978451
(1.0, 0.001, 0.1, 0, 0, 0.25, 0.01, 128, 1024, 6, 0.01, 4063380220) : -0.5986414727360597
(1.0, 0.001, 0.1, 0, 0, 0.25, 0.01, 128, 1024, 7, 0.01, 4063380220) : -0.6030992329746766
(1.0, 0.001, 0.1, 0, 0, 0.25, 0.01, 128, 1024, 8, 0.01, 4063380220) : -0.6033453215013179
(1.0, 0.001, 0.1, 0, 0, 0.25, 0.01, 128, 1024, 9, 0.01, 4063380220) : -0.6055942148441785
(1.0, 0.001, 0.1, 0, 0, 0.25, 0.01, 128, 1024, 10, 0.01, 4063380220) : -0.605534916404024
(1.0, 0.001, 0.1, 0, 0, 0.25, 0.01, 128, 1024, 11, 0.01, 4063380220) : -0.6086169528310558
(1.0, 0.001, 0.1, 0, 0, 0.25, 0.01, 128, 1024, 12, 0.01, 4063380220) : -0.6104937484619467
(1.0, 0.001, 0.1, 0, 0, 0.25, 0.01, 128, 1024, 1, 0.001, 4063380221) : -0.628643518532245
(1.0, 0.001, 0.1, 0, 0, 0.25, 0.01, 128, 1024, 2, 0.001, 4063380221) : -0.6307901220658391
(1.0, 0.001, 0.1, 0, 0, 0.25, 0.01, 128, 1024, 3, 0.001, 4063380221) : -0.6294055034882308
(1.0, 0.001, 0.1, 0, 0, 0.25, 0.01, 128, 1024, 4, 0.001, 4063380221) : -0.6293966087222076
(1.0, 0.001, 0.1, 0, 0, 0.25, 0.01, 128, 1024, 5, 0.001, 4063380221) : -0.6255244205801166
(1.0, 0.001, 0.1, 0, 0, 0.25, 0.01, 128, 1024, 6, 0.001, 4063380221) : -0.6269757499028988
(1.0, 0.001, 0.1, 0, 0, 0.25, 0.01, 128, 1024, 7, 0.001, 4063380221) : -0.626290852919114
(1.0, 0.001, 0.1, 0, 0, 0.25, 0.01, 128, 1024, 8, 0.001, 4063380221) : -0.6280001304565683
(1.0, 0.001, 0.1, 0, 0, 0.25, 0.01, 128, 1024, 9, 0.001, 4063380221) : -0.6290511953083074
(1.0, 0.001, 0.1, 0, 0, 0.25, 0.01, 128, 1024, 10, 0.001, 4063380221) : -0.6290497128473036
(1.0, 0.001, 0.1, 0, 0, 0.25, 0.01, 128, 1024, 11, 0.001, 4063380221) : -0.6288540279947936
(1.0, 0.001, 0.1, 0, 0, 0.25, 0.01, 128, 1024, 12, 0.001, 4063380221) : -0.6259899133353297
(1.0, 0.001, 0.1, 0, 0, 0.5, 0.01, 128, 1024, 1, 0.01, 4063380222) : -0.6080684422596263
(1.0, 0.001, 0.1, 0, 0, 0.5, 0.01, 128, 1024, 2, 0.01, 4063380222) : -0.5984146562024686
(1.0, 0.001, 0.1, 0, 0, 0.5, 0.01, 128, 1024, 3, 0.01, 4063380222) : -0.5789143641576509
(1.0, 0.001, 0.1, 0, 0, 0.5, 0.01, 128, 1024, 4, 0.01, 4063380222) : -0.5863355639429905
(1.0, 0.001, 0.1, 0, 0, 0.5, 0.01, 128, 1024, 5, 0.01, 4063380222) : -0.590538340888943
(1.0, 0.001, 0.1, 0, 0, 0.5, 0.01, 128, 1024, 6, 0.01, 4063380222) : -0.5929829190843134
(1.0, 0.001, 0.1, 0, 0, 0.5, 0.01, 128, 1024, 7, 0.01, 4063380222) : -0.5980054969654023
(1.0, 0.001, 0.1, 0, 0, 0.5, 0.01, 128, 1024, 8, 0.01, 4063380222) : -0.5971189852850921
(1.0, 0.001, 0.1, 0, 0, 0.5, 0.01, 128, 1024, 9, 0.01, 4063380222) : -0.6001283811229345
(1.0, 0.001, 0.1, 0, 0, 0.5, 0.01, 128, 1024, 10, 0.01, 4063380222) : -0.6008029008796923
(1.0, 0.001, 0.1, 0, 0, 0.5, 0.01, 128, 1024, 11, 0.01, 4063380222) : -0.6084553645816346
(1.0, 0.001, 0.1, 0, 0, 0.5, 0.01, 128, 1024, 12, 0.01, 4063380222) : -0.6121644820133006
(1.0, 0.001, 0.1, 0, 0, 0.5, 0.01, 128, 1024, 13, 0.01, 4063380222) : -0.6120562623600186
(1.0, 0.001, 0.1, 0, 0, 0.5, 0.01, 128, 1024, 14, 0.01, 4063380222) : -0.6075985021214017
(1.0, 0.001, 0.1, 0, 0, 0.5, 0.01, 128, 1024, 15, 0.01, 4063380222) : -0.600350750273514
(1.0, 0.001, 0.1, 0, 0, 0.5, 0.01, 128, 1024, 16, 0.01, 4063380222) : -0.5993397118688792
(1.0, 0.001, 0.1, 0, 0, 0.5, 0.01, 128, 1024, 17, 0.01, 4063380222) : -0.5976200571043979
(1.0, 0.001, 0.1, 0, 0, 0.5, 0.01, 128, 1024, 18, 0.01, 4063380222) : -0.5984887792526618
(1.0, 0.001, 0.1, 0, 0, 0.5, 0.01, 128, 1024, 19, 0.01, 4063380222) : -0.6058447507538314
(1.0, 0.001, 0.1, 0, 0, 0.5, 0.01, 128, 1024, 20, 0.01, 4063380222) : -0.6053881527646415
(1.0, 0.001, 0.1, 0, 0, 0.5, 0.01, 128, 1024, 21, 0.01, 4063380222) : -0.6034401990055651
(1.0, 0.001, 0.1, 0, 0, 0.5, 0.01, 128, 1024, 22, 0.01, 4063380222) : -0.6008903660789203
(1.0, 0.001, 0.1, 0, 0, 0.5, 0.01, 128, 1024, 1, 0.001, 4063380223) : -0.6260506942364881
(1.0, 0.001, 0.1, 0, 0, 0.5, 0.01, 128, 1024, 2, 0.001, 4063380223) : -0.624305837634941
(1.0, 0.001, 0.1, 0, 0, 0.5, 0.01, 128, 1024, 3, 0.001, 4063380223) : -0.6273256106998105
(1.0, 0.001, 0.1, 0, 0, 0.5, 0.01, 128, 1024, 4, 0.001, 4063380223) : -0.6254666046009659
(1.0, 0.001, 0.1, 0, 0, 0.5, 0.01, 128, 1024, 5, 0.001, 4063380223) : -0.6267622755183425
(1.0, 0.001, 0.1, 0, 0, 0.5, 0.01, 128, 1024, 6, 0.001, 4063380223) : -0.6278993231083057
(1.0, 0.001, 0.1, 0, 0, 0.5, 0.01, 128, 1024, 7, 0.001, 4063380223) : -0.6256874912905416
(1.0, 0.001, 0.1, 0, 0, 0.5, 0.01, 128, 1024, 8, 0.001, 4063380223) : -0.6243206622449796
(1.0, 0.001, 0.1, 0, 0, 0.5, 0.01, 128, 1024, 9, 0.001, 4063380223) : -0.6272425928835942
(1.0, 0.001, 0.1, 0, 0, 0.5, 0.01, 128, 1024, 10, 0.001, 4063380223) : -0.6287680452565695
(1.0, 0.001, 0.1, 0, 0, 0.5, 0.01, 128, 1024, 11, 0.001, 4063380223) : -0.62787412127124
(1.0, 0.001, 0.1, 0, 0, 0.5, 0.01, 128, 1024, 12, 0.001, 4063380223) : -0.6283737106295418
(1.0, 0.001, 0.1, 0, 0, 0.5, 0.01, 128, 1024, 13, 0.001, 4063380223) : -0.6249521906326254
(1.0, 0.001, 0.1, 0, 0, 0.5, 0.01, 128, 1024, 14, 0.001, 4063380223) : -0.6256059559353291
(1.0, 0.001, 0.1, 0, 0, 0.5, 0.01, 128, 1024, 15, 0.001, 4063380223) : -0.6181714140009547
(1.0, 0.001, 0.1, 0, 0, 0.5, 0.01, 128, 1024, 16, 0.001, 4063380223) : -0.6181536244689083
(1.0, 0.001, 0.1, 0, 0, 0.5, 0.01, 128, 1024, 17, 0.001, 4063380223) : -0.6229419735113868
(1.0, 0.001, 0.1, 0, 0, 0.5, 0.01, 128, 1024, 18, 0.001, 4063380223) : -0.6160692842974765
(1.0, 0.001, 0.1, 0, 0, 0.5, 0.01, 128, 1024, 19, 0.001, 4063380223) : -0.6200200428727722
(1.0, 0.001, 0.1, 0, 0, 0.5, 0.01, 128, 1024, 20, 0.001, 4063380223) : -0.6240819860233576
(1.0, 0.001, 0.1, 64, 0, 0.25, 0.01, 128, 1024, 1, 0.01, 4063380224) : -0.6230991143777963
(1.0, 0.001, 0.1, 64, 0, 0.25, 0.01, 128, 1024, 2, 0.01, 4063380224) : -0.607302009920629
(1.0, 0.001, 0.1, 64, 0, 0.25, 0.01, 128, 1024, 3, 0.01, 4063380224) : -0.5926360232094094
(1.0, 0.001, 0.1, 64, 0, 0.25, 0.01, 128, 1024, 4, 0.01, 4063380224) : -0.5914337473352763
(1.0, 0.001, 0.1, 64, 0, 0.25, 0.01, 128, 1024, 5, 0.01, 4063380224) : -0.5864793626603653
(1.0, 0.001, 0.1, 64, 0, 0.25, 0.01, 128, 1024, 6, 0.01, 4063380224) : -0.5923439783916484
(1.0, 0.001, 0.1, 64, 0, 0.25, 0.01, 128, 1024, 7, 0.01, 4063380224) : -0.6026989685036335
(1.0, 0.001, 0.1, 64, 0, 0.25, 0.01, 128, 1024, 8, 0.01, 4063380224) : -0.6021045016410843
(1.0, 0.001, 0.1, 64, 0, 0.25, 0.01, 128, 1024, 9, 0.01, 4063380224) : -0.5973131876765981
(1.0, 0.001, 0.1, 64, 0, 0.25, 0.01, 128, 1024, 10, 0.01, 4063380224) : -0.5901988573190582
(1.0, 0.001, 0.1, 64, 0, 0.25, 0.01, 128, 1024, 11, 0.01, 4063380224) : -0.5935566314928086
(1.0, 0.001, 0.1, 64, 0, 0.25, 0.01, 128, 1024, 1, 0.001, 4063380225) : -0.6270973117052155
(1.0, 0.001, 0.1, 64, 0, 0.25, 0.01, 128, 1024, 2, 0.001, 4063380225) : -0.631300088651168
(1.0, 0.001, 0.1, 64, 0, 0.25, 0.01, 128, 1024, 3, 0.001, 4063380225) : -0.6287102292774188
(1.0, 0.001, 0.1, 64, 0, 0.25, 0.01, 128, 1024, 4, 0.001, 4063380225) : -0.6256919386735532
(1.0, 0.001, 0.1, 64, 0, 0.25, 0.01, 128, 1024, 5, 0.001, 4063380225) : -0.6275420500063745
(1.0, 0.001, 0.1, 64, 0, 0.25, 0.01, 128, 1024, 6, 0.001, 4063380225) : -0.6291786869546396
(1.0, 0.001, 0.1, 64, 0, 0.25, 0.01, 128, 1024, 7, 0.001, 4063380225) : -0.6290037565561838
(1.0, 0.001, 0.1, 64, 0, 0.25, 0.01, 128, 1024, 8, 0.001, 4063380225) : -0.6296530744758759
(1.0, 0.001, 0.1, 64, 0, 0.25, 0.01, 128, 1024, 9, 0.001, 4063380225) : -0.6284152195376501
(1.0, 0.001, 0.1, 64, 0, 0.25, 0.01, 128, 1024, 10, 0.001, 4063380225) : -0.6293032136789641
(1.0, 0.001, 0.1, 64, 0, 0.25, 0.01, 128, 1024, 11, 0.001, 4063380225) : -0.6265488011337862
(1.0, 0.001, 0.1, 64, 0, 0.25, 0.01, 128, 1024, 12, 0.001, 4063380225) : -0.6274486549631312
(1.0, 0.001, 0.1, 64, 0, 0.5, 0.01, 128, 1024, 1, 0.01, 4063380226) : -0.6079572576843366
(1.0, 0.001, 0.1, 64, 0, 0.5, 0.01, 128, 1024, 2, 0.01, 4063380226) : -0.6079987665924448
(1.0, 0.001, 0.1, 64, 0, 0.5, 0.01, 128, 1024, 3, 0.01, 4063380226) : -0.6040821046202379
(1.0, 0.001, 0.1, 64, 0, 0.5, 0.01, 128, 1024, 4, 0.01, 4063380226) : -0.5927516551677108
(1.0, 0.001, 0.1, 64, 0, 0.5, 0.01, 128, 1024, 5, 0.01, 4063380226) : -0.5731831699167154
(1.0, 0.001, 0.1, 64, 0, 0.5, 0.01, 128, 1024, 6, 0.01, 4063380226) : -0.5850132087275445
(1.0, 0.001, 0.1, 64, 0, 0.5, 0.01, 128, 1024, 7, 0.01, 4063380226) : -0.5787260916101602
(1.0, 0.001, 0.1, 64, 0, 0.5, 0.01, 128, 1024, 8, 0.01, 4063380226) : -0.5864245116032223
(1.0, 0.001, 0.1, 64, 0, 0.5, 0.01, 128, 1024, 9, 0.01, 4063380226) : -0.5881752980487849
(1.0, 0.001, 0.1, 64, 0, 0.5, 0.01, 128, 1024, 10, 0.01, 4063380226) : -0.5770420159097714
(1.0, 0.001, 0.1, 64, 0, 0.5, 0.01, 128, 1024, 11, 0.01, 4063380226) : -0.5765913477645971
(1.0, 0.001, 0.1, 64, 0, 0.5, 0.01, 128, 1024, 12, 0.01, 4063380226) : -0.5872650669924128
(1.0, 0.001, 0.1, 64, 0, 0.5, 0.01, 128, 1024, 1, 0.001, 4063380227) : -0.623709888311388
(1.0, 0.001, 0.1, 64, 0, 0.5, 0.01, 128, 1024, 2, 0.001, 4063380227) : -0.6258475970789589
(1.0, 0.001, 0.1, 64, 0, 0.5, 0.01, 128, 1024, 3, 0.001, 4063380227) : -0.6212727224210367
(1.0, 0.001, 0.1, 64, 0, 0.5, 0.01, 128, 1024, 4, 0.001, 4063380227) : -0.6188741005167859
(1.0, 0.001, 0.1, 64, 0, 0.5, 0.01, 128, 1024, 5, 0.001, 4063380227) : -0.6180424398936186
(1.0, 0.001, 0.1, 64, 0, 0.5, 0.01, 128, 1024, 6, 0.001, 4063380227) : -0.6195916116426557
(1.0, 0.001, 0.1, 64, 0, 0.5, 0.01, 128, 1024, 7, 0.001, 4063380227) : -0.6234578699407312
(1.0, 0.001, 0.1, 64, 0, 0.5, 0.01, 128, 1024, 8, 0.001, 4063380227) : -0.618623564607133
(1.0, 0.001, 0.1, 64, 0, 0.5, 0.01, 128, 1024, 9, 0.001, 4063380227) : -0.6108643637129125
(1.0, 0.001, 0.1, 64, 0, 0.5, 0.01, 128, 1024, 10, 0.001, 4063380227) : -0.6121185257221808
(1.0, 0.001, 0.1, 64, 0, 0.5, 0.01, 128, 1024, 11, 0.001, 4063380227) : -0.6133904772634956
(1.0, 0.001, 0.1, 64, 0, 0.5, 0.01, 128, 1024, 12, 0.001, 4063380227) : -0.6179490448503752
(1.0, 0.001, 0.1, 128, 0, 0.25, 0.01, 128, 1024, 1, 0.01, 4063380228) : -0.6136424956341523
(1.0, 0.001, 0.1, 128, 0, 0.25, 0.01, 128, 1024, 2, 0.01, 4063380228) : -0.6155593177121476
(1.0, 0.001, 0.1, 128, 0, 0.25, 0.01, 128, 1024, 3, 0.01, 4063380228) : -0.605306617409429
(1.0, 0.001, 0.1, 128, 0, 0.25, 0.01, 128, 1024, 4, 0.01, 4063380228) : -0.5952229176611509
(1.0, 0.001, 0.1, 128, 0, 0.25, 0.01, 128, 1024, 5, 0.01, 4063380228) : -0.5906421131592133
(1.0, 0.001, 0.1, 128, 0, 0.25, 0.01, 128, 1024, 6, 0.01, 4063380228) : -0.5904909021368193
(1.0, 0.001, 0.1, 128, 0, 0.25, 0.01, 128, 1024, 7, 0.01, 4063380228) : -0.5967676420271765
(1.0, 0.001, 0.1, 128, 0, 0.25, 0.01, 128, 1024, 8, 0.01, 4063380228) : -0.601848035887416
(1.0, 0.001, 0.1, 128, 0, 0.25, 0.01, 128, 1024, 9, 0.01, 4063380228) : -0.6045105358503544
(1.0, 0.001, 0.1, 128, 0, 0.25, 0.01, 128, 1024, 10, 0.01, 4063380228) : -0.6042066313445624
(1.0, 0.001, 0.1, 128, 0, 0.25, 0.01, 128, 1024, 11, 0.01, 4063380228) : -0.606998105414837
(1.0, 0.001, 0.1, 128, 0, 0.25, 0.01, 128, 1024, 12, 0.01, 4063380228) : -0.6108302671098237
(1.0, 0.001, 0.1, 128, 0, 0.25, 0.01, 128, 1024, 1, 0.001, 4063380229) : -0.6300666810959538
(1.0, 0.001, 0.1, 128, 0, 0.25, 0.01, 128, 1024, 2, 0.001, 4063380229) : -0.6316277125330219
(1.0, 0.001, 0.1, 128, 0, 0.25, 0.01, 128, 1024, 3, 0.001, 4063380229) : -0.6290838094503924
(1.0, 0.001, 0.1, 128, 0, 0.25, 0.01, 128, 1024, 4, 0.001, 4063380229) : -0.6280386744426688
(1.0, 0.001, 0.1, 128, 0, 0.25, 0.01, 128, 1024, 5, 0.001, 4063380229) : -0.6242257847407324
(1.0, 0.001, 0.1, 128, 0, 0.25, 0.01, 128, 1024, 6, 0.001, 4063380229) : -0.6250796822789576
(1.0, 0.001, 0.1, 128, 0, 0.25, 0.01, 128, 1024, 7, 0.001, 4063380229) : -0.6248869623484554
(1.0, 0.001, 0.1, 128, 0, 0.25, 0.01, 128, 1024, 8, 0.001, 4063380229) : -0.6262389667839787
(1.0, 0.001, 0.1, 128, 0, 0.25, 0.01, 128, 1024, 9, 0.001, 4063380229) : -0.6275435324673785
(1.0, 0.001, 0.1, 128, 0, 0.25, 0.01, 128, 1024, 10, 0.001, 4063380229) : -0.6280594288967228
(1.0, 0.001, 0.1, 128, 0, 0.25, 0.01, 128, 1024, 11, 0.001, 4063380229) : -0.6251508404071431
(1.0, 0.001, 0.1, 128, 0, 0.25, 0.01, 128, 1024, 12, 0.001, 4063380229) : -0.6277140154828227
(1.0, 0.001, 0.1, 128, 0, 0.5, 0.01, 128, 1024, 1, 0.01, 4063380230) : -0.5981344710727384
(1.0, 0.001, 0.1, 128, 0, 0.5, 0.01, 128, 1024, 2, 0.01, 4063380230) : -0.6107339071445725
(1.0, 0.001, 0.1, 128, 0, 0.5, 0.01, 128, 1024, 3, 0.01, 4063380230) : -0.5999682753345174
(1.0, 0.001, 0.1, 128, 0, 0.5, 0.01, 128, 1024, 4, 0.01, 4063380230) : -0.5903070769723402
(1.0, 0.001, 0.1, 128, 0, 0.5, 0.01, 128, 1024, 5, 0.01, 4063380230) : -0.5822365592673084
(1.0, 0.001, 0.1, 128, 0, 0.5, 0.01, 128, 1024, 6, 0.01, 4063380230) : -0.5816806363908598
(1.0, 0.001, 0.1, 128, 0, 0.5, 0.01, 128, 1024, 7, 0.01, 4063380230) : -0.5821654011391231
(1.0, 0.001, 0.1, 128, 0, 0.5, 0.01, 128, 1024, 8, 0.01, 4063380230) : -0.5866854247399023
(1.0, 0.001, 0.1, 128, 0, 0.5, 0.01, 128, 1024, 9, 0.01, 4063380230) : -0.5884762376325691
(1.0, 0.001, 0.1, 128, 0, 0.5, 0.01, 128, 1024, 10, 0.01, 4063380230) : -0.5826635080364211
(1.0, 0.001, 0.1, 128, 0, 0.5, 0.01, 128, 1024, 11, 0.01, 4063380230) : -0.5889965814449251
(1.0, 0.001, 0.1, 128, 0, 0.5, 0.01, 128, 1024, 12, 0.01, 4063380230) : -0.5818748387823658
(1.0, 0.001, 0.1, 128, 0, 0.5, 0.01, 128, 1024, 1, 0.001, 4063380231) : -0.625368762174711
(1.0, 0.001, 0.1, 128, 0, 0.5, 0.01, 128, 1024, 2, 0.001, 4063380231) : -0.6284315266086925
(1.0, 0.001, 0.1, 128, 0, 0.5, 0.01, 128, 1024, 3, 0.001, 4063380231) : -0.6286494483762605
(1.0, 0.001, 0.1, 128, 0, 0.5, 0.01, 128, 1024, 4, 0.001, 4063380231) : -0.628361850941511
(1.0, 0.001, 0.1, 128, 0, 0.5, 0.01, 128, 1024, 5, 0.001, 4063380231) : -0.6340426415083151
(1.0, 0.001, 0.1, 128, 0, 0.5, 0.01, 128, 1024, 6, 0.001, 4063380231) : -0.6319968453229837
(1.0, 0.001, 0.1, 128, 0, 0.5, 0.01, 128, 1024, 7, 0.001, 4063380231) : -0.6345703976256905
(1.0, 0.001, 0.1, 128, 0, 0.5, 0.01, 128, 1024, 8, 0.001, 4063380231) : -0.6370268355090919
(1.0, 0.001, 0.1, 128, 0, 0.5, 0.01, 128, 1024, 9, 0.001, 4063380231) : -0.6373826261500192
(1.0, 0.001, 0.1, 128, 0, 0.5, 0.01, 128, 1024, 10, 0.001, 4063380231) : -0.6327810671940275
(1.0, 0.001, 0.1, 128, 0, 0.5, 0.01, 128, 1024, 11, 0.001, 4063380231) : -0.6350047586998224
(1.0, 0.001, 0.1, 128, 0, 0.5, 0.01, 128, 1024, 12, 0.001, 4063380231) : -0.6313697643183496
(1.0, 0.001, 0.1, 128, 0, 0.5, 0.01, 128, 1024, 13, 0.001, 4063380231) : -0.6345096167245321
(1.0, 0.001, 0.1, 128, 0, 0.5, 0.01, 128, 1024, 14, 0.001, 4063380231) : -0.6277199453268382
(1.0, 0.001, 0.1, 128, 0, 0.5, 0.01, 128, 1024, 15, 0.001, 4063380231) : -0.6292883890689256
(1.0, 0.001, 0.1, 128, 0, 0.5, 0.01, 128, 1024, 16, 0.001, 4063380231) : -0.6288451332287704
(1.0, 0.001, 0.1, 128, 0, 0.5, 0.01, 128, 1024, 17, 0.001, 4063380231) : -0.629500380992478
(1.0, 0.001, 0.1, 128, 0, 0.5, 0.01, 128, 1024, 18, 0.001, 4063380231) : -0.6283173771113951
(1.0, 0.001, 0.1, 128, 0, 0.5, 0.01, 128, 1024, 19, 0.001, 4063380231) : -0.6288629227608168
(1.0, 0.001, 1, 0, 0, 0.25, 0.01, 128, 1024, 1, 0.01, 4063380232) : -0.632179188026459
(1.0, 0.001, 1, 0, 0, 0.25, 0.01, 128, 1024, 2, 0.01, 4063380232) : -0.6341493787005933
(1.0, 0.001, 1, 0, 0, 0.25, 0.01, 128, 1024, 3, 0.01, 4063380232) : -0.6311622197778087
(1.0, 0.001, 1, 0, 0, 0.25, 0.01, 128, 1024, 4, 0.01, 4063380232) : -0.6283099648063758
(1.0, 0.001, 1, 0, 0, 0.25, 0.01, 128, 1024, 5, 0.01, 4063380232) : -0.6320220471600495
(1.0, 0.001, 1, 0, 0, 0.25, 0.01, 128, 1024, 6, 0.01, 4063380232) : -0.6274160408210462
(1.0, 0.001, 1, 0, 0, 0.25, 0.01, 128, 1024, 7, 0.01, 4063380232) : -0.6313208431052221
(1.0, 0.001, 1, 0, 0, 0.25, 0.01, 128, 1024, 8, 0.01, 4063380232) : -0.6237736341345541
(1.0, 0.001, 1, 0, 0, 0.25, 0.01, 128, 1024, 9, 0.01, 4063380232) : -0.6183078004133101
(1.0, 0.001, 1, 0, 0, 0.25, 0.01, 128, 1024, 10, 0.01, 4063380232) : -0.6232236411021208
(1.0, 0.001, 1, 0, 0, 0.25, 0.01, 128, 1024, 11, 0.01, 4063380232) : -0.6241427669245161
(1.0, 0.001, 1, 0, 0, 0.25, 0.01, 128, 1024, 12, 0.01, 4063380232) : -0.6160781790634997
(1.0, 0.001, 1, 0, 0, 0.25, 0.01, 128, 1024, 1, 0.001, 4063380233) : -0.6338766058758825
(1.0, 0.001, 1, 0, 0, 0.25, 0.01, 128, 1024, 2, 0.001, 4063380233) : -0.6331383402959585
(1.0, 0.001, 1, 0, 0, 0.25, 0.01, 128, 1024, 3, 0.001, 4063380233) : -0.6312170708349517
(1.0, 0.001, 1, 0, 0, 0.25, 0.01, 128, 1024, 4, 0.001, 4063380233) : -0.6320828280612079
(1.0, 0.001, 1, 0, 0, 0.25, 0.01, 128, 1024, 5, 0.001, 4063380233) : -0.6334466921847621
(1.0, 0.001, 1, 0, 0, 0.25, 0.01, 128, 1024, 6, 0.001, 4063380233) : -0.6359831829623722
(1.0, 0.001, 1, 0, 0, 0.25, 0.01, 128, 1024, 7, 0.001, 4063380233) : -0.6377606537060042
(1.0, 0.001, 1, 0, 0, 0.25, 0.01, 128, 1024, 8, 0.001, 4063380233) : -0.6382454184542675
(1.0, 0.001, 1, 0, 0, 0.25, 0.01, 128, 1024, 9, 0.001, 4063380233) : -0.6381609181770473
(1.0, 0.001, 1, 0, 0, 0.25, 0.01, 128, 1024, 10, 0.001, 4063380233) : -0.6377339694079347
(1.0, 0.001, 1, 0, 0, 0.25, 0.01, 128, 1024, 11, 0.001, 4063380233) : -0.6376613288187454
(1.0, 0.001, 1, 0, 0, 0.25, 0.01, 128, 1024, 12, 0.001, 4063380233) : -0.6368711771036862
(1.0, 0.001, 1, 0, 0, 0.25, 0.01, 128, 1024, 13, 0.001, 4063380233) : -0.6370787216442272
(1.0, 0.001, 1, 0, 0, 0.25, 0.01, 128, 1024, 14, 0.001, 4063380233) : -0.638879911763921
(1.0, 0.001, 1, 0, 0, 0.25, 0.01, 128, 1024, 15, 0.001, 4063380233) : -0.6381268215739585
(1.0, 0.001, 1, 0, 0, 0.25, 0.01, 128, 1024, 16, 0.001, 4063380233) : -0.6385537703430711
(1.0, 0.001, 1, 0, 0, 0.25, 0.01, 128, 1024, 17, 0.001, 4063380233) : -0.6424304058681737
(1.0, 0.001, 1, 0, 0, 0.25, 0.01, 128, 1024, 18, 0.001, 4063380233) : -0.6430574868728078
(1.0, 0.001, 1, 0, 0, 0.25, 0.01, 128, 1024, 19, 0.001, 4063380233) : -0.6436904977214575
(1.0, 0.001, 1, 0, 0, 0.25, 0.01, 128, 1024, 20, 0.001, 4063380233) : -0.6398049674303318
(1.0, 0.001, 1, 0, 0, 0.25, 0.01, 128, 1024, 21, 0.001, 4063380233) : -0.6390844913824542
(1.0, 0.001, 1, 0, 0, 0.25, 0.01, 128, 1024, 22, 0.001, 4063380233) : -0.6391274827515662
(1.0, 0.001, 1, 0, 0, 0.25, 0.01, 128, 1024, 23, 0.001, 4063380233) : -0.6354317074689351
(1.0, 0.001, 1, 0, 0, 0.25, 0.01, 128, 1024, 24, 0.001, 4063380233) : -0.6349291531886254
(1.0, 0.001, 1, 0, 0, 0.25, 0.01, 128, 1024, 25, 0.001, 4063380233) : -0.6369482650758872
(1.0, 0.001, 1, 0, 0, 0.25, 0.01, 128, 1024, 26, 0.001, 4063380233) : -0.637188423758513
(1.0, 0.001, 1, 0, 0, 0.25, 0.01, 128, 1024, 27, 0.001, 4063380233) : -0.6343168967940298
(1.0, 0.001, 1, 0, 0, 0.25, 0.01, 128, 1024, 28, 0.001, 4063380233) : -0.6351307678851508
(1.0, 0.001, 1, 0, 0, 0.25, 0.01, 128, 1024, 29, 0.001, 4063380233) : -0.6343243090990491
(1.0, 0.001, 1, 0, 0, 0.5, 0.01, 128, 1024, 1, 0.01, 4063380234) : -0.6323719079569612
(1.0, 0.001, 1, 0, 0, 0.5, 0.01, 128, 1024, 2, 0.01, 4063380234) : -0.6316203002280025
(1.0, 0.001, 1, 0, 0, 0.5, 0.01, 128, 1024, 3, 0.01, 4063380234) : -0.636180350275886
(1.0, 0.001, 1, 0, 0, 0.5, 0.01, 128, 1024, 4, 0.01, 4063380234) : -0.6328863219253018
(1.0, 0.001, 1, 0, 0, 0.5, 0.01, 128, 1024, 5, 0.01, 4063380234) : -0.6370312828921035
(1.0, 0.001, 1, 0, 0, 0.5, 0.01, 128, 1024, 6, 0.01, 4063380234) : -0.6380200843816803
(1.0, 0.001, 1, 0, 0, 0.5, 0.01, 128, 1024, 7, 0.01, 4063380234) : -0.628123174719889
(1.0, 0.001, 1, 0, 0, 0.5, 0.01, 128, 1024, 8, 0.01, 4063380234) : -0.6318026429314777
(1.0, 0.001, 1, 0, 0, 0.5, 0.01, 128, 1024, 9, 0.01, 4063380234) : -0.622071768902119
(1.0, 0.001, 1, 0, 0, 0.5, 0.01, 128, 1024, 10, 0.01, 4063380234) : -0.6159254855801019
(1.0, 0.001, 1, 0, 0, 0.5, 0.01, 128, 1024, 11, 0.01, 4063380234) : -0.6126536941445755
(1.0, 0.001, 1, 0, 0, 0.5, 0.01, 128, 1024, 12, 0.01, 4063380234) : -0.6108969778549975
(1.0, 0.001, 1, 0, 0, 0.5, 0.01, 128, 1024, 13, 0.01, 4063380234) : -0.6141257779214118
(1.0, 0.001, 1, 0, 0, 0.5, 0.01, 128, 1024, 14, 0.01, 4063380234) : -0.612486176051139
(1.0, 0.001, 1, 0, 0, 0.5, 0.01, 128, 1024, 15, 0.01, 4063380234) : -0.6124476320650385
(1.0, 0.001, 1, 0, 0, 0.5, 0.01, 128, 1024, 16, 0.01, 4063380234) : -0.6094071045461149
(1.0, 0.001, 1, 0, 0, 0.5, 0.01, 128, 1024, 1, 0.001, 4063380235) : -0.6406173560604488
(1.0, 0.001, 1, 0, 0, 0.5, 0.01, 128, 1024, 2, 0.001, 4063380235) : -0.6430174604257035
(1.0, 0.001, 1, 0, 0, 0.5, 0.01, 128, 1024, 3, 0.001, 4063380235) : -0.6402259863554289
(1.0, 0.001, 1, 0, 0, 0.5, 0.01, 128, 1024, 4, 0.001, 4063380235) : -0.6407567073948119
(1.0, 0.001, 1, 0, 0, 0.5, 0.01, 128, 1024, 5, 0.001, 4063380235) : -0.644227148604856
(1.0, 0.001, 1, 0, 0, 0.5, 0.01, 128, 1024, 6, 0.001, 4063380235) : -0.6457955923469433
(1.0, 0.001, 1, 0, 0, 0.5, 0.01, 128, 1024, 7, 0.001, 4063380235) : -0.6449357649647026
(1.0, 0.001, 1, 0, 0, 0.5, 0.01, 128, 1024, 8, 0.001, 4063380235) : -0.6421190890573624
(1.0, 0.001, 1, 0, 0, 0.5, 0.01, 128, 1024, 9, 0.001, 4063380235) : -0.6406232859044643
(1.0, 0.001, 1, 0, 0, 0.5, 0.01, 128, 1024, 10, 0.001, 4063380235) : -0.6423310809809148
(1.0, 0.001, 1, 0, 0, 0.5, 0.01, 128, 1024, 11, 0.001, 4063380235) : -0.6410784014326503
(1.0, 0.001, 1, 0, 0, 0.5, 0.01, 128, 1024, 12, 0.001, 4063380235) : -0.6414682886766664
(1.0, 0.001, 1, 0, 0, 0.5, 0.01, 128, 1024, 13, 0.001, 4063380235) : -0.6413496917963573
(1.0, 0.001, 1, 0, 0, 0.5, 0.01, 128, 1024, 14, 0.001, 4063380235) : -0.6412800161291757
(1.0, 0.001, 1, 0, 0, 0.5, 0.01, 128, 1024, 15, 0.001, 4063380235) : -0.6394432469453891
(1.0, 0.001, 1, 0, 0, 0.5, 0.01, 128, 1024, 16, 0.001, 4063380235) : -0.637904452423379
(1.0, 0.001, 1, 64, 0, 0.25, 0.01, 128, 1024, 1, 0.01, 4063380236) : -0.6300844706280001
(1.0, 0.001, 1, 64, 0, 0.25, 0.01, 128, 1024, 2, 0.01, 4063380236) : -0.6285382638009707
(1.0, 0.001, 1, 64, 0, 0.25, 0.01, 128, 1024, 3, 0.01, 4063380236) : -0.6241175650874504
(1.0, 0.001, 1, 64, 0, 0.25, 0.01, 128, 1024, 4, 0.01, 4063380236) : -0.6292216783237516
(1.0, 0.001, 1, 64, 0, 0.25, 0.01, 128, 1024, 5, 0.01, 4063380236) : -0.6262923353801179
(1.0, 0.001, 1, 64, 0, 0.25, 0.01, 128, 1024, 6, 0.01, 4063380236) : -0.6292053712527091
(1.0, 0.001, 1, 64, 0, 0.25, 0.01, 128, 1024, 7, 0.01, 4063380236) : -0.6365939568959639
(1.0, 0.001, 1, 64, 0, 0.25, 0.01, 128, 1024, 8, 0.01, 4063380236) : -0.6193811021801071
(1.0, 0.001, 1, 64, 0, 0.25, 0.01, 128, 1024, 9, 0.01, 4063380236) : -0.6103010285314445
(1.0, 0.001, 1, 64, 0, 0.25, 0.01, 128, 1024, 10, 0.01, 4063380236) : -0.6103677392766184
(1.0, 0.001, 1, 64, 0, 0.25, 0.01, 128, 1024, 11, 0.01, 4063380236) : -0.617376814902884
(1.0, 0.001, 1, 64, 0, 0.25, 0.01, 128, 1024, 12, 0.01, 4063380236) : -0.6206486063384102
(1.0, 0.001, 1, 64, 0, 0.25, 0.01, 128, 1024, 13, 0.01, 4063380236) : -0.6140160758071259
(1.0, 0.001, 1, 64, 0, 0.25, 0.01, 128, 1024, 14, 0.01, 4063380236) : -0.6109814781322177
(1.0, 0.001, 1, 64, 0, 0.25, 0.01, 128, 1024, 15, 0.01, 4063380236) : -0.6096428158457292
(1.0, 0.001, 1, 64, 0, 0.25, 0.01, 128, 1024, 16, 0.01, 4063380236) : -0.6151575707801006
(1.0, 0.001, 1, 64, 0, 0.25, 0.01, 128, 1024, 17, 0.01, 4063380236) : -0.6137136537623378
(1.0, 0.001, 1, 64, 0, 0.25, 0.01, 128, 1024, 1, 0.001, 4063380237) : -0.6252353406843633
(1.0, 0.001, 1, 64, 0, 0.25, 0.01, 128, 1024, 2, 0.001, 4063380237) : -0.6249077168025096
(1.0, 0.001, 1, 64, 0, 0.25, 0.01, 128, 1024, 3, 0.001, 4063380237) : -0.6241294247754813
(1.0, 0.001, 1, 64, 0, 0.25, 0.01, 128, 1024, 4, 0.001, 4063380237) : -0.6260551416194997
(1.0, 0.001, 1, 64, 0, 0.25, 0.01, 128, 1024, 5, 0.001, 4063380237) : -0.6281113150318581
(1.0, 0.001, 1, 64, 0, 0.25, 0.01, 128, 1024, 6, 0.001, 4063380237) : -0.6241991004426628
(1.0, 0.001, 1, 64, 0, 0.25, 0.01, 128, 1024, 7, 0.001, 4063380237) : -0.6243221447059835
(1.0, 0.001, 1, 64, 0, 0.25, 0.01, 128, 1024, 8, 0.001, 4063380237) : -0.6218078908434314
(1.0, 0.001, 1, 64, 0, 0.25, 0.01, 128, 1024, 9, 0.001, 4063380237) : -0.6218064083824275
(1.0, 0.001, 1, 64, 0, 0.25, 0.01, 128, 1024, 10, 0.001, 4063380237) : -0.6189986272411104
(1.0, 0.001, 1, 64, 0, 0.25, 0.01, 128, 1024, 11, 0.001, 4063380237) : -0.6204944303940085
(1.0, 0.001, 1, 64, 0, 0.25, 0.01, 128, 1024, 12, 0.001, 4063380237) : -0.6206397115723871
(1.0, 0.001, 1, 64, 0, 0.25, 0.01, 128, 1024, 13, 0.001, 4063380237) : -0.6217426625592614
(1.0, 0.001, 1, 64, 0, 0.25, 0.01, 128, 1024, 14, 0.001, 4063380237) : -0.6188637232897589
(1.0, 0.001, 1, 64, 0, 0.25, 0.01, 128, 1024, 15, 0.001, 4063380237) : -0.6206708432534682
(1.0, 0.001, 1, 64, 0, 0.5, 0.01, 128, 1024, 1, 0.01, 4063380238) : -0.6392460796318753
(1.0, 0.001, 1, 64, 0, 0.5, 0.01, 128, 1024, 2, 0.01, 4063380238) : -0.6250366909098456
(1.0, 0.001, 1, 64, 0, 0.5, 0.01, 128, 1024, 3, 0.01, 4063380238) : -0.6294010561052191
(1.0, 0.001, 1, 64, 0, 0.5, 0.01, 128, 1024, 4, 0.01, 4063380238) : -0.6334674466388162
(1.0, 0.001, 1, 64, 0, 0.5, 0.01, 128, 1024, 5, 0.01, 4063380238) : -0.6275687343044442
(1.0, 0.001, 1, 64, 0, 0.5, 0.01, 128, 1024, 6, 0.01, 4063380238) : -0.6095449734194742
(1.0, 0.001, 1, 64, 0, 0.5, 0.01, 128, 1024, 7, 0.01, 4063380238) : -0.5982678925630861
(1.0, 0.001, 1, 64, 0, 0.5, 0.01, 128, 1024, 8, 0.01, 4063380238) : -0.5972316523213856
(1.0, 0.001, 1, 64, 0, 0.5, 0.01, 128, 1024, 9, 0.01, 4063380238) : -0.6037411385893494
(1.0, 0.001, 1, 64, 0, 0.5, 0.01, 128, 1024, 10, 0.01, 4063380238) : -0.6090557612881993
(1.0, 0.001, 1, 64, 0, 0.5, 0.01, 128, 1024, 11, 0.01, 4063380238) : -0.6176332806565523
(1.0, 0.001, 1, 64, 0, 0.5, 0.01, 128, 1024, 1, 0.001, 4063380239) : -0.6190297589221916
(1.0, 0.001, 1, 64, 0, 0.5, 0.01, 128, 1024, 2, 0.001, 4063380239) : -0.6270854520171847
(1.0, 0.001, 1, 64, 0, 0.5, 0.01, 128, 1024, 3, 0.001, 4063380239) : -0.6282892103523217
(1.0, 0.001, 1, 64, 0, 0.5, 0.01, 128, 1024, 4, 0.001, 4063380239) : -0.6352864262905564
(1.0, 0.001, 1, 64, 0, 0.5, 0.01, 128, 1024, 5, 0.001, 4063380239) : -0.6372506871206753
(1.0, 0.001, 1, 64, 0, 0.5, 0.01, 128, 1024, 6, 0.001, 4063380239) : -0.6378673908982824
(1.0, 0.001, 1, 64, 0, 0.5, 0.01, 128, 1024, 7, 0.001, 4063380239) : -0.6393824660442307
(1.0, 0.001, 1, 64, 0, 0.5, 0.01, 128, 1024, 8, 0.001, 4063380239) : -0.6392757288519525
(1.0, 0.001, 1, 64, 0, 0.5, 0.01, 128, 1024, 9, 0.001, 4063380239) : -0.6410087257654687
(1.0, 0.001, 1, 64, 0, 0.5, 0.01, 128, 1024, 10, 0.001, 4063380239) : -0.6423622126619959
(1.0, 0.001, 1, 64, 0, 0.5, 0.01, 128, 1024, 11, 0.001, 4063380239) : -0.6445473601816905
(1.0, 0.001, 1, 64, 0, 0.5, 0.01, 128, 1024, 12, 0.001, 4063380239) : -0.640626250826472
(1.0, 0.001, 1, 64, 0, 0.5, 0.01, 128, 1024, 13, 0.001, 4063380239) : -0.6351648644882396
(1.0, 0.001, 1, 64, 0, 0.5, 0.01, 128, 1024, 14, 0.001, 4063380239) : -0.6382528307592868
(1.0, 0.001, 1, 64, 0, 0.5, 0.01, 128, 1024, 15, 0.001, 4063380239) : -0.639346886980138
(1.0, 0.001, 1, 64, 0, 0.5, 0.01, 128, 1024, 16, 0.001, 4063380239) : -0.6390933861484773
(1.0, 0.001, 1, 64, 0, 0.5, 0.01, 128, 1024, 17, 0.001, 4063380239) : -0.6446111060048565
(1.0, 0.001, 1, 64, 0, 0.5, 0.01, 128, 1024, 18, 0.001, 4063380239) : -0.643337672002538
(1.0, 0.001, 1, 64, 0, 0.5, 0.01, 128, 1024, 19, 0.001, 4063380239) : -0.6435852429901832
(1.0, 0.001, 1, 64, 0, 0.5, 0.01, 128, 1024, 20, 0.001, 4063380239) : -0.6424615375492547
(1.0, 0.001, 1, 64, 0, 0.5, 0.01, 128, 1024, 21, 0.001, 4063380239) : -0.6408901288851597
(1.0, 0.001, 1, 64, 0, 0.5, 0.01, 128, 1024, 22, 0.001, 4063380239) : -0.6409257079492524
(1.0, 0.001, 1, 64, 0, 0.5, 0.01, 128, 1024, 23, 0.001, 4063380239) : -0.6353813037948037
(1.0, 0.001, 1, 64, 0, 0.5, 0.01, 128, 1024, 24, 0.001, 4063380239) : -0.6365761673639175
(1.0, 0.001, 1, 64, 0, 0.5, 0.01, 128, 1024, 25, 0.001, 4063380239) : -0.6397753182102545
(1.0, 0.001, 1, 64, 0, 0.5, 0.01, 128, 1024, 26, 0.001, 4063380239) : -0.636906756167779
(1.0, 0.001, 1, 64, 0, 0.5, 0.01, 128, 1024, 27, 0.001, 4063380239) : -0.6373040557168144
(1.0, 0.001, 1, 128, 0, 0.25, 0.01, 128, 1024, 1, 0.01, 4063380240) : -0.6387405604295578
(1.0, 0.001, 1, 128, 0, 0.25, 0.01, 128, 1024, 2, 0.01, 4063380240) : -0.6342116420627555
(1.0, 0.001, 1, 128, 0, 0.25, 0.01, 128, 1024, 3, 0.01, 4063380240) : -0.6292661521538676
(1.0, 0.001, 1, 128, 0, 0.25, 0.01, 128, 1024, 4, 0.01, 4063380240) : -0.634705301577042
(1.0, 0.001, 1, 128, 0, 0.25, 0.01, 128, 1024, 5, 0.01, 4063380240) : -0.6365183513847669
(1.0, 0.001, 1, 128, 0, 0.25, 0.01, 128, 1024, 6, 0.01, 4063380240) : -0.6255407276511591
(1.0, 0.001, 1, 128, 0, 0.25, 0.01, 128, 1024, 7, 0.01, 4063380240) : -0.6216937413461339
(1.0, 0.001, 1, 128, 0, 0.25, 0.01, 128, 1024, 8, 0.01, 4063380240) : -0.6261574314287662
(1.0, 0.001, 1, 128, 0, 0.25, 0.01, 128, 1024, 9, 0.01, 4063380240) : -0.6061590324866505
(1.0, 0.001, 1, 128, 0, 0.25, 0.01, 128, 1024, 10, 0.01, 4063380240) : -0.6001357934279539
(1.0, 0.001, 1, 128, 0, 0.25, 0.01, 128, 1024, 11, 0.01, 4063380240) : -0.6049374846194671
(1.0, 0.001, 1, 128, 0, 0.25, 0.01, 128, 1024, 1, 0.001, 4063380241) : -0.6315654491708595
(1.0, 0.001, 1, 128, 0, 0.25, 0.01, 128, 1024, 2, 0.001, 4063380241) : -0.6318826958256863
(1.0, 0.001, 1, 128, 0, 0.25, 0.01, 128, 1024, 3, 0.001, 4063380241) : -0.6293773367291573
(1.0, 0.001, 1, 128, 0, 0.25, 0.01, 128, 1024, 4, 0.001, 4063380241) : -0.628155788861974
(1.0, 0.001, 1, 128, 0, 0.25, 0.01, 128, 1024, 5, 0.001, 4063380241) : -0.6298102153422854
(1.0, 0.001, 1, 128, 0, 0.25, 0.01, 128, 1024, 6, 0.001, 4063380241) : -0.6305040070920934
(1.0, 0.001, 1, 128, 0, 0.25, 0.01, 128, 1024, 7, 0.001, 4063380241) : -0.6334348324967312
(1.0, 0.001, 1, 128, 0, 0.25, 0.01, 128, 1024, 8, 0.001, 4063380241) : -0.6347809070882391
(1.0, 0.001, 1, 128, 0, 0.25, 0.01, 128, 1024, 9, 0.001, 4063380241) : -0.6343391337090878
(1.0, 0.001, 1, 128, 0, 0.25, 0.01, 128, 1024, 10, 0.001, 4063380241) : -0.6334541044897813
(1.0, 0.001, 1, 128, 0, 0.25, 0.01, 128, 1024, 11, 0.001, 4063380241) : -0.634282800190941
(1.0, 0.001, 1, 128, 0, 0.25, 0.01, 128, 1024, 12, 0.001, 4063380241) : -0.6330404978697035
(1.0, 0.001, 1, 128, 0, 0.25, 0.01, 128, 1024, 13, 0.001, 4063380241) : -0.6320428016141035
(1.0, 0.001, 1, 128, 0, 0.25, 0.01, 128, 1024, 14, 0.001, 4063380241) : -0.6321940126364975
(1.0, 0.001, 1, 128, 0, 0.25, 0.01, 128, 1024, 15, 0.001, 4063380241) : -0.6310777195005886
(1.0, 0.001, 1, 128, 0, 0.25, 0.01, 128, 1024, 16, 0.001, 4063380241) : -0.6320250120820572
(1.0, 0.001, 1, 128, 0, 0.25, 0.01, 128, 1024, 17, 0.001, 4063380241) : -0.6320887579052233
(1.0, 0.001, 1, 128, 0, 0.25, 0.01, 128, 1024, 18, 0.001, 4063380241) : -0.6307916045268429
(1.0, 0.001, 1, 128, 0, 0.5, 0.01, 128, 1024, 1, 0.01, 4063380242) : -0.6346059766897831
(1.0, 0.001, 1, 128, 0, 0.5, 0.01, 128, 1024, 2, 0.01, 4063380242) : -0.6326194789446064
(1.0, 0.001, 1, 128, 0, 0.5, 0.01, 128, 1024, 3, 0.01, 4063380242) : -0.632277030452714
(1.0, 0.001, 1, 128, 0, 0.5, 0.01, 128, 1024, 4, 0.01, 4063380242) : -0.6301956552032899
(1.0, 0.001, 1, 128, 0, 0.5, 0.01, 128, 1024, 5, 0.01, 4063380242) : -0.6300800232449886
(1.0, 0.001, 1, 128, 0, 0.5, 0.01, 128, 1024, 6, 0.01, 4063380242) : -0.6328551902442207
(1.0, 0.001, 1, 128, 0, 0.5, 0.01, 128, 1024, 7, 0.01, 4063380242) : -0.6309769121523259
(1.0, 0.001, 1, 128, 0, 0.5, 0.01, 128, 1024, 8, 0.01, 4063380242) : -0.631375694162365
(1.0, 0.001, 1, 128, 0, 0.5, 0.01, 128, 1024, 9, 0.01, 4063380242) : -0.6256637719144797
(1.0, 0.001, 1, 128, 0, 0.5, 0.01, 128, 1024, 10, 0.01, 4063380242) : -0.6280416393646765
(1.0, 0.001, 1, 128, 0, 0.5, 0.01, 128, 1024, 11, 0.01, 4063380242) : -0.6200096656457452
(1.0, 0.001, 1, 128, 0, 0.5, 0.01, 128, 1024, 1, 0.001, 4063380243) : -0.6320413191530997
(1.0, 0.001, 1, 128, 0, 0.5, 0.01, 128, 1024, 2, 0.001, 4063380243) : -0.6367347906913309
(1.0, 0.001, 1, 128, 0, 0.5, 0.01, 128, 1024, 3, 0.001, 4063380243) : -0.633285103935341
(1.0, 0.001, 1, 128, 0, 0.5, 0.01, 128, 1024, 4, 0.001, 4063380243) : -0.638696086599442
(1.0, 0.001, 1, 128, 0, 0.5, 0.01, 128, 1024, 5, 0.001, 4063380243) : -0.6409227430272447
(1.0, 0.001, 1, 128, 0, 0.5, 0.01, 128, 1024, 6, 0.001, 4063380243) : -0.6395455367546556
(1.0, 0.001, 1, 128, 0, 0.5, 0.01, 128, 1024, 7, 0.001, 4063380243) : -0.638956999736122
(1.0, 0.001, 1, 128, 0, 0.5, 0.01, 128, 1024, 8, 0.001, 4063380243) : -0.6405343382442324
(1.0, 0.001, 1, 128, 0, 0.5, 0.01, 128, 1024, 9, 0.001, 4063380243) : -0.6426527750187532
(1.0, 0.001, 1, 128, 0, 0.5, 0.01, 128, 1024, 10, 0.001, 4063380243) : -0.6402022669793671
(1.0, 0.001, 1, 128, 0, 0.5, 0.01, 128, 1024, 11, 0.001, 4063380243) : -0.6408619621260863
(1.0, 0.001, 1, 128, 0, 0.5, 0.01, 128, 1024, 12, 0.001, 4063380243) : -0.6398138621963549
(1.0, 0.001, 1, 128, 0, 0.5, 0.01, 128, 1024, 13, 0.001, 4063380243) : -0.6401993020573594
(1.0, 0.001, 1, 128, 0, 0.5, 0.01, 128, 1024, 14, 0.001, 4063380243) : -0.6392045707237671
(1.0, 0.001, 1, 128, 0, 0.5, 0.01, 128, 1024, 15, 0.001, 4063380243) : -0.6389495874311026
(1.0, 0.001, 1, 128, 0, 0.5, 0.01, 128, 1024, 16, 0.001, 4063380243) : -0.6398850203245403
(1.0, 0.001, 1, 128, 0, 0.5, 0.01, 128, 1024, 17, 0.001, 4063380243) : -0.6394803084704856
(1.0, 0.001, 1, 128, 0, 0.5, 0.01, 128, 1024, 18, 0.001, 4063380243) : -0.6401088719361238
(1.0, 0.001, 1, 128, 0, 0.5, 0.01, 128, 1024, 19, 0.001, 4063380243) : -0.6406470052805261
(1.0, 0.01, 0.1, 0, 0, 0.25, 0.01, 128, 1024, 1, 0.01, 4063380244) : -0.6178956762542361
(1.0, 0.01, 0.1, 0, 0, 0.25, 0.01, 128, 1024, 2, 0.01, 4063380244) : -0.6253850692457535
(1.0, 0.01, 0.1, 0, 0, 0.25, 0.01, 128, 1024, 3, 0.01, 4063380244) : -0.6185524064789476
(1.0, 0.01, 0.1, 0, 0, 0.25, 0.01, 128, 1024, 4, 0.01, 4063380244) : -0.6070173774078873
(1.0, 0.01, 0.1, 0, 0, 0.25, 0.01, 128, 1024, 5, 0.01, 4063380244) : -0.6033171547422445
(1.0, 0.01, 0.1, 0, 0, 0.25, 0.01, 128, 1024, 6, 0.01, 4063380244) : -0.5991677463924312
(1.0, 0.01, 0.1, 0, 0, 0.25, 0.01, 128, 1024, 7, 0.01, 4063380244) : -0.5991292024063307
(1.0, 0.01, 0.1, 0, 0, 0.25, 0.01, 128, 1024, 8, 0.01, 4063380244) : -0.5987541397723533
(1.0, 0.01, 0.1, 0, 0, 0.25, 0.01, 128, 1024, 9, 0.01, 4063380244) : -0.6002499429252514
(1.0, 0.01, 0.1, 0, 0, 0.25, 0.01, 128, 1024, 10, 0.01, 4063380244) : -0.6047121505468799
(1.0, 0.01, 0.1, 0, 0, 0.25, 0.01, 128, 1024, 11, 0.01, 4063380244) : -0.6048099929731349
(1.0, 0.01, 0.1, 0, 0, 0.25, 0.01, 128, 1024, 12, 0.01, 4063380244) : -0.6051998802171509
(1.0, 0.01, 0.1, 0, 0, 0.25, 0.01, 128, 1024, 1, 0.001, 4063380245) : -0.6308375608179627
(1.0, 0.01, 0.1, 0, 0, 0.25, 0.01, 128, 1024, 2, 0.001, 4063380245) : -0.6280134726056031
(1.0, 0.01, 0.1, 0, 0, 0.25, 0.01, 128, 1024, 3, 0.001, 4063380245) : -0.6268601179445975
(1.0, 0.01, 0.1, 0, 0, 0.25, 0.01, 128, 1024, 4, 0.001, 4063380245) : -0.6279452793994253
(1.0, 0.01, 0.1, 0, 0, 0.25, 0.01, 128, 1024, 5, 0.001, 4063380245) : -0.6306982094835996
(1.0, 0.01, 0.1, 0, 0, 0.25, 0.01, 128, 1024, 6, 0.001, 4063380245) : -0.630844973122982
(1.0, 0.01, 0.1, 0, 0, 0.25, 0.01, 128, 1024, 7, 0.001, 4063380245) : -0.631051035202519
(1.0, 0.01, 0.1, 0, 0, 0.25, 0.01, 128, 1024, 8, 0.001, 4063380245) : -0.6298843383924786
(1.0, 0.01, 0.1, 0, 0, 0.25, 0.01, 128, 1024, 9, 0.001, 4063380245) : -0.6303439013036762
(1.0, 0.01, 0.1, 0, 0, 0.25, 0.01, 128, 1024, 10, 0.001, 4063380245) : -0.6284255967646771
(1.0, 0.01, 0.1, 0, 0, 0.25, 0.01, 128, 1024, 11, 0.001, 4063380245) : -0.6295730215816673
(1.0, 0.01, 0.1, 0, 0, 0.25, 0.01, 128, 1024, 12, 0.001, 4063380245) : -0.6269594428318563
(1.0, 0.01, 0.1, 0, 0, 0.25, 0.01, 128, 1024, 13, 0.001, 4063380245) : -0.62741752328205
(1.0, 0.01, 0.1, 0, 0, 0.25, 0.01, 128, 1024, 14, 0.001, 4063380245) : -0.6269535129878409
(1.0, 0.01, 0.1, 0, 0, 0.25, 0.01, 128, 1024, 15, 0.001, 4063380245) : -0.6296871710789648
(1.0, 0.01, 0.1, 0, 0, 0.25, 0.01, 128, 1024, 16, 0.001, 4063380245) : -0.6312037286859169
(1.0, 0.01, 0.1, 0, 0, 0.25, 0.01, 128, 1024, 17, 0.001, 4063380245) : -0.6312170708349517
(1.0, 0.01, 0.1, 0, 0, 0.25, 0.01, 128, 1024, 18, 0.001, 4063380245) : -0.62761320813456
(1.0, 0.01, 0.1, 0, 0, 0.25, 0.01, 128, 1024, 19, 0.001, 4063380245) : -0.6289518704210486
(1.0, 0.01, 0.1, 0, 0, 0.25, 0.01, 128, 1024, 20, 0.001, 4063380245) : -0.6298621014774206
(1.0, 0.01, 0.1, 0, 0, 0.25, 0.01, 128, 1024, 21, 0.001, 4063380245) : -0.6313238080272299
(1.0, 0.01, 0.1, 0, 0, 0.25, 0.01, 128, 1024, 22, 0.001, 4063380245) : -0.629045265464292
(1.0, 0.01, 0.1, 0, 0, 0.25, 0.01, 128, 1024, 23, 0.001, 4063380245) : -0.6268586354835936
(1.0, 0.01, 0.1, 0, 0, 0.25, 0.01, 128, 1024, 24, 0.001, 4063380245) : -0.6282551137492328
(1.0, 0.01, 0.1, 0, 0, 0.25, 0.01, 128, 1024, 25, 0.001, 4063380245) : -0.6280268147546378
(1.0, 0.01, 0.1, 0, 0, 0.25, 0.01, 128, 1024, 26, 0.001, 4063380245) : -0.6301126373870736
(1.0, 0.01, 0.1, 0, 0, 0.25, 0.01, 128, 1024, 27, 0.001, 4063380245) : -0.6296145304897754
(1.0, 0.01, 0.1, 0, 0, 0.25, 0.01, 128, 1024, 28, 0.001, 4063380245) : -0.6278133403700815
(1.0, 0.01, 0.1, 0, 0, 0.25, 0.01, 128, 1024, 29, 0.001, 4063380245) : -0.6268793899376477
(1.0, 0.01, 0.1, 0, 0, 0.25, 0.01, 128, 1024, 30, 0.001, 4063380245) : -0.625336148032626
(1.0, 0.01, 0.1, 0, 0, 0.25, 0.01, 128, 1024, 31, 0.001, 4063380245) : -0.6253480077206569
(1.0, 0.01, 0.1, 0, 0, 0.5, 0.01, 128, 1024, 1, 0.01, 4063380246) : -0.6030354871515105
(1.0, 0.01, 0.1, 0, 0, 0.5, 0.01, 128, 1024, 2, 0.01, 4063380246) : -0.6010816035484187
(1.0, 0.01, 0.1, 0, 0, 0.5, 0.01, 128, 1024, 3, 0.01, 4063380246) : -0.5862955374958861
(1.0, 0.01, 0.1, 0, 0, 0.5, 0.01, 128, 1024, 4, 0.01, 4063380246) : -0.5596349588024087
(1.0, 0.01, 0.1, 0, 0, 0.5, 0.01, 128, 1024, 5, 0.01, 4063380246) : -0.5580012867761514
(1.0, 0.01, 0.1, 0, 0, 0.5, 0.01, 128, 1024, 6, 0.01, 4063380246) : -0.5408803446425342
(1.0, 0.01, 0.1, 0, 0, 0.5, 0.01, 128, 1024, 7, 0.01, 4063380246) : -0.5493600215846323
(1.0, 0.01, 0.1, 0, 0, 0.5, 0.01, 128, 1024, 8, 0.01, 4063380246) : -0.5896029079955052
(1.0, 0.01, 0.1, 0, 0, 0.5, 0.01, 128, 1024, 9, 0.01, 4063380246) : -0.5912869836958938
(1.0, 0.01, 0.1, 0, 0, 0.5, 0.01, 128, 1024, 10, 0.01, 4063380246) : -0.5882257017229162
(1.0, 0.01, 0.1, 0, 0, 0.5, 0.01, 128, 1024, 11, 0.01, 4063380246) : -0.5842675308426012
(1.0, 0.01, 0.1, 0, 0, 0.5, 0.01, 128, 1024, 1, 0.001, 4063380247) : -0.6259498868882254
(1.0, 0.01, 0.1, 0, 0, 0.5, 0.01, 128, 1024, 2, 0.001, 4063380247) : -0.6240019331291491
(1.0, 0.01, 0.1, 0, 0, 0.5, 0.01, 128, 1024, 3, 0.001, 4063380247) : -0.6261944929538629
(1.0, 0.01, 0.1, 0, 0, 0.5, 0.01, 128, 1024, 4, 0.001, 4063380247) : -0.6281809906990397
(1.0, 0.01, 0.1, 0, 0, 0.5, 0.01, 128, 1024, 5, 0.001, 4063380247) : -0.6295359600565708
(1.0, 0.01, 0.1, 0, 0, 0.5, 0.01, 128, 1024, 6, 0.001, 4063380247) : -0.6336794385623686
(1.0, 0.01, 0.1, 0, 0, 0.5, 0.01, 128, 1024, 7, 0.001, 4063380247) : -0.636559860292875
(1.0, 0.01, 0.1, 0, 0, 0.5, 0.01, 128, 1024, 8, 0.001, 4063380247) : -0.6368000189755009
(1.0, 0.01, 0.1, 0, 0, 0.5, 0.01, 128, 1024, 9, 0.001, 4063380247) : -0.6344858973484703
(1.0, 0.01, 0.1, 0, 0, 0.5, 0.01, 128, 1024, 10, 0.001, 4063380247) : -0.6343732303121766
(1.0, 0.01, 0.1, 0, 0, 0.5, 0.01, 128, 1024, 11, 0.001, 4063380247) : -0.634217571906771
(1.0, 0.01, 0.1, 0, 0, 0.5, 0.01, 128, 1024, 12, 0.001, 4063380247) : -0.6304120945098539
(1.0, 0.01, 0.1, 0, 0, 0.5, 0.01, 128, 1024, 13, 0.001, 4063380247) : -0.6314379575245274
(1.0, 0.01, 0.1, 0, 0, 0.5, 0.01, 128, 1024, 14, 0.001, 4063380247) : -0.627537602623363
(1.0, 0.01, 0.1, 0, 0, 0.5, 0.01, 128, 1024, 15, 0.001, 4063380247) : -0.6327692075059965
(1.0, 0.01, 0.1, 0, 0, 0.5, 0.01, 128, 1024, 16, 0.001, 4063380247) : -0.6360172795654611
(1.0, 0.01, 0.1, 0, 0, 0.5, 0.01, 128, 1024, 17, 0.001, 4063380247) : -0.6339877904511722
(1.0, 0.01, 0.1, 0, 0, 0.5, 0.01, 128, 1024, 18, 0.001, 4063380247) : -0.6355073129801321
(1.0, 0.01, 0.1, 64, 0, 0.25, 0.01, 128, 1024, 1, 0.01, 4063380248) : -0.6172181915754706
(1.0, 0.01, 0.1, 64, 0, 0.25, 0.01, 128, 1024, 2, 0.01, 4063380248) : -0.6064540422264192
(1.0, 0.01, 0.1, 64, 0, 0.25, 0.01, 128, 1024, 3, 0.01, 4063380248) : -0.607334624062714
(1.0, 0.01, 0.1, 64, 0, 0.25, 0.01, 128, 1024, 4, 0.01, 4063380248) : -0.6081277406997809
(1.0, 0.01, 0.1, 64, 0, 0.25, 0.01, 128, 1024, 5, 0.01, 4063380248) : -0.6114276988943805
(1.0, 0.01, 0.1, 64, 0, 0.25, 0.01, 128, 1024, 6, 0.01, 4063380248) : -0.597153081888181
(1.0, 0.01, 0.1, 64, 0, 0.25, 0.01, 128, 1024, 7, 0.01, 4063380248) : -0.5982471381090321
(1.0, 0.01, 0.1, 64, 0, 0.25, 0.01, 128, 1024, 8, 0.01, 4063380248) : -0.5999490033414671
(1.0, 0.01, 0.1, 64, 0, 0.25, 0.01, 128, 1024, 9, 0.01, 4063380248) : -0.6035558309638664
(1.0, 0.01, 0.1, 64, 0, 0.25, 0.01, 128, 1024, 10, 0.01, 4063380248) : -0.5974243722518879
(1.0, 0.01, 0.1, 64, 0, 0.25, 0.01, 128, 1024, 11, 0.01, 4063380248) : -0.5956350418202249
(1.0, 0.01, 0.1, 64, 0, 0.25, 0.01, 128, 1024, 1, 0.001, 4063380249) : -0.6274738568001968
(1.0, 0.01, 0.1, 64, 0, 0.25, 0.01, 128, 1024, 2, 0.001, 4063380249) : -0.626572520509848
(1.0, 0.01, 0.1, 64, 0, 0.25, 0.01, 128, 1024, 3, 0.001, 4063380249) : -0.6254399203028964
(1.0, 0.01, 0.1, 64, 0, 0.25, 0.01, 128, 1024, 4, 0.001, 4063380249) : -0.6257334475816614
(1.0, 0.01, 0.1, 64, 0, 0.25, 0.01, 128, 1024, 5, 0.001, 4063380249) : -0.623828485191697
(1.0, 0.01, 0.1, 64, 0, 0.25, 0.01, 128, 1024, 6, 0.001, 4063380249) : -0.6230887371507693
(1.0, 0.01, 0.1, 64, 0, 0.25, 0.01, 128, 1024, 7, 0.001, 4063380249) : -0.6230946669947847
(1.0, 0.01, 0.1, 64, 0, 0.25, 0.01, 128, 1024, 8, 0.001, 4063380249) : -0.6252383056063711
(1.0, 0.01, 0.1, 64, 0, 0.25, 0.01, 128, 1024, 9, 0.001, 4063380249) : -0.6250752348959461
(1.0, 0.01, 0.1, 64, 0, 0.25, 0.01, 128, 1024, 10, 0.001, 4063380249) : -0.6251211911870658
(1.0, 0.01, 0.1, 64, 0, 0.25, 0.01, 128, 1024, 11, 0.001, 4063380249) : -0.624371065919111
(1.0, 0.01, 0.1, 64, 0, 0.5, 0.01, 128, 1024, 1, 0.01, 4063380250) : -0.5912588169368205
(1.0, 0.01, 0.1, 64, 0, 0.5, 0.01, 128, 1024, 2, 0.01, 4063380250) : -0.584615909178509
(1.0, 0.01, 0.1, 64, 0, 0.5, 0.01, 128, 1024, 3, 0.01, 4063380250) : -0.5708690482896848
(1.0, 0.01, 0.1, 64, 0, 0.5, 0.01, 128, 1024, 4, 0.01, 4063380250) : -0.5660021288140016
(1.0, 0.01, 0.1, 64, 0, 0.5, 0.01, 128, 1024, 5, 0.01, 4063380250) : -0.5722121579591849
(1.0, 0.01, 0.1, 64, 0, 0.5, 0.01, 128, 1024, 6, 0.01, 4063380250) : -0.5679901090201822
(1.0, 0.01, 0.1, 64, 0, 0.5, 0.01, 128, 1024, 7, 0.01, 4063380250) : -0.5715376382024271
(1.0, 0.01, 0.1, 64, 0, 0.5, 0.01, 128, 1024, 8, 0.01, 4063380250) : -0.5764846105723189
(1.0, 0.01, 0.1, 64, 0, 0.5, 0.01, 128, 1024, 9, 0.01, 4063380250) : -0.5755150810757923
(1.0, 0.01, 0.1, 64, 0, 0.5, 0.01, 128, 1024, 10, 0.01, 4063380250) : -0.5723796760526214
(1.0, 0.01, 0.1, 64, 0, 0.5, 0.01, 128, 1024, 11, 0.01, 4063380250) : -0.5815561096665353
(1.0, 0.01, 0.1, 64, 0, 0.5, 0.01, 128, 1024, 1, 0.001, 4063380251) : -0.6219931984689143
(1.0, 0.01, 0.1, 64, 0, 0.5, 0.01, 128, 1024, 2, 0.001, 4063380251) : -0.6229301138233558
(1.0, 0.01, 0.1, 64, 0, 0.5, 0.01, 128, 1024, 3, 0.001, 4063380251) : -0.6271877418264512
(1.0, 0.01, 0.1, 64, 0, 0.5, 0.01, 128, 1024, 4, 0.001, 4063380251) : -0.6253317006496144
(1.0, 0.01, 0.1, 64, 0, 0.5, 0.01, 128, 1024, 5, 0.001, 4063380251) : -0.6248306288303086
(1.0, 0.01, 0.1, 64, 0, 0.5, 0.01, 128, 1024, 6, 0.001, 4063380251) : -0.6243755133021226
(1.0, 0.01, 0.1, 64, 0, 0.5, 0.01, 128, 1024, 7, 0.001, 4063380251) : -0.6252635074434367
(1.0, 0.01, 0.1, 64, 0, 0.5, 0.01, 128, 1024, 8, 0.001, 4063380251) : -0.6223341644998028
(1.0, 0.01, 0.1, 64, 0, 0.5, 0.01, 128, 1024, 9, 0.001, 4063380251) : -0.6292705995368791
(1.0, 0.01, 0.1, 64, 0, 0.5, 0.01, 128, 1024, 10, 0.001, 4063380251) : -0.6256104033183407
(1.0, 0.01, 0.1, 64, 0, 0.5, 0.01, 128, 1024, 11, 0.001, 4063380251) : -0.6219190754187212
(1.0, 0.01, 0.1, 64, 0, 0.5, 0.01, 128, 1024, 12, 0.001, 4063380251) : -0.6227092271337803
(1.0, 0.01, 0.1, 64, 0, 0.5, 0.01, 128, 1024, 13, 0.001, 4063380251) : -0.6229123242913095
(1.0, 0.01, 0.1, 64, 0, 0.5, 0.01, 128, 1024, 14, 0.001, 4063380251) : -0.622722569282815
(1.0, 0.01, 0.1, 64, 0, 0.5, 0.01, 128, 1024, 15, 0.001, 4063380251) : -0.6222763485206522
(1.0, 0.01, 0.1, 64, 0, 0.5, 0.01, 128, 1024, 16, 0.001, 4063380251) : -0.6208457736519241
(1.0, 0.01, 0.1, 64, 0, 0.5, 0.01, 128, 1024, 17, 0.001, 4063380251) : -0.621247520583971
(1.0, 0.01, 0.1, 64, 0, 0.5, 0.01, 128, 1024, 18, 0.001, 4063380251) : -0.6208635631839704
(1.0, 0.01, 0.1, 64, 0, 0.5, 0.01, 128, 1024, 19, 0.001, 4063380251) : -0.617874921800182
(1.0, 0.01, 0.1, 128, 0, 0.25, 0.01, 128, 1024, 1, 0.01, 4063380252) : -0.626311607373168
(1.0, 0.01, 0.1, 128, 0, 0.25, 0.01, 128, 1024, 2, 0.01, 4063380252) : -0.6204232722658231
(1.0, 0.01, 0.1, 128, 0, 0.25, 0.01, 128, 1024, 3, 0.01, 4063380252) : -0.6152643079723787
(1.0, 0.01, 0.1, 128, 0, 0.25, 0.01, 128, 1024, 4, 0.01, 4063380252) : -0.604645439801706
(1.0, 0.01, 0.1, 128, 0, 0.25, 0.01, 128, 1024, 5, 0.01, 4063380252) : -0.5986770518001524
(1.0, 0.01, 0.1, 128, 0, 0.25, 0.01, 128, 1024, 6, 0.01, 4063380252) : -0.5925989616843129
(1.0, 0.01, 0.1, 128, 0, 0.25, 0.01, 128, 1024, 7, 0.01, 4063380252) : -0.5971263975901114
(1.0, 0.01, 0.1, 128, 0, 0.25, 0.01, 128, 1024, 8, 0.01, 4063380252) : -0.5929577172472478
(1.0, 0.01, 0.1, 128, 0, 0.25, 0.01, 128, 1024, 9, 0.01, 4063380252) : -0.6005657071190742
(1.0, 0.01, 0.1, 128, 0, 0.25, 0.01, 128, 1024, 10, 0.01, 4063380252) : -0.5930244279924216
(1.0, 0.01, 0.1, 128, 0, 0.25, 0.01, 128, 1024, 11, 0.01, 4063380252) : -0.5989201754047859
(1.0, 0.01, 0.1, 128, 0, 0.25, 0.01, 128, 1024, 1, 0.001, 4063380253) : -0.6315313525677707
(1.0, 0.01, 0.1, 128, 0, 0.25, 0.01, 128, 1024, 2, 0.001, 4063380253) : -0.6289592827260679
(1.0, 0.01, 0.1, 128, 0, 0.25, 0.01, 128, 1024, 3, 0.001, 4063380253) : -0.6301897253592744
(1.0, 0.01, 0.1, 128, 0, 0.25, 0.01, 128, 1024, 4, 0.001, 4063380253) : -0.627331540543826
(1.0, 0.01, 0.1, 128, 0, 0.25, 0.01, 128, 1024, 5, 0.001, 4063380253) : -0.6305262440071514
(1.0, 0.01, 0.1, 128, 0, 0.25, 0.01, 128, 1024, 6, 0.001, 4063380253) : -0.6283707457075342
(1.0, 0.01, 0.1, 128, 0, 0.25, 0.01, 128, 1024, 7, 0.001, 4063380253) : -0.6294692493113969
(1.0, 0.01, 0.1, 128, 0, 0.25, 0.01, 128, 1024, 8, 0.001, 4063380253) : -0.6283544386364917
(1.0, 0.01, 0.1, 128, 0, 0.25, 0.01, 128, 1024, 9, 0.001, 4063380253) : -0.6285041671978818
(1.0, 0.01, 0.1, 128, 0, 0.25, 0.01, 128, 1024, 10, 0.001, 4063380253) : -0.6276384099716257
(1.0, 0.01, 0.1, 128, 0, 0.25, 0.01, 128, 1024, 11, 0.001, 4063380253) : -0.6274708918781892
(1.0, 0.01, 0.1, 128, 0, 0.5, 0.01, 128, 1024, 1, 0.01, 4063380254) : -0.6076474233345291
(1.0, 0.01, 0.1, 128, 0, 0.5, 0.01, 128, 1024, 2, 0.01, 4063380254) : -0.5992937555777595
(1.0, 0.01, 0.1, 128, 0, 0.5, 0.01, 128, 1024, 3, 0.01, 4063380254) : -0.5845551282773507
(1.0, 0.01, 0.1, 128, 0, 0.5, 0.01, 128, 1024, 4, 0.01, 4063380254) : -0.5933120254271711
(1.0, 0.01, 0.1, 128, 0, 0.5, 0.01, 128, 1024, 5, 0.01, 4063380254) : -0.5926375056704133
(1.0, 0.01, 0.1, 128, 0, 0.5, 0.01, 128, 1024, 6, 0.01, 4063380254) : -0.6041547452094272
(1.0, 0.01, 0.1, 128, 0, 0.5, 0.01, 128, 1024, 7, 0.01, 4063380254) : -0.6097376933499764
(1.0, 0.01, 0.1, 128, 0, 0.5, 0.01, 128, 1024, 8, 0.01, 4063380254) : -0.6078045642009386
(1.0, 0.01, 0.1, 128, 0, 0.5, 0.01, 128, 1024, 9, 0.01, 4063380254) : -0.605090178102865
(1.0, 0.01, 0.1, 128, 0, 0.5, 0.01, 128, 1024, 10, 0.01, 4063380254) : -0.6067623941152228
(1.0, 0.01, 0.1, 128, 0, 0.5, 0.01, 128, 1024, 11, 0.01, 4063380254) : -0.6066156304758403
(1.0, 0.01, 0.1, 128, 0, 0.5, 0.01, 128, 1024, 12, 0.01, 4063380254) : -0.610827302187816
(1.0, 0.01, 0.1, 128, 0, 0.5, 0.01, 128, 1024, 13, 0.01, 4063380254) : -0.6106182751862712
(1.0, 0.01, 0.1, 128, 0, 0.5, 0.01, 128, 1024, 14, 0.01, 4063380254) : -0.608213723438005
(1.0, 0.01, 0.1, 128, 0, 0.5, 0.01, 128, 1024, 15, 0.01, 4063380254) : -0.6055482585530587
(1.0, 0.01, 0.1, 128, 0, 0.5, 0.01, 128, 1024, 16, 0.01, 4063380254) : -0.5962428508318088
(1.0, 0.01, 0.1, 128, 0, 0.5, 0.01, 128, 1024, 17, 0.01, 4063380254) : -0.5933312974202214
(1.0, 0.01, 0.1, 128, 0, 0.5, 0.01, 128, 1024, 18, 0.01, 4063380254) : -0.5766699181978018
(1.0, 0.01, 0.1, 128, 0, 0.5, 0.01, 128, 1024, 19, 0.01, 4063380254) : -0.5727191596225061
(1.0, 0.01, 0.1, 128, 0, 0.5, 0.01, 128, 1024, 20, 0.01, 4063380254) : -0.5650444590055058
(1.0, 0.01, 0.1, 128, 0, 0.5, 0.01, 128, 1024, 21, 0.01, 4063380254) : -0.5665224726263576
(1.0, 0.01, 0.1, 128, 0, 0.5, 0.01, 128, 1024, 22, 0.01, 4063380254) : -0.5801803858549501
(1.0, 0.01, 0.1, 128, 0, 0.5, 0.01, 128, 1024, 1, 0.001, 4063380255) : -0.6176243858905291
(1.0, 0.01, 0.1, 128, 0, 0.5, 0.01, 128, 1024, 2, 0.001, 4063380255) : -0.627580593992475
(1.0, 0.01, 0.1, 128, 0, 0.5, 0.01, 128, 1024, 3, 0.001, 4063380255) : -0.6273997337500037
(1.0, 0.01, 0.1, 128, 0, 0.5, 0.01, 128, 1024, 4, 0.001, 4063380255) : -0.6267726527453695
(1.0, 0.01, 0.1, 128, 0, 0.5, 0.01, 128, 1024, 5, 0.001, 4063380255) : -0.6314068258434462
(1.0, 0.01, 0.1, 128, 0, 0.5, 0.01, 128, 1024, 6, 0.001, 4063380255) : -0.6313638344743342
(1.0, 0.01, 0.1, 128, 0, 0.5, 0.01, 128, 1024, 7, 0.001, 4063380255) : -0.6276043133685368
(1.0, 0.01, 0.1, 128, 0, 0.5, 0.01, 128, 1024, 8, 0.001, 4063380255) : -0.6298680313214361
(1.0, 0.01, 0.1, 128, 0, 0.5, 0.01, 128, 1024, 9, 0.001, 4063380255) : -0.6295063108364934
(1.0, 0.01, 0.1, 128, 0, 0.5, 0.01, 128, 1024, 10, 0.001, 4063380255) : -0.6288362384627473
(1.0, 0.01, 0.1, 128, 0, 0.5, 0.01, 128, 1024, 11, 0.001, 4063380255) : -0.6270750747901577
(1.0, 0.01, 0.1, 128, 0, 0.5, 0.01, 128, 1024, 12, 0.001, 4063380255) : -0.6337150176264613
(1.0, 0.01, 0.1, 128, 0, 0.5, 0.01, 128, 1024, 13, 0.001, 4063380255) : -0.6340292993592803
(1.0, 0.01, 0.1, 128, 0, 0.5, 0.01, 128, 1024, 14, 0.001, 4063380255) : -0.634282800190941
(1.0, 0.01, 0.1, 128, 0, 0.5, 0.01, 128, 1024, 15, 0.001, 4063380255) : -0.6344681078164239
(1.0, 0.01, 0.1, 128, 0, 0.5, 0.01, 128, 1024, 16, 0.001, 4063380255) : -0.6397634585222236
(1.0, 0.01, 0.1, 128, 0, 0.5, 0.01, 128, 1024, 17, 0.001, 4063380255) : -0.6352745666025256
(1.0, 0.01, 0.1, 128, 0, 0.5, 0.01, 128, 1024, 18, 0.001, 4063380255) : -0.636808913741524
(1.0, 0.01, 0.1, 128, 0, 0.5, 0.01, 128, 1024, 19, 0.001, 4063380255) : -0.6379192770334177
(1.0, 0.01, 0.1, 128, 0, 0.5, 0.01, 128, 1024, 20, 0.001, 4063380255) : -0.6390963510704851
(1.0, 0.01, 0.1, 128, 0, 0.5, 0.01, 128, 1024, 21, 0.001, 4063380255) : -0.6389095609839983
(1.0, 0.01, 0.1, 128, 0, 0.5, 0.01, 128, 1024, 22, 0.001, 4063380255) : -0.6377398992519502
(1.0, 0.01, 0.1, 128, 0, 0.5, 0.01, 128, 1024, 23, 0.001, 4063380255) : -0.6363300788372762
(1.0, 0.01, 0.1, 128, 0, 0.5, 0.01, 128, 1024, 24, 0.001, 4063380255) : -0.6392401497878598
(1.0, 0.01, 0.1, 128, 0, 0.5, 0.01, 128, 1024, 25, 0.001, 4063380255) : -0.6391615793546551
(1.0, 0.01, 0.1, 128, 0, 0.5, 0.01, 128, 1024, 26, 0.001, 4063380255) : -0.6336394121152643
(1.0, 0.01, 1, 0, 0, 0.25, 0.01, 128, 1024, 1, 0.01, 4063380256) : -0.6295715391206634
(1.0, 0.01, 1, 0, 0, 0.25, 0.01, 128, 1024, 2, 0.01, 4063380256) : -0.6323570833469225
(1.0, 0.01, 1, 0, 0, 0.25, 0.01, 128, 1024, 3, 0.01, 4063380256) : -0.62800457783958
(1.0, 0.01, 1, 0, 0, 0.25, 0.01, 128, 1024, 4, 0.01, 4063380256) : -0.6351663469492435
(1.0, 0.01, 1, 0, 0, 0.25, 0.01, 128, 1024, 5, 0.01, 4063380256) : -0.6364605354056162
(1.0, 0.01, 1, 0, 0, 0.25, 0.01, 128, 1024, 6, 0.01, 4063380256) : -0.6363108068442259
(1.0, 0.01, 1, 0, 0, 0.25, 0.01, 128, 1024, 7, 0.01, 4063380256) : -0.6380897600488619
(1.0, 0.01, 1, 0, 0, 0.25, 0.01, 128, 1024, 8, 0.01, 4063380256) : -0.6391482372056203
(1.0, 0.01, 1, 0, 0, 0.25, 0.01, 128, 1024, 9, 0.01, 4063380256) : -0.6406099437554296
(1.0, 0.01, 1, 0, 0, 0.25, 0.01, 128, 1024, 10, 0.01, 4063380256) : -0.639975450445776
(1.0, 0.01, 1, 0, 0, 0.25, 0.01, 128, 1024, 11, 0.01, 4063380256) : -0.6369912564449992
(1.0, 0.01, 1, 0, 0, 0.25, 0.01, 128, 1024, 12, 0.01, 4063380256) : -0.637004598594034
(1.0, 0.01, 1, 0, 0, 0.25, 0.01, 128, 1024, 13, 0.01, 4063380256) : -0.6387257358195193
(1.0, 0.01, 1, 0, 0, 0.25, 0.01, 128, 1024, 14, 0.01, 4063380256) : -0.6393439220581303
(1.0, 0.01, 1, 0, 0, 0.25, 0.01, 128, 1024, 15, 0.01, 4063380256) : -0.6359564986643026
(1.0, 0.01, 1, 0, 0, 0.25, 0.01, 128, 1024, 16, 0.01, 4063380256) : -0.6347734947832198
(1.0, 0.01, 1, 0, 0, 0.25, 0.01, 128, 1024, 17, 0.01, 4063380256) : -0.63153876487279
(1.0, 0.01, 1, 0, 0, 0.25, 0.01, 128, 1024, 18, 0.01, 4063380256) : -0.6305959196743329
(1.0, 0.01, 1, 0, 0, 0.25, 0.01, 128, 1024, 19, 0.01, 4063380256) : -0.6307560254627502
(1.0, 0.01, 1, 0, 0, 0.25, 0.01, 128, 1024, 1, 0.001, 4063380257) : -0.6352953210565796
(1.0, 0.01, 1, 0, 0, 0.25, 0.01, 128, 1024, 2, 0.001, 4063380257) : -0.6342042297577363
(1.0, 0.01, 1, 0, 0, 0.25, 0.01, 128, 1024, 3, 0.001, 4063380257) : -0.6315965808519407
(1.0, 0.01, 1, 0, 0, 0.25, 0.01, 128, 1024, 4, 0.001, 4063380257) : -0.6307782623778081
(1.0, 0.01, 1, 0, 0, 0.25, 0.01, 128, 1024, 5, 0.001, 4063380257) : -0.632265170764683
(1.0, 0.01, 1, 0, 0, 0.25, 0.01, 128, 1024, 6, 0.001, 4063380257) : -0.6353427598087033
(1.0, 0.01, 1, 0, 0, 0.25, 0.01, 128, 1024, 7, 0.001, 4063380257) : -0.6332020861191247
(1.0, 0.01, 1, 0, 0, 0.25, 0.01, 128, 1024, 8, 0.001, 4063380257) : -0.6322622058426753
(1.0, 0.01, 1, 0, 0, 0.25, 0.01, 128, 1024, 9, 0.001, 4063380257) : -0.6305277264681552
(1.0, 0.01, 1, 0, 0, 0.25, 0.01, 128, 1024, 10, 0.001, 4063380257) : -0.6304521209569582
(1.0, 0.01, 1, 0, 0, 0.25, 0.01, 128, 1024, 11, 0.001, 4063380257) : -0.6308004992928661
(1.0, 0.01, 1, 0, 0, 0.25, 0.01, 128, 1024, 12, 0.001, 4063380257) : -0.6306196390503948
(1.0, 0.01, 1, 0, 0, 0.25, 0.01, 128, 1024, 13, 0.001, 4063380257) : -0.6309694998473065
(1.0, 0.01, 1, 0, 0, 0.25, 0.01, 128, 1024, 14, 0.001, 4063380257) : -0.6285708779430557
(1.0, 0.01, 1, 0, 0, 0.25, 0.01, 128, 1024, 15, 0.001, 4063380257) : -0.6288125190866855
(1.0, 0.01, 1, 0, 0, 0.25, 0.01, 128, 1024, 16, 0.001, 4063380257) : -0.6287220889654498
(1.0, 0.01, 1, 0, 0, 0.5, 0.01, 128, 1024, 1, 0.01, 4063380258) : -0.637751758939981
(1.0, 0.01, 1, 0, 0, 0.5, 0.01, 128, 1024, 2, 0.01, 4063380258) : -0.6368118786635317
(1.0, 0.01, 1, 0, 0, 0.5, 0.01, 128, 1024, 3, 0.01, 4063380258) : -0.6312763692751062
(1.0, 0.01, 1, 0, 0, 0.5, 0.01, 128, 1024, 4, 0.01, 4063380258) : -0.6255940962472982
(1.0, 0.01, 1, 0, 0, 0.5, 0.01, 128, 1024, 5, 0.01, 4063380258) : -0.6290793620673808
(1.0, 0.01, 1, 0, 0, 0.5, 0.01, 128, 1024, 6, 0.01, 4063380258) : -0.6298754436264554
(1.0, 0.01, 1, 0, 0, 0.5, 0.01, 128, 1024, 7, 0.01, 4063380258) : -0.6353842687168114
(1.0, 0.01, 1, 0, 0, 0.5, 0.01, 128, 1024, 8, 0.01, 4063380258) : -0.6375961005345754
(1.0, 0.01, 1, 0, 0, 0.5, 0.01, 128, 1024, 9, 0.01, 4063380258) : -0.6400243716589035
(1.0, 0.01, 1, 0, 0, 0.5, 0.01, 128, 1024, 10, 0.01, 4063380258) : -0.6390741141554271
(1.0, 0.01, 1, 0, 0, 0.5, 0.01, 128, 1024, 11, 0.01, 4063380258) : -0.6415335169608364
(1.0, 0.01, 1, 0, 0, 0.5, 0.01, 128, 1024, 12, 0.01, 4063380258) : -0.6413215250372839
(1.0, 0.01, 1, 0, 0, 0.5, 0.01, 128, 1024, 13, 0.01, 4063380258) : -0.6419589832689451
(1.0, 0.01, 1, 0, 0, 0.5, 0.01, 128, 1024, 14, 0.01, 4063380258) : -0.6421843173415324
(1.0, 0.01, 1, 0, 0, 0.5, 0.01, 128, 1024, 15, 0.01, 4063380258) : -0.6336453419592798
(1.0, 0.01, 1, 0, 0, 0.5, 0.01, 128, 1024, 16, 0.01, 4063380258) : -0.6290037565561838
(1.0, 0.01, 1, 0, 0, 0.5, 0.01, 128, 1024, 17, 0.01, 4063380258) : -0.6297449870581154
(1.0, 0.01, 1, 0, 0, 0.5, 0.01, 128, 1024, 18, 0.01, 4063380258) : -0.6327247336758807
(1.0, 0.01, 1, 0, 0, 0.5, 0.01, 128, 1024, 19, 0.01, 4063380258) : -0.6325661103484673
(1.0, 0.01, 1, 0, 0, 0.5, 0.01, 128, 1024, 20, 0.01, 4063380258) : -0.6327514179739502
(1.0, 0.01, 1, 0, 0, 0.5, 0.01, 128, 1024, 21, 0.01, 4063380258) : -0.6262893704581101
(1.0, 0.01, 1, 0, 0, 0.5, 0.01, 128, 1024, 22, 0.01, 4063380258) : -0.6290541602303151
(1.0, 0.01, 1, 0, 0, 0.5, 0.01, 128, 1024, 23, 0.01, 4063380258) : -0.6244941101824316
(1.0, 0.01, 1, 0, 0, 0.5, 0.01, 128, 1024, 24, 0.01, 4063380258) : -0.6258327724689202
(1.0, 0.01, 1, 0, 0, 0.5, 0.01, 128, 1024, 1, 0.001, 4063380259) : -0.6327603127399734
(1.0, 0.01, 1, 0, 0, 0.5, 0.01, 128, 1024, 2, 0.001, 4063380259) : -0.63752494240639
(1.0, 0.01, 1, 0, 0, 0.5, 0.01, 128, 1024, 3, 0.001, 4063380259) : -0.6393053780720298
(1.0, 0.01, 1, 0, 0, 0.5, 0.01, 128, 1024, 4, 0.001, 4063380259) : -0.643391040598677
(1.0, 0.01, 1, 0, 0, 0.5, 0.01, 128, 1024, 5, 0.001, 4063380259) : -0.6416610086071686
(1.0, 0.01, 1, 0, 0, 0.5, 0.01, 128, 1024, 6, 0.001, 4063380259) : -0.6431998031291787
(1.0, 0.01, 1, 0, 0, 0.5, 0.01, 128, 1024, 7, 0.001, 4063380259) : -0.6404646625770509
(1.0, 0.01, 1, 0, 0, 0.5, 0.01, 128, 1024, 8, 0.001, 4063380259) : -0.6413319022643109
(1.0, 0.01, 1, 0, 0, 0.5, 0.01, 128, 1024, 9, 0.001, 4063380259) : -0.6413511742573612
(1.0, 0.01, 1, 0, 0, 0.5, 0.01, 128, 1024, 10, 0.001, 4063380259) : -0.6398865027855443
(1.0, 0.01, 1, 0, 0, 0.5, 0.01, 128, 1024, 11, 0.001, 4063380259) : -0.6416031926280179
(1.0, 0.01, 1, 0, 0, 0.5, 0.01, 128, 1024, 12, 0.001, 4063380259) : -0.6369200983168137
(1.0, 0.01, 1, 0, 0, 0.5, 0.01, 128, 1024, 13, 0.001, 4063380259) : -0.6377769607770467
(1.0, 0.01, 1, 0, 0, 0.5, 0.01, 128, 1024, 14, 0.001, 4063380259) : -0.6402645303415294
(1.0, 0.01, 1, 64, 0, 0.25, 0.01, 128, 1024, 1, 0.01, 4063380260) : -0.6289385282720138
(1.0, 0.01, 1, 64, 0, 0.25, 0.01, 128, 1024, 2, 0.01, 4063380260) : -0.6289785547191181
(1.0, 0.01, 1, 64, 0, 0.25, 0.01, 128, 1024, 3, 0.01, 4063380260) : -0.6156601250604102
(1.0, 0.01, 1, 64, 0, 0.25, 0.01, 128, 1024, 4, 0.01, 4063380260) : -0.5984294808125072
(1.0, 0.01, 1, 64, 0, 0.25, 0.01, 128, 1024, 5, 0.01, 4063380260) : -0.5809542304989668
(1.0, 0.01, 1, 64, 0, 0.25, 0.01, 128, 1024, 6, 0.01, 4063380260) : -0.578196853031781
(1.0, 0.01, 1, 64, 0, 0.25, 0.01, 128, 1024, 7, 0.01, 4063380260) : -0.5765290844024348
(1.0, 0.01, 1, 64, 0, 0.25, 0.01, 128, 1024, 8, 0.01, 4063380260) : -0.5740934009730874
(1.0, 0.01, 1, 64, 0, 0.25, 0.01, 128, 1024, 9, 0.01, 4063380260) : -0.564316570652609
(1.0, 0.01, 1, 64, 0, 0.25, 0.01, 128, 1024, 10, 0.01, 4063380260) : -0.5655885221939236
(1.0, 0.01, 1, 64, 0, 0.25, 0.01, 128, 1024, 11, 0.01, 4063380260) : -0.5717970688781031
(1.0, 0.01, 1, 64, 0, 0.25, 0.01, 128, 1024, 12, 0.01, 4063380260) : -0.572243289640266
(1.0, 0.01, 1, 64, 0, 0.25, 0.01, 128, 1024, 1, 0.001, 4063380261) : -0.6319479241098563
(1.0, 0.01, 1, 64, 0, 0.25, 0.01, 128, 1024, 2, 0.001, 4063380261) : -0.6310317632094687
(1.0, 0.01, 1, 64, 0, 0.25, 0.01, 128, 1024, 3, 0.001, 4063380261) : -0.6282729032812792
(1.0, 0.01, 1, 64, 0, 0.25, 0.01, 128, 1024, 4, 0.001, 4063380261) : -0.6287428434195038
(1.0, 0.01, 1, 64, 0, 0.25, 0.01, 128, 1024, 5, 0.001, 4063380261) : -0.6285100970418973
(1.0, 0.01, 1, 64, 0, 0.25, 0.01, 128, 1024, 6, 0.001, 4063380261) : -0.6284522810627466
(1.0, 0.01, 1, 64, 0, 0.25, 0.01, 128, 1024, 7, 0.001, 4063380261) : -0.6291268008195045
(1.0, 0.01, 1, 64, 0, 0.25, 0.01, 128, 1024, 8, 0.001, 4063380261) : -0.6297939082712429
(1.0, 0.01, 1, 64, 0, 0.25, 0.01, 128, 1024, 9, 0.001, 4063380261) : -0.6295804338866866
(1.0, 0.01, 1, 64, 0, 0.25, 0.01, 128, 1024, 10, 0.001, 4063380261) : -0.6293521348920916
(1.0, 0.01, 1, 64, 0, 0.25, 0.01, 128, 1024, 11, 0.001, 4063380261) : -0.6349884516287799
(1.0, 0.01, 1, 64, 0, 0.25, 0.01, 128, 1024, 12, 0.001, 4063380261) : -0.6353160755106337
(1.0, 0.01, 1, 64, 0, 0.25, 0.01, 128, 1024, 13, 0.001, 4063380261) : -0.6372892311067757
(1.0, 0.01, 1, 64, 0, 0.25, 0.01, 128, 1024, 14, 0.001, 4063380261) : -0.6374997405693243
(1.0, 0.01, 1, 64, 0, 0.25, 0.01, 128, 1024, 15, 0.001, 4063380261) : -0.6379711631685528
(1.0, 0.01, 1, 64, 0, 0.25, 0.01, 128, 1024, 16, 0.001, 4063380261) : -0.6373900384550384
(1.0, 0.01, 1, 64, 0, 0.25, 0.01, 128, 1024, 17, 0.001, 4063380261) : -0.6357311645917154
(1.0, 0.01, 1, 64, 0, 0.25, 0.01, 128, 1024, 18, 0.001, 4063380261) : -0.6340381941253035
(1.0, 0.01, 1, 64, 0, 0.25, 0.01, 128, 1024, 19, 0.001, 4063380261) : -0.6349321181106331
(1.0, 0.01, 1, 64, 0, 0.25, 0.01, 128, 1024, 20, 0.001, 4063380261) : -0.6342679755809023
(1.0, 0.01, 1, 64, 0, 0.25, 0.01, 128, 1024, 21, 0.001, 4063380261) : -0.633697228094415
(1.0, 0.01, 1, 64, 0, 0.25, 0.01, 128, 1024, 22, 0.001, 4063380261) : -0.634737915719127
(1.0, 0.01, 1, 64, 0, 0.25, 0.01, 128, 1024, 23, 0.001, 4063380261) : -0.6331294455299353
(1.0, 0.01, 1, 64, 0, 0.25, 0.01, 128, 1024, 24, 0.001, 4063380261) : -0.633827684662755
(1.0, 0.01, 1, 64, 0, 0.25, 0.01, 128, 1024, 25, 0.001, 4063380261) : -0.6347305034141076
(1.0, 0.01, 1, 64, 0, 0.5, 0.01, 128, 1024, 1, 0.01, 4063380262) : -0.6208739404109975
(1.0, 0.01, 1, 64, 0, 0.5, 0.01, 128, 1024, 2, 0.01, 4063380262) : -0.6153769750086724
(1.0, 0.01, 1, 64, 0, 0.5, 0.01, 128, 1024, 3, 0.01, 4063380262) : -0.6131666256519123
(1.0, 0.01, 1, 64, 0, 0.5, 0.01, 128, 1024, 4, 0.01, 4063380262) : -0.6119939989978563
(1.0, 0.01, 1, 64, 0, 0.5, 0.01, 128, 1024, 5, 0.01, 4063380262) : -0.617909018403271
(1.0, 0.01, 1, 64, 0, 0.5, 0.01, 128, 1024, 6, 0.01, 4063380262) : -0.6223727084859033
(1.0, 0.01, 1, 64, 0, 0.5, 0.01, 128, 1024, 7, 0.01, 4063380262) : -0.618992697397095
(1.0, 0.01, 1, 64, 0, 0.5, 0.01, 128, 1024, 8, 0.01, 4063380262) : -0.618688792891303
(1.0, 0.01, 1, 64, 0, 0.5, 0.01, 128, 1024, 9, 0.01, 4063380262) : -0.6111371365376234
(1.0, 0.01, 1, 64, 0, 0.5, 0.01, 128, 1024, 10, 0.01, 4063380262) : -0.6159299329631134
(1.0, 0.01, 1, 64, 0, 0.5, 0.01, 128, 1024, 11, 0.01, 4063380262) : -0.6144622965692887
(1.0, 0.01, 1, 64, 0, 0.5, 0.01, 128, 1024, 12, 0.01, 4063380262) : -0.6153740100866647
(1.0, 0.01, 1, 64, 0, 0.5, 0.01, 128, 1024, 13, 0.01, 4063380262) : -0.6127515365708305
(1.0, 0.01, 1, 64, 0, 0.5, 0.01, 128, 1024, 14, 0.01, 4063380262) : -0.6156037915422635
(1.0, 0.01, 1, 64, 0, 0.5, 0.01, 128, 1024, 15, 0.01, 4063380262) : -0.6175977015924596
(1.0, 0.01, 1, 64, 0, 0.5, 0.01, 128, 1024, 16, 0.01, 4063380262) : -0.6151116144889809
(1.0, 0.01, 1, 64, 0, 0.5, 0.01, 128, 1024, 1, 0.001, 4063380263) : -0.638891771451952
(1.0, 0.01, 1, 64, 0, 0.5, 0.01, 128, 1024, 2, 0.001, 4063380263) : -0.6386931216774343
(1.0, 0.01, 1, 64, 0, 0.5, 0.01, 128, 1024, 3, 0.001, 4063380263) : -0.6348342756843781
(1.0, 0.01, 1, 64, 0, 0.5, 0.01, 128, 1024, 4, 0.001, 4063380263) : -0.6354999006751127
(1.0, 0.01, 1, 64, 0, 0.5, 0.01, 128, 1024, 5, 0.001, 4063380263) : -0.6351515223392049
(1.0, 0.01, 1, 64, 0, 0.5, 0.01, 128, 1024, 6, 0.001, 4063380263) : -0.6339937202951876
(1.0, 0.01, 1, 64, 0, 0.5, 0.01, 128, 1024, 7, 0.001, 4063380263) : -0.6327084266048382
(1.0, 0.01, 1, 64, 0, 0.5, 0.01, 128, 1024, 8, 0.001, 4063380263) : -0.6310421404364959
(1.0, 0.01, 1, 64, 0, 0.5, 0.01, 128, 1024, 9, 0.001, 4063380263) : -0.6342235017507865
(1.0, 0.01, 1, 64, 0, 0.5, 0.01, 128, 1024, 10, 0.001, 4063380263) : -0.6371276428573547
(1.0, 0.01, 1, 64, 0, 0.5, 0.01, 128, 1024, 11, 0.001, 4063380263) : -0.6324667854612085
(1.0, 0.01, 1, 128, 0, 0.25, 0.01, 128, 1024, 1, 0.01, 4063380264) : -0.6348579950604399
(1.0, 0.01, 1, 128, 0, 0.25, 0.01, 128, 1024, 2, 0.01, 4063380264) : -0.6470853334203044
(1.0, 0.01, 1, 128, 0, 0.25, 0.01, 128, 1024, 3, 0.01, 4063380264) : -0.6366191587330295
(1.0, 0.01, 1, 128, 0, 0.25, 0.01, 128, 1024, 4, 0.01, 4063380264) : -0.6289830021021297
(1.0, 0.01, 1, 128, 0, 0.25, 0.01, 128, 1024, 5, 0.01, 4063380264) : -0.6286064570071485
(1.0, 0.01, 1, 128, 0, 0.25, 0.01, 128, 1024, 6, 0.01, 4063380264) : -0.6263219846001951
(1.0, 0.01, 1, 128, 0, 0.25, 0.01, 128, 1024, 7, 0.01, 4063380264) : -0.6268497407175704
(1.0, 0.01, 1, 128, 0, 0.25, 0.01, 128, 1024, 8, 0.01, 4063380264) : -0.6269461006828215
(1.0, 0.01, 1, 128, 0, 0.25, 0.01, 128, 1024, 9, 0.01, 4063380264) : -0.6278592966612013
(1.0, 0.01, 1, 128, 0, 0.25, 0.01, 128, 1024, 10, 0.01, 4063380264) : -0.6304343314249119
(1.0, 0.01, 1, 128, 0, 0.25, 0.01, 128, 1024, 11, 0.01, 4063380264) : -0.6279052529523211
(1.0, 0.01, 1, 128, 0, 0.25, 0.01, 128, 1024, 12, 0.01, 4063380264) : -0.6254992187430509
(1.0, 0.01, 1, 128, 0, 0.25, 0.01, 128, 1024, 1, 0.001, 4063380265) : -0.6359831829623722
(1.0, 0.01, 1, 128, 0, 0.25, 0.01, 128, 1024, 2, 0.001, 4063380265) : -0.6362811576241487
(1.0, 0.01, 1, 128, 0, 0.25, 0.01, 128, 1024, 3, 0.001, 4063380265) : -0.6329619274364988
(1.0, 0.01, 1, 128, 0, 0.25, 0.01, 128, 1024, 4, 0.001, 4063380265) : -0.6349854867067721
(1.0, 0.01, 1, 128, 0, 0.25, 0.01, 128, 1024, 5, 0.001, 4063380265) : -0.6349454602596679
(1.0, 0.01, 1, 128, 0, 0.25, 0.01, 128, 1024, 6, 0.001, 4063380265) : -0.6318367395345665
(1.0, 0.01, 1, 128, 0, 0.25, 0.01, 128, 1024, 7, 0.001, 4063380265) : -0.6316099230009754
(1.0, 0.01, 1, 128, 0, 0.25, 0.01, 128, 1024, 8, 0.001, 4063380265) : -0.6319760908689297
(1.0, 0.01, 1, 128, 0, 0.25, 0.01, 128, 1024, 9, 0.001, 4063380265) : -0.6317967130874622
(1.0, 0.01, 1, 128, 0, 0.25, 0.01, 128, 1024, 10, 0.001, 4063380265) : -0.6328670499322515
(1.0, 0.01, 1, 128, 0, 0.25, 0.01, 128, 1024, 11, 0.001, 4063380265) : -0.6327351109029077
(1.0, 0.01, 1, 128, 0, 0.25, 0.01, 128, 1024, 12, 0.001, 4063380265) : -0.632807751492097
(1.0, 0.01, 1, 128, 0, 0.5, 0.01, 128, 1024, 1, 0.01, 4063380266) : -0.6444702722094895
(1.0, 0.01, 1, 128, 0, 0.5, 0.01, 128, 1024, 2, 0.01, 4063380266) : -0.6435748657631561
(1.0, 0.01, 1, 128, 0, 0.5, 0.01, 128, 1024, 3, 0.01, 4063380266) : -0.6474559486712702
(1.0, 0.01, 1, 128, 0, 0.5, 0.01, 128, 1024, 4, 0.01, 4063380266) : -0.6274486549631312
(1.0, 0.01, 1, 128, 0, 0.5, 0.01, 128, 1024, 5, 0.01, 4063380266) : -0.6168712957005666
(1.0, 0.01, 1, 128, 0, 0.5, 0.01, 128, 1024, 6, 0.01, 4063380266) : -0.6111356540766195
(1.0, 0.01, 1, 128, 0, 0.5, 0.01, 128, 1024, 7, 0.01, 4063380266) : -0.606175339557693
(1.0, 0.01, 1, 128, 0, 0.5, 0.01, 128, 1024, 8, 0.01, 4063380266) : -0.617224121419486
(1.0, 0.01, 1, 128, 0, 0.5, 0.01, 128, 1024, 9, 0.01, 4063380266) : -0.6158602572959319
(1.0, 0.01, 1, 128, 0, 0.5, 0.01, 128, 1024, 10, 0.01, 4063380266) : -0.6194003741731574
(1.0, 0.01, 1, 128, 0, 0.5, 0.01, 128, 1024, 11, 0.01, 4063380266) : -0.6120651571260418
(1.0, 0.01, 1, 128, 0, 0.5, 0.01, 128, 1024, 12, 0.01, 4063380266) : -0.6044690269422462
(1.0, 0.01, 1, 128, 0, 0.5, 0.01, 128, 1024, 13, 0.01, 4063380266) : -0.5883932198163527
(1.0, 0.01, 1, 128, 0, 0.5, 0.01, 128, 1024, 1, 0.001, 4063380267) : -0.6403282761646955
(1.0, 0.01, 1, 128, 0, 0.5, 0.01, 128, 1024, 2, 0.001, 4063380267) : -0.6371587745384357
(1.0, 0.01, 1, 128, 0, 0.5, 0.01, 128, 1024, 3, 0.001, 4063380267) : -0.637784373082066
(1.0, 0.01, 1, 128, 0, 0.5, 0.01, 128, 1024, 4, 0.001, 4063380267) : -0.6408056286079394
(1.0, 0.01, 1, 128, 0, 0.5, 0.01, 128, 1024, 5, 0.001, 4063380267) : -0.636949747536891
(1.0, 0.01, 1, 128, 0, 0.5, 0.01, 128, 1024, 6, 0.001, 4063380267) : -0.6317048005052227
(1.0, 0.01, 1, 128, 0, 0.5, 0.01, 128, 1024, 7, 0.001, 4063380267) : -0.6344681078164239
(1.0, 0.01, 1, 128, 0, 0.5, 0.01, 128, 1024, 8, 0.001, 4063380267) : -0.6358794106921017
(1.0, 0.01, 1, 128, 0, 0.5, 0.01, 128, 1024, 9, 0.001, 4063380267) : -0.6346964068110188
(1.0, 0.01, 1, 128, 0, 0.5, 0.01, 128, 1024, 10, 0.001, 4063380267) : -0.63260168941256
(1.0, 0.01, 1, 128, 0, 0.5, 0.01, 128, 1024, 11, 0.001, 4063380267) : -0.6304031997438307
(1.0, 0.01, 1, 128, 0, 0.5, 0.01, 128, 1024, 12, 0.001, 4063380267) : -0.6292646696928638
(1.0, 0.01, 1, 128, 0, 0.5, 0.01, 128, 1024, 13, 0.001, 4063380267) : -0.6303275942326337
(1.0, 0.01, 1, 128, 0, 0.5, 0.01, 128, 1024, 14, 0.001, 4063380267) : -0.6326684001577338
