(1.0, 0, 0.1, 0, 0, 0.25, 0.01, 128, 1024, 1, 0.01, 4063380196) : -0.6267363885485656
(1.0, 0, 0.1, 0, 0, 0.25, 0.01, 128, 1024, 2, 0.01, 4063380196) : -0.6290091561758318
(1.0, 0, 0.1, 0, 0, 0.25, 0.01, 128, 1024, 3, 0.01, 4063380196) : -0.6241336553087472
(1.0, 0, 0.1, 0, 0, 0.25, 0.01, 128, 1024, 4, 0.01, 4063380196) : -0.6219777813289772
(1.0, 0, 0.1, 0, 0, 0.25, 0.01, 128, 1024, 5, 0.01, 4063380196) : -0.6177518540220293
(1.0, 0, 0.1, 0, 0, 0.25, 0.01, 128, 1024, 6, 0.01, 4063380196) : -0.6189385464940784
(1.0, 0, 0.1, 0, 0, 0.25, 0.01, 128, 1024, 7, 0.01, 4063380196) : -0.6171895807809088
(1.0, 0, 0.1, 0, 0, 0.25, 0.01, 128, 1024, 8, 0.01, 4063380196) : -0.6178554306717093
(1.0, 0, 0.1, 0, 0, 0.25, 0.01, 128, 1024, 9, 0.01, 4063380196) : -0.6183807122522299
(1.0, 0, 0.1, 0, 0, 0.25, 0.01, 128, 1024, 10, 0.01, 4063380196) : -0.6208118041868641
(1.0, 0, 0.1, 0, 0, 0.25, 0.01, 128, 1024, 11, 0.01, 4063380196) : -0.6197257290316471
(1.0, 0, 0.1, 0, 0, 0.25, 0.01, 128, 1024, 12, 0.01, 4063380196) : -0.6198219073492072
(1.0, 0, 0.1, 0, 0, 0.25, 0.01, 128, 1024, 1, 0.001, 4063380197) : -0.6280518119995029
(1.0, 0, 0.1, 0, 0, 0.25, 0.01, 128, 1024, 2, 0.001, 4063380197) : -0.6269701758435579
(1.0, 0, 0.1, 0, 0, 0.25, 0.01, 128, 1024, 3, 0.001, 4063380197) : -0.628307794290855
(1.0, 0, 0.1, 0, 0, 0.25, 0.01, 128, 1024, 4, 0.001, 4063380197) : -0.6284202489390792
(1.0, 0, 0.1, 0, 0, 0.25, 0.01, 128, 1024, 5, 0.001, 4063380197) : -0.6294826494315121
(1.0, 0, 0.1, 0, 0, 0.25, 0.01, 128, 1024, 6, 0.001, 4063380197) : -0.6290298715057677
(1.0, 0, 0.1, 0, 0, 0.25, 0.01, 128, 1024, 7, 0.001, 4063380197) : -0.6273164177867742
(1.0, 0, 0.1, 0, 0, 0.25, 0.01, 128, 1024, 8, 0.001, 4063380197) : -0.6270426794983339
(1.0, 0, 0.1, 0, 0, 0.25, 0.01, 128, 1024, 9, 0.001, 4063380197) : -0.627149215480862
(1.0, 0, 0.1, 0, 0, 0.25, 0.01, 128, 1024, 10, 0.001, 4063380197) : -0.62714477648159
(1.0, 0, 0.1, 0, 0, 0.25, 0.01, 128, 1024, 11, 0.001, 4063380197) : -0.627245393798422
(1.0, 0, 0.1, 0, 0, 0.25, 0.01, 128, 1024, 12, 0.001, 4063380197) : -0.6267363885485656
(1.0, 0, 0.1, 0, 0, 0.25, 0.01, 128, 1024, 13, 0.001, 4063380197) : -0.6251472268091881
(1.0, 0, 0.1, 0, 0, 0.25, 0.01, 128, 1024, 14, 0.001, 4063380197) : -0.6273652467787662
(1.0, 0, 0.1, 0, 0, 0.25, 0.01, 128, 1024, 15, 0.001, 4063380197) : -0.6269968098391898
(1.0, 0, 0.1, 0, 0, 0.5, 0.01, 128, 1024, 1, 0.01, 4063380198) : -0.6104896512130306
(1.0, 0, 0.1, 0, 0, 0.5, 0.01, 128, 1024, 2, 0.01, 4063380198) : -0.609952532301118
(1.0, 0, 0.1, 0, 0, 0.5, 0.01, 128, 1024, 3, 0.01, 4063380198) : -0.618505004231846
(1.0, 0, 0.1, 0, 0, 0.5, 0.01, 128, 1024, 4, 0.01, 4063380198) : -0.6128674751564007
(1.0, 0, 0.1, 0, 0, 0.5, 0.01, 128, 1024, 5, 0.01, 4063380198) : -0.6071056541013394
(1.0, 0, 0.1, 0, 0, 0.5, 0.01, 128, 1024, 6, 0.01, 4063380198) : -0.6172813200991968
(1.0, 0, 0.1, 0, 0, 0.5, 0.01, 128, 1024, 7, 0.01, 4063380198) : -0.6170460531377806
(1.0, 0, 0.1, 0, 0, 0.5, 0.01, 128, 1024, 8, 0.01, 4063380198) : -0.6079253893002362
(1.0, 0, 0.1, 0, 0, 0.5, 0.01, 128, 1024, 9, 0.01, 4063380198) : -0.6068333954793231
(1.0, 0, 0.1, 0, 0, 0.5, 0.01, 128, 1024, 10, 0.01, 4063380198) : -0.6083470942310766
(1.0, 0, 0.1, 0, 0, 0.5, 0.01, 128, 1024, 11, 0.01, 4063380198) : -0.5984851175151074
(1.0, 0, 0.1, 0, 0, 0.5, 0.01, 128, 1024, 12, 0.01, 4063380198) : -0.6060950419337464
(1.0, 0, 0.1, 0, 0, 0.5, 0.01, 128, 1024, 13, 0.01, 4063380198) : -0.6070864184378274
(1.0, 0, 0.1, 0, 0, 0.5, 0.01, 128, 1024, 1, 0.001, 4063380199) : -0.6207718531934161
(1.0, 0, 0.1, 0, 0, 0.5, 0.01, 128, 1024, 2, 0.001, 4063380199) : -0.6222411619524495
(1.0, 0, 0.1, 0, 0, 0.5, 0.01, 128, 1024, 3, 0.001, 4063380199) : -0.6159792136460757
(1.0, 0, 0.1, 0, 0, 0.5, 0.01, 128, 1024, 4, 0.001, 4063380199) : -0.6132507087602171
(1.0, 0, 0.1, 0, 0, 0.5, 0.01, 128, 1024, 5, 0.001, 4063380199) : -0.6150928934580988
(1.0, 0, 0.1, 0, 0, 0.5, 0.01, 128, 1024, 6, 0.001, 4063380199) : -0.6146800665258024
(1.0, 0, 0.1, 0, 0, 0.5, 0.01, 128, 1024, 7, 0.001, 4063380199) : -0.6097098670075818
(1.0, 0, 0.1, 0, 0, 0.5, 0.01, 128, 1024, 8, 0.001, 4063380199) : -0.610918754475991
(1.0, 0, 0.1, 0, 0, 0.5, 0.01, 128, 1024, 9, 0.001, 4063380199) : -0.6092348940854774
(1.0, 0, 0.1, 0, 0, 0.5, 0.01, 128, 1024, 10, 0.001, 4063380199) : -0.6114780683842634
(1.0, 0, 0.1, 0, 0, 0.5, 0.01, 128, 1024, 11, 0.001, 4063380199) : -0.613139733778417
(1.0, 0, 0.1, 0, 0, 0.5, 0.01, 128, 1024, 12, 0.001, 4063380199) : -0.6100635072829181
(1.0, 0, 0.1, 64, 0, 0.25, 0.01, 128, 1024, 1, 0.01, 4063380200) : -0.6241972809649793
(1.0, 0, 0.1, 64, 0, 0.25, 0.01, 128, 1024, 2, 0.01, 4063380200) : -0.6194712264067189
(1.0, 0, 0.1, 64, 0, 0.25, 0.01, 128, 1024, 3, 0.01, 4063380200) : -0.6148665044952266
(1.0, 0, 0.1, 64, 0, 0.25, 0.01, 128, 1024, 4, 0.01, 4063380200) : -0.6083500535639246
(1.0, 0, 0.1, 64, 0, 0.25, 0.01, 128, 1024, 5, 0.01, 4063380200) : -0.6026207851701912
(1.0, 0, 0.1, 64, 0, 0.25, 0.01, 128, 1024, 6, 0.01, 4063380200) : -0.6031297904200477
(1.0, 0, 0.1, 64, 0, 0.25, 0.01, 128, 1024, 7, 0.01, 4063380200) : -0.6009665181081577
(1.0, 0, 0.1, 64, 0, 0.25, 0.01, 128, 1024, 8, 0.01, 4063380200) : -0.599139130074516
(1.0, 0, 0.1, 64, 0, 0.25, 0.01, 128, 1024, 9, 0.01, 4063380200) : -0.6011440780790379
(1.0, 0, 0.1, 64, 0, 0.25, 0.01, 128, 1024, 10, 0.01, 4063380200) : -0.5997324763105405
(1.0, 0, 0.1, 64, 0, 0.25, 0.01, 128, 1024, 11, 0.01, 4063380200) : -0.6006187964985173
(1.0, 0, 0.1, 64, 0, 0.25, 0.01, 128, 1024, 1, 0.001, 4063380201) : -0.62284782518629
(1.0, 0, 0.1, 64, 0, 0.25, 0.01, 128, 1024, 2, 0.001, 4063380201) : -0.6253558597749723
(1.0, 0, 0.1, 64, 0, 0.25, 0.01, 128, 1024, 3, 0.001, 4063380201) : -0.6226169972241458
(1.0, 0, 0.1, 64, 0, 0.25, 0.01, 128, 1024, 4, 0.001, 4063380201) : -0.6234515290872825
(1.0, 0, 0.1, 64, 0, 0.25, 0.01, 128, 1024, 5, 0.001, 4063380201) : -0.6223906082612736
(1.0, 0, 0.1, 64, 0, 0.25, 0.01, 128, 1024, 6, 0.001, 4063380201) : -0.6239945666648911
(1.0, 0, 0.1, 64, 0, 0.25, 0.01, 128, 1024, 7, 0.001, 4063380201) : -0.6245183685789876
(1.0, 0, 0.1, 64, 0, 0.25, 0.01, 128, 1024, 8, 0.001, 4063380201) : -0.626036506330013
(1.0, 0, 0.1, 64, 0, 0.25, 0.01, 128, 1024, 9, 0.001, 4063380201) : -0.6257124593831567
(1.0, 0, 0.1, 64, 0, 0.25, 0.01, 128, 1024, 10, 0.001, 4063380201) : -0.6253958107684203
(1.0, 0, 0.1, 64, 0, 0.25, 0.01, 128, 1024, 11, 0.001, 4063380201) : -0.6226465905526258
(1.0, 0, 0.1, 64, 0, 0.25, 0.01, 128, 1024, 12, 0.001, 4063380201) : -0.6211358511337204
(1.0, 0, 0.1, 64, 0, 0.25, 0.01, 128, 1024, 13, 0.001, 4063380201) : -0.6234885207478826
(1.0, 0, 0.1, 64, 0, 0.25, 0.01, 128, 1024, 14, 0.001, 4063380201) : -0.6208325195168002
(1.0, 0, 0.1, 64, 0, 0.25, 0.01, 128, 1024, 15, 0.001, 4063380201) : -0.621692205709145
(1.0, 0, 0.1, 64, 0, 0.25, 0.01, 128, 1024, 16, 0.001, 4063380201) : -0.6210085998212563
(1.0, 0, 0.1, 64, 0, 0.25, 0.01, 128, 1024, 17, 0.001, 4063380201) : -0.6207881295240801
(1.0, 0, 0.1, 64, 0, 0.25, 0.01, 128, 1024, 18, 0.001, 4063380201) : -0.6204862775735838
(1.0, 0, 0.1, 64, 0, 0.5, 0.01, 128, 1024, 1, 0.01, 4063380202) : -0.6235713820676266
(1.0, 0, 0.1, 64, 0, 0.5, 0.01, 128, 1024, 2, 0.01, 4063380202) : -0.6049053901288494
(1.0, 0, 0.1, 64, 0, 0.5, 0.01, 128, 1024, 3, 0.01, 4063380202) : -0.5996155826630445
(1.0, 0, 0.1, 64, 0, 0.5, 0.01, 128, 1024, 4, 0.01, 4063380202) : -0.6070923371035234
(1.0, 0, 0.1, 64, 0, 0.5, 0.01, 128, 1024, 5, 0.01, 4063380202) : -0.5951736240581923
(1.0, 0, 0.1, 64, 0, 0.5, 0.01, 128, 1024, 6, 0.01, 4063380202) : -0.5953571026947685
(1.0, 0, 0.1, 64, 0, 0.5, 0.01, 128, 1024, 7, 0.01, 4063380202) : -0.5931819930514864
(1.0, 0, 0.1, 64, 0, 0.5, 0.01, 128, 1024, 8, 0.01, 4063380202) : -0.5878995839178016
(1.0, 0, 0.1, 64, 0, 0.5, 0.01, 128, 1024, 9, 0.01, 4063380202) : -0.5872041406985209
(1.0, 0, 0.1, 64, 0, 0.5, 0.01, 128, 1024, 10, 0.01, 4063380202) : -0.5822339411803004
(1.0, 0, 0.1, 64, 0, 0.5, 0.01, 128, 1024, 11, 0.01, 4063380202) : -0.5923637375190137
(1.0, 0, 0.1, 64, 0, 0.5, 0.01, 128, 1024, 1, 0.001, 4063380203) : -0.6165740395485242
(1.0, 0, 0.1, 64, 0, 0.5, 0.01, 128, 1024, 2, 0.001, 4063380203) : -0.6108640068183029
(1.0, 0, 0.1, 64, 0, 0.5, 0.01, 128, 1024, 3, 0.001, 4063380203) : -0.6232014654616264
(1.0, 0, 0.1, 64, 0, 0.5, 0.01, 128, 1024, 4, 0.001, 4063380203) : -0.6266609255609416
(1.0, 0, 0.1, 64, 0, 0.5, 0.01, 128, 1024, 5, 0.001, 4063380203) : -0.6242978982818114
(1.0, 0, 0.1, 64, 0, 0.5, 0.01, 128, 1024, 6, 0.001, 4063380203) : -0.6234544884201305
(1.0, 0, 0.1, 64, 0, 0.5, 0.01, 128, 1024, 7, 0.001, 4063380203) : -0.6205084725699438
(1.0, 0, 0.1, 64, 0, 0.5, 0.01, 128, 1024, 8, 0.001, 4063380203) : -0.6202746852749517
(1.0, 0, 0.1, 64, 0, 0.5, 0.01, 128, 1024, 9, 0.001, 4063380203) : -0.6199476789952473
(1.0, 0, 0.1, 64, 0, 0.5, 0.01, 128, 1024, 10, 0.001, 4063380203) : -0.6177932846819013
(1.0, 0, 0.1, 64, 0, 0.5, 0.01, 128, 1024, 11, 0.001, 4063380203) : -0.6197834360221831
(1.0, 0, 0.1, 64, 0, 0.5, 0.01, 128, 1024, 12, 0.001, 4063380203) : -0.6096477210177738
(1.0, 0, 0.1, 64, 0, 0.5, 0.01, 128, 1024, 13, 0.001, 4063380203) : -0.6089478387992211
(1.0, 0, 0.1, 64, 0, 0.5, 0.01, 128, 1024, 14, 0.001, 4063380203) : -0.6109069171445989
(1.0, 0, 0.1, 128, 0, 0.25, 0.01, 128, 1024, 1, 0.01, 4063380204) : -0.6272439141319981
(1.0, 0, 0.1, 128, 0, 0.25, 0.01, 128, 1024, 2, 0.01, 4063380204) : -0.6251797794705162
(1.0, 0, 0.1, 128, 0, 0.25, 0.01, 128, 1024, 3, 0.01, 4063380204) : -0.6294560154358801
(1.0, 0, 0.1, 128, 0, 0.25, 0.01, 128, 1024, 4, 0.01, 4063380204) : -0.6305169362618891
(1.0, 0, 0.1, 128, 0, 0.25, 0.01, 128, 1024, 5, 0.01, 4063380204) : -0.6290209935072237
(1.0, 0, 0.1, 128, 0, 0.25, 0.01, 128, 1024, 6, 0.01, 4063380204) : -0.6291586024846558
(1.0, 0, 0.1, 128, 0, 0.25, 0.01, 128, 1024, 7, 0.01, 4063380204) : -0.6168270625070285
(1.0, 0, 0.1, 128, 0, 0.25, 0.01, 128, 1024, 8, 0.01, 4063380204) : -0.6123703072379363
(1.0, 0, 0.1, 128, 0, 0.25, 0.01, 128, 1024, 9, 0.01, 4063380204) : -0.6076338950147079
(1.0, 0, 0.1, 128, 0, 0.25, 0.01, 128, 1024, 10, 0.01, 4063380204) : -0.6009236077818616
(1.0, 0, 0.1, 128, 0, 0.25, 0.01, 128, 1024, 11, 0.01, 4063380204) : -0.6062740815710507
(1.0, 0, 0.1, 128, 0, 0.25, 0.01, 128, 1024, 12, 0.01, 4063380204) : -0.5943982788520156
(1.0, 0, 0.1, 128, 0, 0.25, 0.01, 128, 1024, 13, 0.01, 4063380204) : -0.5907952911095723
(1.0, 0, 0.1, 128, 0, 0.25, 0.01, 128, 1024, 14, 0.01, 4063380204) : -0.5934853246684068
(1.0, 0, 0.1, 128, 0, 0.25, 0.01, 128, 1024, 1, 0.001, 4063380205) : -0.6193646904241907
(1.0, 0, 0.1, 128, 0, 0.25, 0.01, 128, 1024, 2, 0.001, 4063380205) : -0.6218993590085051
(1.0, 0, 0.1, 128, 0, 0.25, 0.01, 128, 1024, 3, 0.001, 4063380205) : -0.618509443231118
(1.0, 0, 0.1, 128, 0, 0.25, 0.01, 128, 1024, 4, 0.001, 4063380205) : -0.6186603692063661
(1.0, 0, 0.1, 128, 0, 0.25, 0.01, 128, 1024, 5, 0.001, 4063380205) : -0.6201355966310955
(1.0, 0, 0.1, 128, 0, 0.25, 0.01, 128, 1024, 6, 0.001, 4063380205) : -0.6231511568032103
(1.0, 0, 0.1, 128, 0, 0.25, 0.01, 128, 1024, 7, 0.001, 4063380205) : -0.6213933130914967
(1.0, 0, 0.1, 128, 0, 0.25, 0.01, 128, 1024, 8, 0.001, 4063380205) : -0.6223802505963055
(1.0, 0, 0.1, 128, 0, 0.25, 0.01, 128, 1024, 9, 0.001, 4063380205) : -0.621704043040537
(1.0, 0, 0.1, 128, 0, 0.25, 0.01, 128, 1024, 10, 0.001, 4063380205) : -0.6235062767449706
(1.0, 0, 0.1, 128, 0, 0.25, 0.01, 128, 1024, 11, 0.001, 4063380205) : -0.6244207105950035
(1.0, 0, 0.1, 128, 0, 0.25, 0.01, 128, 1024, 12, 0.001, 4063380205) : -0.6217025633741129
(1.0, 0, 0.1, 128, 0, 0.25, 0.01, 128, 1024, 13, 0.001, 4063380205) : -0.6206135288860479
(1.0, 0, 0.1, 128, 0, 0.25, 0.01, 128, 1024, 14, 0.001, 4063380205) : -0.6188009375166462
(1.0, 0, 0.1, 128, 0, 0.25, 0.01, 128, 1024, 15, 0.001, 4063380205) : -0.6202288156158076
(1.0, 0, 0.1, 128, 0, 0.25, 0.01, 128, 1024, 16, 0.001, 4063380205) : -0.6205824558911439
(1.0, 0, 0.1, 128, 0, 0.25, 0.01, 128, 1024, 17, 0.001, 4063380205) : -0.6200468166456554
(1.0, 0, 0.1, 128, 0, 0.25, 0.01, 128, 1024, 18, 0.001, 4063380205) : -0.6201296779653995
(1.0, 0, 0.1, 128, 0, 0.25, 0.01, 128, 1024, 19, 0.001, 4063380205) : -0.620686032540824
(1.0, 0, 0.1, 128, 0, 0.25, 0.01, 128, 1024, 20, 0.001, 4063380205) : -0.6182312659434057
(1.0, 0, 0.1, 128, 0, 0.25, 0.01, 128, 1024, 21, 0.001, 4063380205) : -0.6200660523091674
(1.0, 0, 0.1, 128, 0, 0.5, 0.01, 128, 1024, 1, 0.01, 4063380206) : -0.6202376936143515
(1.0, 0, 0.1, 128, 0, 0.5, 0.01, 128, 1024, 2, 0.01, 4063380206) : -0.6058923276336583
(1.0, 0, 0.1, 128, 0, 0.5, 0.01, 128, 1024, 3, 0.01, 4063380206) : -0.6027953858082234
(1.0, 0, 0.1, 128, 0, 0.5, 0.01, 128, 1024, 4, 0.01, 4063380206) : -0.6018114076362625
(1.0, 0, 0.1, 128, 0, 0.5, 0.01, 128, 1024, 5, 0.01, 4063380206) : -0.5978577389513308
(1.0, 0, 0.1, 128, 0, 0.5, 0.01, 128, 1024, 6, 0.01, 4063380206) : -0.6027273211527193
(1.0, 0, 0.1, 128, 0, 0.5, 0.01, 128, 1024, 7, 0.01, 4063380206) : -0.5969566220991139
(1.0, 0, 0.1, 128, 0, 0.5, 0.01, 128, 1024, 8, 0.01, 4063380206) : -0.6022360718999509
(1.0, 0, 0.1, 128, 0, 0.5, 0.01, 128, 1024, 9, 0.01, 4063380206) : -0.6081118272696603
(1.0, 0, 0.1, 128, 0, 0.5, 0.01, 128, 1024, 10, 0.01, 4063380206) : -0.6092866824103175
(1.0, 0, 0.1, 128, 0, 0.5, 0.01, 128, 1024, 11, 0.01, 4063380206) : -0.6006646661576615
(1.0, 0, 0.1, 128, 0, 0.5, 0.01, 128, 1024, 1, 0.001, 4063380207) : -0.6156211343714673
(1.0, 0, 0.1, 128, 0, 0.5, 0.01, 128, 1024, 2, 0.001, 4063380207) : -0.6161834076125878
(1.0, 0, 0.1, 128, 0, 0.5, 0.01, 128, 1024, 3, 0.001, 4063380207) : -0.6148457891652905
(1.0, 0, 0.1, 128, 0, 0.5, 0.01, 128, 1024, 4, 0.001, 4063380207) : -0.6130080434666809
(1.0, 0, 0.1, 128, 0, 0.5, 0.01, 128, 1024, 5, 0.001, 4063380207) : -0.6126662405227365
(1.0, 0, 0.1, 128, 0, 0.5, 0.01, 128, 1024, 6, 0.001, 4063380207) : -0.6125153145474884
(1.0, 0, 0.1, 128, 0, 0.5, 0.01, 128, 1024, 7, 0.001, 4063380207) : -0.6126677201891606
(1.0, 0, 0.1, 128, 0, 0.5, 0.01, 128, 1024, 8, 0.001, 4063380207) : -0.6113907680652474
(1.0, 0, 0.1, 128, 0, 0.5, 0.01, 128, 1024, 9, 0.001, 4063380207) : -0.6124812822197364
(1.0, 0, 0.1, 128, 0, 0.5, 0.01, 128, 1024, 10, 0.001, 4063380207) : -0.6085098575377167
(1.0, 0, 0.1, 128, 0, 0.5, 0.01, 128, 1024, 11, 0.001, 4063380207) : -0.6039036559598004
(1.0, 0, 0.1, 128, 0, 0.5, 0.01, 128, 1024, 12, 0.001, 4063380207) : -0.6064072515492107
(1.0, 0.001, 0.1, 0, 0, 0.25, 0.01, 128, 1024, 1, 0.01, 4063380220) : -0.6212216717863125
(1.0, 0.001, 0.1, 0, 0, 0.25, 0.01, 128, 1024, 2, 0.01, 4063380220) : -0.6215486780660168
(1.0, 0.001, 0.1, 0, 0, 0.25, 0.01, 128, 1024, 3, 0.01, 4063380220) : -0.615254177098315
(1.0, 0.001, 0.1, 0, 0, 0.25, 0.01, 128, 1024, 4, 0.01, 4063380220) : -0.6148709434944986
(1.0, 0.001, 0.1, 0, 0, 0.25, 0.01, 128, 1024, 5, 0.01, 4063380220) : -0.6084565895464527
(1.0, 0.001, 0.1, 0, 0, 0.25, 0.01, 128, 1024, 6, 0.01, 4063380220) : -0.6102188722574383
(1.0, 0.001, 0.1, 0, 0, 0.25, 0.01, 128, 1024, 7, 0.01, 4063380220) : -0.6046360908396811
(1.0, 0.001, 0.1, 0, 0, 0.25, 0.01, 128, 1024, 8, 0.01, 4063380220) : -0.6042617352344087
(1.0, 0.001, 0.1, 0, 0, 0.25, 0.01, 128, 1024, 9, 0.01, 4063380220) : -0.6014991980207982
(1.0, 0.001, 0.1, 0, 0, 0.25, 0.01, 128, 1024, 10, 0.01, 4063380220) : -0.6069206957983392
(1.0, 0.001, 0.1, 0, 0, 0.25, 0.01, 128, 1024, 11, 0.01, 4063380220) : -0.6068777854720432
(1.0, 0.001, 0.1, 0, 0, 0.25, 0.01, 128, 1024, 12, 0.01, 4063380220) : -0.6102780589143983
(1.0, 0.001, 0.1, 0, 0, 0.25, 0.01, 128, 1024, 1, 0.001, 4063380221) : -0.6263546346111732
(1.0, 0.001, 0.1, 0, 0, 0.25, 0.01, 128, 1024, 2, 0.001, 4063380221) : -0.6254402007611404
(1.0, 0.001, 0.1, 0, 0, 0.25, 0.01, 128, 1024, 3, 0.001, 4063380221) : -0.6259861976715969
(1.0, 0.001, 0.1, 0, 0, 0.25, 0.01, 128, 1024, 4, 0.001, 4063380221) : -0.6262125866344691
(1.0, 0.001, 0.1, 0, 0, 0.25, 0.01, 128, 1024, 5, 0.001, 4063380221) : -0.6288404742034955
(1.0, 0.001, 0.1, 0, 0, 0.25, 0.01, 128, 1024, 6, 0.001, 4063380221) : -0.6243955562657955
(1.0, 0.001, 0.1, 0, 0, 0.25, 0.01, 128, 1024, 7, 0.001, 4063380221) : -0.6258574666927088
(1.0, 0.001, 0.1, 0, 0, 0.25, 0.01, 128, 1024, 8, 0.001, 4063380221) : -0.625036251827388
(1.0, 0.001, 0.1, 0, 0, 0.25, 0.01, 128, 1024, 9, 0.001, 4063380221) : -0.6257361340459406
(1.0, 0.001, 0.1, 0, 0, 0.25, 0.01, 128, 1024, 10, 0.001, 4063380221) : -0.624928236178436
(1.0, 0.001, 0.1, 0, 0, 0.25, 0.01, 128, 1024, 11, 0.001, 4063380221) : -0.6246470995578757
(1.0, 0.001, 0.1, 0, 0, 0.25, 0.01, 128, 1024, 12, 0.001, 4063380221) : -0.6255778097385726
(1.0, 0.001, 0.1, 0, 0, 0.25, 0.01, 128, 1024, 13, 0.001, 4063380221) : -0.6265277555827814
(1.0, 0.001, 0.1, 0, 0, 0.25, 0.01, 128, 1024, 14, 0.001, 4063380221) : -0.6278624146972307
(1.0, 0.001, 0.1, 0, 0, 0.25, 0.01, 128, 1024, 15, 0.001, 4063380221) : -0.6273104991210782
(1.0, 0.001, 0.1, 0, 0, 0.5, 0.01, 128, 1024, 1, 0.01, 4063380222) : -0.6259181330160929
(1.0, 0.001, 0.1, 0, 0, 0.5, 0.01, 128, 1024, 2, 0.01, 4063380222) : -0.6178391543410453
(1.0, 0.001, 0.1, 0, 0, 0.5, 0.01, 128, 1024, 3, 0.01, 4063380222) : -0.6106243008576147
(1.0, 0.001, 0.1, 0, 0, 0.5, 0.01, 128, 1024, 4, 0.01, 4063380222) : -0.6157942553430754
(1.0, 0.001, 0.1, 0, 0, 0.5, 0.01, 128, 1024, 5, 0.01, 4063380222) : -0.6170208988085726
(1.0, 0.001, 0.1, 0, 0, 0.5, 0.01, 128, 1024, 6, 0.01, 4063380222) : -0.5972969453766342
(1.0, 0.001, 0.1, 0, 0, 0.5, 0.01, 128, 1024, 7, 0.01, 4063380222) : -0.5954577200116006
(1.0, 0.001, 0.1, 0, 0, 0.5, 0.01, 128, 1024, 8, 0.01, 4063380222) : -0.577571512278272
(1.0, 0.001, 0.1, 0, 0, 0.5, 0.01, 128, 1024, 9, 0.01, 4063380222) : -0.585088217712199
(1.0, 0.001, 0.1, 0, 0, 0.5, 0.01, 128, 1024, 10, 0.01, 4063380222) : -0.5966577294814657
(1.0, 0.001, 0.1, 0, 0, 0.5, 0.01, 128, 1024, 11, 0.01, 4063380222) : -0.6003139852151731
(1.0, 0.001, 0.1, 0, 0, 0.5, 0.01, 128, 1024, 1, 0.001, 4063380223) : -0.6268000142047977
(1.0, 0.001, 0.1, 0, 0, 0.5, 0.01, 128, 1024, 2, 0.001, 4063380223) : -0.6226184768905698
(1.0, 0.001, 0.1, 0, 0, 0.5, 0.01, 128, 1024, 3, 0.001, 4063380223) : -0.6222544789502654
(1.0, 0.001, 0.1, 0, 0, 0.5, 0.01, 128, 1024, 4, 0.001, 4063380223) : -0.6244192309285794
(1.0, 0.001, 0.1, 0, 0, 0.5, 0.01, 128, 1024, 5, 0.001, 4063380223) : -0.6199950283208153
(1.0, 0.001, 0.1, 0, 0, 0.5, 0.01, 128, 1024, 6, 0.001, 4063380223) : -0.6225385749036737
(1.0, 0.001, 0.1, 0, 0, 0.5, 0.01, 128, 1024, 7, 0.001, 4063380223) : -0.627112223820262
(1.0, 0.001, 0.1, 0, 0, 0.5, 0.01, 128, 1024, 8, 0.001, 4063380223) : -0.624931195511284
(1.0, 0.001, 0.1, 0, 0, 0.5, 0.01, 128, 1024, 9, 0.001, 4063380223) : -0.6267363885485656
(1.0, 0.001, 0.1, 0, 0, 0.5, 0.01, 128, 1024, 10, 0.001, 4063380223) : -0.6278742520286227
(1.0, 0.001, 0.1, 0, 0, 0.5, 0.01, 128, 1024, 11, 0.001, 4063380223) : -0.625036251827388
(1.0, 0.001, 0.1, 0, 0, 0.5, 0.01, 128, 1024, 12, 0.001, 4063380223) : -0.6206845528743999
(1.0, 0.001, 0.1, 0, 0, 0.5, 0.01, 128, 1024, 13, 0.001, 4063380223) : -0.6231496771367863
(1.0, 0.001, 0.1, 0, 0, 0.5, 0.01, 128, 1024, 14, 0.001, 4063380223) : -0.6255053060837965
(1.0, 0.001, 0.1, 0, 0, 0.5, 0.01, 128, 1024, 15, 0.001, 4063380223) : -0.6267556242120776
(1.0, 0.001, 0.1, 0, 0, 0.5, 0.01, 128, 1024, 16, 0.001, 4063380223) : -0.6257864427043567
(1.0, 0.001, 0.1, 0, 0, 0.5, 0.01, 128, 1024, 17, 0.001, 4063380223) : -0.6268858348573898
(1.0, 0.001, 0.1, 0, 0, 0.5, 0.01, 128, 1024, 18, 0.001, 4063380223) : -0.6236498043880987
(1.0, 0.001, 0.1, 0, 0, 0.5, 0.01, 128, 1024, 19, 0.001, 4063380223) : -0.6250702841551401
(1.0, 0.001, 0.1, 0, 0, 0.5, 0.01, 128, 1024, 20, 0.001, 4063380223) : -0.628295956959463
(1.0, 0.001, 0.1, 0, 0, 0.5, 0.01, 128, 1024, 21, 0.001, 4063380223) : -0.6275265304189823
(1.0, 0.001, 0.1, 0, 0, 0.5, 0.01, 128, 1024, 22, 0.001, 4063380223) : -0.6265277555827814
(1.0, 0.001, 0.1, 0, 0, 0.5, 0.01, 128, 1024, 23, 0.001, 4063380223) : -0.6264493332623093
(1.0, 0.001, 0.1, 0, 0, 0.5, 0.01, 128, 1024, 24, 0.001, 4063380223) : -0.6279511946826707
(1.0, 0.001, 0.1, 0, 0, 0.5, 0.01, 128, 1024, 25, 0.001, 4063380223) : -0.6229617595009381
(1.0, 0.001, 0.1, 0, 0, 0.5, 0.01, 128, 1024, 26, 0.001, 4063380223) : -0.6261829933059891
(1.0, 0.001, 0.1, 0, 0, 0.5, 0.01, 128, 1024, 27, 0.001, 4063380223) : -0.6304370342749931
(1.0, 0.001, 0.1, 0, 0, 0.5, 0.01, 128, 1024, 28, 0.001, 4063380223) : -0.6288996608604556
(1.0, 0.001, 0.1, 0, 0, 0.5, 0.01, 128, 1024, 29, 0.001, 4063380223) : -0.6287886858786556
(1.0, 0.001, 0.1, 0, 0, 0.5, 0.01, 128, 1024, 30, 0.001, 4063380223) : -0.6256443947276527
(1.0, 0.001, 0.1, 0, 0, 0.5, 0.01, 128, 1024, 31, 0.001, 4063380223) : -0.6220754393129613
(1.0, 0.001, 0.1, 0, 0, 0.5, 0.01, 128, 1024, 32, 0.001, 4063380223) : -0.620724503867848
(1.0, 0.001, 0.1, 0, 0, 0.5, 0.01, 128, 1024, 33, 0.001, 4063380223) : -0.6205661795604799
(1.0, 0.001, 0.1, 0, 0, 0.5, 0.01, 128, 1024, 34, 0.001, 4063380223) : -0.6213814757601046
(1.0, 0.001, 0.1, 0, 0, 0.5, 0.01, 128, 1024, 35, 0.001, 4063380223) : -0.6252582017909882
(1.0, 0.001, 0.1, 0, 0, 0.5, 0.01, 128, 1024, 36, 0.001, 4063380223) : -0.6252256491296602
(1.0, 0.001, 0.1, 0, 0, 0.5, 0.01, 128, 1024, 37, 0.001, 4063380223) : -0.6262214646330131
(1.0, 0.001, 0.1, 64, 0, 0.25, 0.01, 128, 1024, 1, 0.01, 4063380224) : -0.6319329770296584
(1.0, 0.001, 0.1, 64, 0, 0.25, 0.01, 128, 1024, 2, 0.01, 4063380224) : -0.6149271708186107
(1.0, 0.001, 0.1, 64, 0, 0.25, 0.01, 128, 1024, 3, 0.01, 4063380224) : -0.6127949715016247
(1.0, 0.001, 0.1, 64, 0, 0.25, 0.01, 128, 1024, 4, 0.01, 4063380224) : -0.6136576170268174
(1.0, 0.001, 0.1, 64, 0, 0.25, 0.01, 128, 1024, 5, 0.01, 4063380224) : -0.6151017714566428
(1.0, 0.001, 0.1, 64, 0, 0.25, 0.01, 128, 1024, 6, 0.01, 4063380224) : -0.6150958527909468
(1.0, 0.001, 0.1, 64, 0, 0.25, 0.01, 128, 1024, 7, 0.01, 4063380224) : -0.6109231934752629
(1.0, 0.001, 0.1, 64, 0, 0.25, 0.01, 128, 1024, 8, 0.01, 4063380224) : -0.6081887699237084
(1.0, 0.001, 0.1, 64, 0, 0.25, 0.01, 128, 1024, 9, 0.01, 4063380224) : -0.6146800665258024
(1.0, 0.001, 0.1, 64, 0, 0.25, 0.01, 128, 1024, 10, 0.01, 4063380224) : -0.6160073273081317
(1.0, 0.001, 0.1, 64, 0, 0.25, 0.01, 128, 1024, 11, 0.01, 4063380224) : -0.614240605597874
(1.0, 0.001, 0.1, 64, 0, 0.25, 0.01, 128, 1024, 1, 0.001, 4063380225) : -0.620720064868576
(1.0, 0.001, 0.1, 64, 0, 0.25, 0.01, 128, 1024, 2, 0.001, 4063380225) : -0.6190199281473985
(1.0, 0.001, 0.1, 64, 0, 0.25, 0.01, 128, 1024, 3, 0.001, 4063380225) : -0.6193025444343827
(1.0, 0.001, 0.1, 64, 0, 0.25, 0.01, 128, 1024, 4, 0.001, 4063380225) : -0.6220132933231532
(1.0, 0.001, 0.1, 64, 0, 0.25, 0.01, 128, 1024, 5, 0.001, 4063380225) : -0.6242934592825393
(1.0, 0.001, 0.1, 64, 0, 0.25, 0.01, 128, 1024, 6, 0.001, 4063380225) : -0.6260009943358369
(1.0, 0.001, 0.1, 64, 0, 0.25, 0.01, 128, 1024, 7, 0.001, 4063380225) : -0.625037731493812
(1.0, 0.001, 0.1, 64, 0, 0.25, 0.01, 128, 1024, 8, 0.001, 4063380225) : -0.6235269920749066
(1.0, 0.001, 0.1, 64, 0, 0.25, 0.01, 128, 1024, 9, 0.001, 4063380225) : -0.6231955467959304
(1.0, 0.001, 0.1, 64, 0, 0.25, 0.01, 128, 1024, 10, 0.001, 4063380225) : -0.623828844025403
(1.0, 0.001, 0.1, 64, 0, 0.25, 0.01, 128, 1024, 11, 0.001, 4063380225) : -0.6257361340459406
(1.0, 0.001, 0.1, 64, 0, 0.25, 0.01, 128, 1024, 12, 0.001, 4063380225) : -0.6263102446184532
(1.0, 0.001, 0.1, 64, 0, 0.25, 0.01, 128, 1024, 13, 0.001, 4063380225) : -0.6274259131021502
(1.0, 0.001, 0.1, 64, 0, 0.25, 0.01, 128, 1024, 14, 0.001, 4063380225) : -0.6270338014997899
(1.0, 0.001, 0.1, 64, 0, 0.25, 0.01, 128, 1024, 15, 0.001, 4063380225) : -0.6254697940896204
(1.0, 0.001, 0.1, 64, 0, 0.25, 0.01, 128, 1024, 16, 0.001, 4063380225) : -0.6254357617618684
(1.0, 0.001, 0.1, 64, 0, 0.25, 0.01, 128, 1024, 17, 0.001, 4063380225) : -0.6251561048077321
(1.0, 0.001, 0.1, 64, 0, 0.25, 0.01, 128, 1024, 18, 0.001, 4063380225) : -0.6248157815302118
(1.0, 0.001, 0.1, 64, 0, 0.25, 0.01, 128, 1024, 19, 0.001, 4063380225) : -0.6251827388033642
(1.0, 0.001, 0.1, 64, 0, 0.25, 0.01, 128, 1024, 20, 0.001, 4063380225) : -0.6233834644317785
(1.0, 0.001, 0.1, 64, 0, 0.25, 0.01, 128, 1024, 21, 0.001, 4063380225) : -0.6242416709576993
(1.0, 0.001, 0.1, 64, 0, 0.25, 0.01, 128, 1024, 22, 0.001, 4063380225) : -0.6237622590363229
(1.0, 0.001, 0.1, 64, 0, 0.25, 0.01, 128, 1024, 23, 0.001, 4063380225) : -0.6240108429955551
(1.0, 0.001, 0.1, 64, 0, 0.5, 0.01, 128, 1024, 1, 0.01, 4063380226) : -0.6230742141491622
(1.0, 0.001, 0.1, 64, 0, 0.5, 0.01, 128, 1024, 2, 0.01, 4063380226) : -0.6170771261326846
(1.0, 0.001, 0.1, 64, 0, 0.5, 0.01, 128, 1024, 3, 0.01, 4063380226) : -0.6038622252999284
(1.0, 0.001, 0.1, 64, 0, 0.5, 0.01, 128, 1024, 4, 0.01, 4063380226) : -0.6083145415697485
(1.0, 0.001, 0.1, 64, 0, 0.5, 0.01, 128, 1024, 5, 0.01, 4063380226) : -0.598103363577715
(1.0, 0.001, 0.1, 64, 0, 0.5, 0.01, 128, 1024, 6, 0.01, 4063380226) : -0.6161419769527158
(1.0, 0.001, 0.1, 64, 0, 0.5, 0.01, 128, 1024, 7, 0.01, 4063380226) : -0.6132965784193611
(1.0, 0.001, 0.1, 64, 0, 0.5, 0.01, 128, 1024, 8, 0.01, 4063380226) : -0.6021458122480868
(1.0, 0.001, 0.1, 64, 0, 0.5, 0.01, 128, 1024, 9, 0.01, 4063380226) : -0.6017847736406304
(1.0, 0.001, 0.1, 64, 0, 0.5, 0.01, 128, 1024, 10, 0.01, 4063380226) : -0.6037172179903763
(1.0, 0.001, 0.1, 64, 0, 0.5, 0.01, 128, 1024, 11, 0.01, 4063380226) : -0.6026814514935753
(1.0, 0.001, 0.1, 64, 0, 0.5, 0.01, 128, 1024, 1, 0.001, 4063380227) : -0.618608580881526
(1.0, 0.001, 0.1, 64, 0, 0.5, 0.01, 128, 1024, 2, 0.001, 4063380227) : -0.6214643370798487
(1.0, 0.001, 0.1, 64, 0, 0.5, 0.01, 128, 1024, 3, 0.001, 4063380227) : -0.6162766265972999
(1.0, 0.001, 0.1, 64, 0, 0.5, 0.01, 128, 1024, 4, 0.001, 4063380227) : -0.6252641204566842
(1.0, 0.001, 0.1, 64, 0, 0.5, 0.01, 128, 1024, 5, 0.001, 4063380227) : -0.6280666086637429
(1.0, 0.001, 0.1, 64, 0, 0.5, 0.01, 128, 1024, 6, 0.001, 4063380227) : -0.6240641109868191
(1.0, 0.001, 0.1, 64, 0, 0.5, 0.01, 128, 1024, 7, 0.001, 4063380227) : -0.6212305497848565
(1.0, 0.001, 0.1, 64, 0, 0.5, 0.01, 128, 1024, 8, 0.001, 4063380227) : -0.6215545967317128
(1.0, 0.001, 0.1, 64, 0, 0.5, 0.01, 128, 1024, 9, 0.001, 4063380227) : -0.6243437679409554
(1.0, 0.001, 0.1, 64, 0, 0.5, 0.01, 128, 1024, 10, 0.001, 4063380227) : -0.6258767023562208
(1.0, 0.001, 0.1, 64, 0, 0.5, 0.01, 128, 1024, 11, 0.001, 4063380227) : -0.6247240422119238
(1.0, 0.001, 0.1, 64, 0, 0.5, 0.01, 128, 1024, 12, 0.001, 4063380227) : -0.627121101818806
(1.0, 0.001, 0.1, 64, 0, 0.5, 0.01, 128, 1024, 13, 0.001, 4063380227) : -0.6249519108412199
(1.0, 0.001, 0.1, 64, 0, 0.5, 0.01, 128, 1024, 14, 0.001, 4063380227) : -0.6230549784856502
(1.0, 0.001, 0.1, 64, 0, 0.5, 0.01, 128, 1024, 15, 0.001, 4063380227) : -0.6208931858401842
(1.0, 0.001, 0.1, 128, 0, 0.25, 0.01, 128, 1024, 1, 0.01, 4063380228) : -0.6246367418929076
(1.0, 0.001, 0.1, 128, 0, 0.25, 0.01, 128, 1024, 2, 0.01, 4063380228) : -0.6225178595737377
(1.0, 0.001, 0.1, 128, 0, 0.25, 0.01, 128, 1024, 3, 0.01, 4063380228) : -0.6187032795326621
(1.0, 0.001, 0.1, 128, 0, 0.25, 0.01, 128, 1024, 4, 0.01, 4063380228) : -0.6064649585397468
(1.0, 0.001, 0.1, 128, 0, 0.25, 0.01, 128, 1024, 5, 0.01, 4063380228) : -0.5970868327444261
(1.0, 0.001, 0.1, 128, 0, 0.25, 0.01, 128, 1024, 6, 0.01, 4063380228) : -0.5989985617642358
(1.0, 0.001, 0.1, 128, 0, 0.25, 0.01, 128, 1024, 7, 0.01, 4063380228) : -0.6047751794835372
(1.0, 0.001, 0.1, 128, 0, 0.25, 0.01, 128, 1024, 8, 0.01, 4063380228) : -0.606744615493883
(1.0, 0.001, 0.1, 128, 0, 0.25, 0.01, 128, 1024, 9, 0.01, 4063380228) : -0.6126529235249205
(1.0, 0.001, 0.1, 128, 0, 0.25, 0.01, 128, 1024, 10, 0.01, 4063380228) : -0.6123851039021763
(1.0, 0.001, 0.1, 128, 0, 0.25, 0.01, 128, 1024, 11, 0.01, 4063380228) : -0.6032126517397918
(1.0, 0.001, 0.1, 128, 0, 0.25, 0.01, 128, 1024, 1, 0.001, 4063380229) : -0.6222559586166895
(1.0, 0.001, 0.1, 128, 0, 0.25, 0.01, 128, 1024, 2, 0.001, 4063380229) : -0.6181794776185656
(1.0, 0.001, 0.1, 128, 0, 0.25, 0.01, 128, 1024, 3, 0.001, 4063380229) : -0.622871499849074
(1.0, 0.001, 0.1, 128, 0, 0.25, 0.01, 128, 1024, 4, 0.001, 4063380229) : -0.6255807690714206
(1.0, 0.001, 0.1, 128, 0, 0.25, 0.01, 128, 1024, 5, 0.001, 4063380229) : -0.6239886479991951
(1.0, 0.001, 0.1, 128, 0, 0.25, 0.01, 128, 1024, 6, 0.001, 4063380229) : -0.6258130766999888
(1.0, 0.001, 0.1, 128, 0, 0.25, 0.01, 128, 1024, 7, 0.001, 4063380229) : -0.6253292257793404
(1.0, 0.001, 0.1, 128, 0, 0.25, 0.01, 128, 1024, 8, 0.001, 4063380229) : -0.624000485330587
(1.0, 0.001, 0.1, 128, 0, 0.25, 0.01, 128, 1024, 9, 0.001, 4063380229) : -0.6230904904798262
(1.0, 0.001, 0.1, 128, 0, 0.25, 0.01, 128, 1024, 10, 0.001, 4063380229) : -0.621804660357369
(1.0, 0.001, 0.1, 128, 0, 0.25, 0.01, 128, 1024, 11, 0.001, 4063380229) : -0.623873234018123
(1.0, 0.001, 0.1, 128, 0, 0.25, 0.01, 128, 1024, 12, 0.001, 4063380229) : -0.6258752226897968
(1.0, 0.001, 0.1, 128, 0, 0.25, 0.01, 128, 1024, 13, 0.001, 4063380229) : -0.6289840018466237
(1.0, 0.001, 0.1, 128, 0, 0.25, 0.01, 128, 1024, 14, 0.001, 4063380229) : -0.6295299987570802
(1.0, 0.001, 0.1, 128, 0, 0.25, 0.01, 128, 1024, 15, 0.001, 4063380229) : -0.6300833939996567
(1.0, 0.001, 0.1, 128, 0, 0.25, 0.01, 128, 1024, 16, 0.001, 4063380229) : -0.628313712956551
(1.0, 0.001, 0.1, 128, 0, 0.25, 0.01, 128, 1024, 17, 0.001, 4063380229) : -0.6277218463869505
(1.0, 0.001, 0.1, 128, 0, 0.25, 0.01, 128, 1024, 18, 0.001, 4063380229) : -0.6273297347845902
(1.0, 0.001, 0.1, 128, 0, 0.25, 0.01, 128, 1024, 19, 0.001, 4063380229) : -0.627223198802062
(1.0, 0.001, 0.1, 128, 0, 0.25, 0.01, 128, 1024, 20, 0.001, 4063380229) : -0.6273104991210782
(1.0, 0.001, 0.1, 128, 0, 0.25, 0.01, 128, 1024, 21, 0.001, 4063380229) : -0.6287857265458076
(1.0, 0.001, 0.1, 128, 0, 0.25, 0.01, 128, 1024, 22, 0.001, 4063380229) : -0.6253558597749723
(1.0, 0.001, 0.1, 128, 0, 0.25, 0.01, 128, 1024, 23, 0.001, 4063380229) : -0.625052528158052
(1.0, 0.001, 0.1, 128, 0, 0.25, 0.01, 128, 1024, 24, 0.001, 4063380229) : -0.6281909006433589
(1.0, 0.001, 0.1, 128, 0, 0.25, 0.01, 128, 1024, 25, 0.001, 4063380229) : -0.6300464023390567
(1.0, 0.001, 0.1, 128, 0, 0.5, 0.01, 128, 1024, 1, 0.01, 4063380230) : -0.6273756044437342
(1.0, 0.001, 0.1, 128, 0, 0.5, 0.01, 128, 1024, 2, 0.01, 4063380230) : -0.5966888024763697
(1.0, 0.001, 0.1, 128, 0, 0.5, 0.01, 128, 1024, 3, 0.01, 4063380230) : -0.5847035044419586
(1.0, 0.001, 0.1, 128, 0, 0.5, 0.01, 128, 1024, 4, 0.01, 4063380230) : -0.5930606604047184
(1.0, 0.001, 0.1, 128, 0, 0.5, 0.01, 128, 1024, 5, 0.01, 4063380230) : -0.6046153755097451
(1.0, 0.001, 0.1, 128, 0, 0.5, 0.01, 128, 1024, 6, 0.01, 4063380230) : -0.6050104464449535
(1.0, 0.001, 0.1, 128, 0, 0.5, 0.01, 128, 1024, 7, 0.01, 4063380230) : -0.601352711044822
(1.0, 0.001, 0.1, 128, 0, 0.5, 0.01, 128, 1024, 8, 0.01, 4063380230) : -0.5898704995945714
(1.0, 0.001, 0.1, 128, 0, 0.5, 0.01, 128, 1024, 9, 0.01, 4063380230) : -0.5834857389750054
(1.0, 0.001, 0.1, 128, 0, 0.5, 0.01, 128, 1024, 10, 0.01, 4063380230) : -0.5866640624537605
(1.0, 0.001, 0.1, 128, 0, 0.5, 0.01, 128, 1024, 11, 0.01, 4063380230) : -0.5821569985262522
(1.0, 0.001, 0.1, 128, 0, 0.5, 0.01, 128, 1024, 1, 0.001, 4063380231) : -0.608835384150997
(1.0, 0.001, 0.1, 128, 0, 0.5, 0.01, 128, 1024, 2, 0.001, 4063380231) : -0.6160842699621797
(1.0, 0.001, 0.1, 128, 0, 0.5, 0.01, 128, 1024, 3, 0.001, 4063380231) : -0.618555312890262
(1.0, 0.001, 0.1, 128, 0, 0.5, 0.01, 128, 1024, 4, 0.001, 4063380231) : -0.6105547565356866
(1.0, 0.001, 0.1, 128, 0, 0.5, 0.01, 128, 1024, 5, 0.001, 4063380231) : -0.6179649259870855
(1.0, 0.001, 0.1, 128, 0, 0.5, 0.01, 128, 1024, 6, 0.001, 4063380231) : -0.6101670839325982
(1.0, 0.001, 0.1, 128, 0, 0.5, 0.01, 128, 1024, 7, 0.001, 4063380231) : -0.6178953816651575
(1.0, 0.001, 0.1, 128, 0, 0.5, 0.01, 128, 1024, 8, 0.001, 4063380231) : -0.6166450635368762
(1.0, 0.001, 0.1, 128, 0, 0.5, 0.01, 128, 1024, 9, 0.001, 4063380231) : -0.6167442011872843
(1.0, 0.001, 0.1, 128, 0, 0.5, 0.01, 128, 1024, 10, 0.001, 4063380231) : -0.6192773901051747
(1.0, 0.001, 0.1, 128, 0, 0.5, 0.01, 128, 1024, 11, 0.001, 4063380231) : -0.6222234059553614
(1.0, 0.001, 0.1, 128, 0, 0.5, 0.01, 128, 1024, 12, 0.001, 4063380231) : -0.6171851417816367
(1.0, 0.001, 0.1, 128, 0, 0.5, 0.01, 128, 1024, 13, 0.001, 4063380231) : -0.608804311156093
(1.0, 0.001, 0.1, 128, 0, 0.5, 0.01, 128, 1024, 14, 0.001, 4063380231) : -0.6100664666157661
(1.0, 0.001, 0.1, 128, 0, 0.5, 0.01, 128, 1024, 15, 0.001, 4063380231) : -0.6138751279911456
(1.0, 0.001, 0.1, 128, 0, 0.5, 0.01, 128, 1024, 16, 0.001, 4063380231) : -0.6167086891931083
(1.0, 0.001, 0.1, 128, 0, 0.5, 0.01, 128, 1024, 17, 0.001, 4063380231) : -0.6169572731523405
(1.0, 0.001, 0.1, 128, 0, 0.5, 0.01, 128, 1024, 18, 0.001, 4063380231) : -0.6129606941411129
(1.0, 0.001, 0.1, 128, 0, 0.5, 0.01, 128, 1024, 19, 0.001, 4063380231) : -0.6128216054972567
(1.0, 0.001, 0.1, 128, 0, 0.5, 0.01, 128, 1024, 20, 0.001, 4063380231) : -0.6126470048592245
(1.0, 0.001, 0.1, 128, 0, 0.5, 0.01, 128, 1024, 21, 0.001, 4063380231) : -0.6118820173180158
(1.0, 0.001, 1, 0, 0, 0.25, 0.01, 128, 1024, 1, 0.01, 4063380232) : -0.6250170161638761
(1.0, 0.001, 1, 0, 0, 0.25, 0.01, 128, 1024, 2, 0.01, 4063380232) : -0.6176083263789012
(1.0, 0.001, 1, 0, 0, 0.25, 0.01, 128, 1024, 3, 0.01, 4063380232) : -0.6189370668276544
(1.0, 0.001, 1, 0, 0, 0.25, 0.01, 128, 1024, 4, 0.01, 4063380232) : -0.621664092047089
(1.0, 0.001, 1, 0, 0, 0.25, 0.01, 128, 1024, 5, 0.01, 4063380232) : -0.6232044247944744
(1.0, 0.001, 1, 0, 0, 0.25, 0.01, 128, 1024, 6, 0.01, 4063380232) : -0.6245967908994596
(1.0, 0.001, 1, 0, 0, 0.25, 0.01, 128, 1024, 7, 0.01, 4063380232) : -0.625036251827388
(1.0, 0.001, 1, 0, 0, 0.25, 0.01, 128, 1024, 8, 0.01, 4063380232) : -0.6272498327976941
(1.0, 0.001, 1, 0, 0, 0.25, 0.01, 128, 1024, 9, 0.01, 4063380232) : -0.6267955752055256
(1.0, 0.001, 1, 0, 0, 0.25, 0.01, 128, 1024, 10, 0.01, 4063380232) : -0.6251709014719722
(1.0, 0.001, 1, 0, 0, 0.25, 0.01, 128, 1024, 11, 0.01, 4063380232) : -0.627192125807158
(1.0, 0.001, 1, 0, 0, 0.25, 0.01, 128, 1024, 12, 0.01, 4063380232) : -0.6299827766828247
(1.0, 0.001, 1, 0, 0, 0.25, 0.01, 128, 1024, 13, 0.01, 4063380232) : -0.6286392395698314
(1.0, 0.001, 1, 0, 0, 0.25, 0.01, 128, 1024, 14, 0.01, 4063380232) : -0.6305657652538812
(1.0, 0.001, 1, 0, 0, 0.25, 0.01, 128, 1024, 15, 0.01, 4063380232) : -0.6274229537693022
(1.0, 0.001, 1, 0, 0, 0.25, 0.01, 128, 1024, 16, 0.01, 4063380232) : -0.6234189764259546
(1.0, 0.001, 1, 0, 0, 0.25, 0.01, 128, 1024, 17, 0.01, 4063380232) : -0.6289336931882077
(1.0, 0.001, 1, 0, 0, 0.25, 0.01, 128, 1024, 18, 0.01, 4063380232) : -0.6235136750770907
(1.0, 0.001, 1, 0, 0, 0.25, 0.01, 128, 1024, 19, 0.01, 4063380232) : -0.6232266197908344
(1.0, 0.001, 1, 0, 0, 0.25, 0.01, 128, 1024, 20, 0.01, 4063380232) : -0.6238125676947389
(1.0, 0.001, 1, 0, 0, 0.25, 0.01, 128, 1024, 21, 0.01, 4063380232) : -0.6150780967938588
(1.0, 0.001, 1, 0, 0, 0.25, 0.01, 128, 1024, 22, 0.01, 4063380232) : -0.6189814568203744
(1.0, 0.001, 1, 0, 0, 0.25, 0.01, 128, 1024, 23, 0.01, 4063380232) : -0.6149552844806667
(1.0, 0.001, 1, 0, 0, 0.25, 0.01, 128, 1024, 24, 0.01, 4063380232) : -0.6153148434216991
(1.0, 0.001, 1, 0, 0, 0.25, 0.01, 128, 1024, 1, 0.001, 4063380233) : -0.6262081476351972
(1.0, 0.001, 1, 0, 0, 0.25, 0.01, 128, 1024, 2, 0.001, 4063380233) : -0.6267926158726776
(1.0, 0.001, 1, 0, 0, 0.25, 0.01, 128, 1024, 3, 0.001, 4063380233) : -0.6266017389039815
(1.0, 0.001, 1, 0, 0, 0.25, 0.01, 128, 1024, 4, 0.001, 4063380233) : -0.6258367513627727
(1.0, 0.001, 1, 0, 0, 0.25, 0.01, 128, 1024, 5, 0.001, 4063380233) : -0.6258841006883408
(1.0, 0.001, 1, 0, 0, 0.25, 0.01, 128, 1024, 6, 0.001, 4063380233) : -0.6230490598199542
(1.0, 0.001, 1, 0, 0, 0.25, 0.01, 128, 1024, 7, 0.001, 4063380233) : -0.6243999952650674
(1.0, 0.001, 1, 0, 0, 0.25, 0.01, 128, 1024, 8, 0.001, 4063380233) : -0.6243186136117473
(1.0, 0.001, 1, 0, 0, 0.25, 0.01, 128, 1024, 9, 0.001, 4063380233) : -0.6242031996306753
(1.0, 0.001, 1, 0, 0, 0.25, 0.01, 128, 1024, 10, 0.001, 4063380233) : -0.6241736063021952
(1.0, 0.001, 1, 0, 0, 0.25, 0.01, 128, 1024, 11, 0.001, 4063380233) : -0.6252729984552282
(1.0, 0.001, 1, 0, 0, 0.25, 0.01, 128, 1024, 12, 0.001, 4063380233) : -0.6228803778476181
(1.0, 0.001, 1, 0, 0, 0.5, 0.01, 128, 1024, 1, 0.01, 4063380234) : -0.6332306444835076
(1.0, 0.001, 1, 0, 0, 0.5, 0.01, 128, 1024, 2, 0.01, 4063380234) : -0.6297386317228644
(1.0, 0.001, 1, 0, 0, 0.5, 0.01, 128, 1024, 3, 0.01, 4063380234) : -0.6327275578993472
(1.0, 0.001, 1, 0, 0, 0.5, 0.01, 128, 1024, 4, 0.01, 4063380234) : -0.6309090478642495
(1.0, 0.001, 1, 0, 0, 0.5, 0.01, 128, 1024, 5, 0.01, 4063380234) : -0.6343699876299886
(1.0, 0.001, 1, 0, 0, 0.5, 0.01, 128, 1024, 6, 0.01, 4063380234) : -0.6349352202039572
(1.0, 0.001, 1, 0, 0, 0.5, 0.01, 128, 1024, 7, 0.01, 4063380234) : -0.6347413839024131
(1.0, 0.001, 1, 0, 0, 0.5, 0.01, 128, 1024, 8, 0.01, 4063380234) : -0.6323576412933468
(1.0, 0.001, 1, 0, 0, 0.5, 0.01, 128, 1024, 9, 0.01, 4063380234) : -0.6275797984102464
(1.0, 0.001, 1, 0, 0, 0.5, 0.01, 128, 1024, 10, 0.01, 4063380234) : -0.623914664677995
(1.0, 0.001, 1, 0, 0, 0.5, 0.01, 128, 1024, 11, 0.01, 4063380234) : -0.6201577916274555
(1.0, 0.001, 1, 0, 0, 0.5, 0.01, 128, 1024, 12, 0.01, 4063380234) : -0.6211388104665684
(1.0, 0.001, 1, 0, 0, 0.5, 0.01, 128, 1024, 13, 0.01, 4063380234) : -0.6226480702190498
(1.0, 0.001, 1, 0, 0, 0.5, 0.01, 128, 1024, 14, 0.01, 4063380234) : -0.6225504122350657
(1.0, 0.001, 1, 0, 0, 0.5, 0.01, 128, 1024, 15, 0.01, 4063380234) : -0.6172324911072048
(1.0, 0.001, 1, 0, 0, 0.5, 0.01, 128, 1024, 16, 0.01, 4063380234) : -0.620720064868576
(1.0, 0.001, 1, 0, 0, 0.5, 0.01, 128, 1024, 1, 0.001, 4063380235) : -0.629260699467912
(1.0, 0.001, 1, 0, 0, 0.5, 0.01, 128, 1024, 2, 0.001, 4063380235) : -0.6284498422675592
(1.0, 0.001, 1, 0, 0, 0.5, 0.01, 128, 1024, 3, 0.001, 4063380235) : -0.6313440697929059
(1.0, 0.001, 1, 0, 0, 0.5, 0.01, 128, 1024, 4, 0.001, 4063380235) : -0.6306279112436892
(1.0, 0.001, 1, 0, 0, 0.5, 0.01, 128, 1024, 5, 0.001, 4063380235) : -0.6305524482560652
(1.0, 0.001, 1, 0, 0, 0.5, 0.01, 128, 1024, 6, 0.001, 4063380235) : -0.6304873429334091
(1.0, 0.001, 1, 0, 0, 0.5, 0.01, 128, 1024, 7, 0.001, 4063380235) : -0.6313233544629698
(1.0, 0.001, 1, 0, 0, 0.5, 0.01, 128, 1024, 8, 0.001, 4063380235) : -0.6311102824979137
(1.0, 0.001, 1, 0, 0, 0.5, 0.01, 128, 1024, 9, 0.001, 4063380235) : -0.6311724284877217
(1.0, 0.001, 1, 0, 0, 0.5, 0.01, 128, 1024, 10, 0.001, 4063380235) : -0.6299842563492486
(1.0, 0.001, 1, 0, 0, 0.5, 0.01, 128, 1024, 11, 0.001, 4063380235) : -0.6318294003799784
(1.0, 0.001, 1, 0, 0, 0.5, 0.01, 128, 1024, 12, 0.001, 4063380235) : -0.6314150937812579
(1.0, 0.001, 1, 0, 0, 0.5, 0.01, 128, 1024, 13, 0.001, 4063380235) : -0.6332291648170837
(1.0, 0.001, 1, 0, 0, 0.5, 0.01, 128, 1024, 14, 0.001, 4063380235) : -0.6338787383772202
(1.0, 0.001, 1, 0, 0, 0.5, 0.01, 128, 1024, 15, 0.001, 4063380235) : -0.6345135152731168
(1.0, 0.001, 1, 0, 0, 0.5, 0.01, 128, 1024, 16, 0.001, 4063380235) : -0.634664441248365
(1.0, 0.001, 1, 0, 0, 0.5, 0.01, 128, 1024, 17, 0.001, 4063380235) : -0.6358126623933901
(1.0, 0.001, 1, 0, 0, 0.5, 0.01, 128, 1024, 18, 0.001, 4063380235) : -0.633603520422356
(1.0, 0.001, 1, 0, 0, 0.5, 0.01, 128, 1024, 19, 0.001, 4063380235) : -0.6344927999431809
(1.0, 0.001, 1, 0, 0, 0.5, 0.01, 128, 1024, 20, 0.001, 4063380235) : -0.6331389051652195
(1.0, 0.001, 1, 0, 0, 0.5, 0.01, 128, 1024, 21, 0.001, 4063380235) : -0.6332720751433797
(1.0, 0.001, 1, 0, 0, 0.5, 0.01, 128, 1024, 22, 0.001, 4063380235) : -0.6332587581455636
(1.0, 0.001, 1, 0, 0, 0.5, 0.01, 128, 1024, 23, 0.001, 4063380235) : -0.6347724568973171
(1.0, 0.001, 1, 0, 0, 0.5, 0.01, 128, 1024, 24, 0.001, 4063380235) : -0.6359103203773742
(1.0, 0.001, 1, 0, 0, 0.5, 0.01, 128, 1024, 25, 0.001, 4063380235) : -0.6345431086015969
(1.0, 0.001, 1, 0, 0, 0.5, 0.01, 128, 1024, 26, 0.001, 4063380235) : -0.6333194244689477
(1.0, 0.001, 1, 0, 0, 0.5, 0.01, 128, 1024, 27, 0.001, 4063380235) : -0.6343300366365406
(1.0, 0.001, 1, 0, 0, 0.5, 0.01, 128, 1024, 28, 0.001, 4063380235) : -0.6308306255437774
(1.0, 0.001, 1, 0, 0, 0.5, 0.01, 128, 1024, 29, 0.001, 4063380235) : -0.6319063430340264
(1.0, 0.001, 1, 0, 0, 0.5, 0.01, 128, 1024, 30, 0.001, 4063380235) : -0.6320883420041786
(1.0, 0.001, 1, 0, 0, 0.5, 0.01, 128, 1024, 31, 0.001, 4063380235) : -0.6321134963333866
(1.0, 0.001, 1, 0, 0, 0.5, 0.01, 128, 1024, 32, 0.001, 4063380235) : -0.6310259415117456
(1.0, 0.001, 1, 0, 0, 0.5, 0.01, 128, 1024, 33, 0.001, 4063380235) : -0.6308794545357694
(1.0, 0.001, 1, 0, 0, 0.5, 0.01, 128, 1024, 34, 0.001, 4063380235) : -0.630395603615121
(1.0, 0.001, 1, 64, 0, 0.25, 0.01, 128, 1024, 1, 0.01, 4063380236) : -0.6225504122350657
(1.0, 0.001, 1, 64, 0, 0.25, 0.01, 128, 1024, 2, 0.01, 4063380236) : -0.6182534609397657
(1.0, 0.001, 1, 64, 0, 0.25, 0.01, 128, 1024, 3, 0.01, 4063380236) : -0.6198278260149032
(1.0, 0.001, 1, 64, 0, 0.25, 0.01, 128, 1024, 4, 0.01, 4063380236) : -0.6169143628260445
(1.0, 0.001, 1, 64, 0, 0.25, 0.01, 128, 1024, 5, 0.01, 4063380236) : -0.6159229863219636
(1.0, 0.001, 1, 64, 0, 0.25, 0.01, 128, 1024, 6, 0.01, 4063380236) : -0.6188216528465823
(1.0, 0.001, 1, 64, 0, 0.25, 0.01, 128, 1024, 7, 0.01, 4063380236) : -0.6188438478429423
(1.0, 0.001, 1, 64, 0, 0.25, 0.01, 128, 1024, 8, 0.01, 4063380236) : -0.6245361245760755
(1.0, 0.001, 1, 64, 0, 0.25, 0.01, 128, 1024, 9, 0.01, 4063380236) : -0.6258471090277408
(1.0, 0.001, 1, 64, 0, 0.25, 0.01, 128, 1024, 10, 0.01, 4063380236) : -0.6270767118260859
(1.0, 0.001, 1, 64, 0, 0.25, 0.01, 128, 1024, 11, 0.01, 4063380236) : -0.6294515764366081
(1.0, 0.001, 1, 64, 0, 0.25, 0.01, 128, 1024, 12, 0.01, 4063380236) : -0.6252818764537723
(1.0, 0.001, 1, 64, 0, 0.25, 0.01, 128, 1024, 13, 0.01, 4063380236) : -0.6214569387477287
(1.0, 0.001, 1, 64, 0, 0.25, 0.01, 128, 1024, 14, 0.01, 4063380236) : -0.6211432494658404
(1.0, 0.001, 1, 64, 0, 0.25, 0.01, 128, 1024, 15, 0.01, 4063380236) : -0.6171511094538847
(1.0, 0.001, 1, 64, 0, 0.25, 0.01, 128, 1024, 16, 0.01, 4063380236) : -0.6107308368401427
(1.0, 0.001, 1, 64, 0, 0.25, 0.01, 128, 1024, 17, 0.01, 4063380236) : -0.6017507413128784
(1.0, 0.001, 1, 64, 0, 0.25, 0.01, 128, 1024, 18, 0.01, 4063380236) : -0.5964032268565375
(1.0, 0.001, 1, 64, 0, 0.25, 0.01, 128, 1024, 19, 0.01, 4063380236) : -0.5990814230839799
(1.0, 0.001, 1, 64, 0, 0.25, 0.01, 128, 1024, 20, 0.01, 4063380236) : -0.6026252241694633
(1.0, 0.001, 1, 64, 0, 0.25, 0.01, 128, 1024, 21, 0.01, 4063380236) : -0.5966162988215936
(1.0, 0.001, 1, 64, 0, 0.25, 0.01, 128, 1024, 1, 0.001, 4063380237) : -0.6198810940061672
(1.0, 0.001, 1, 64, 0, 0.25, 0.01, 128, 1024, 2, 0.001, 4063380237) : -0.6216507750492729
(1.0, 0.001, 1, 64, 0, 0.25, 0.01, 128, 1024, 3, 0.001, 4063380237) : -0.6216300597193368
(1.0, 0.001, 1, 64, 0, 0.25, 0.01, 128, 1024, 4, 0.001, 4063380237) : -0.6226332735548098
(1.0, 0.001, 1, 64, 0, 0.25, 0.01, 128, 1024, 5, 0.001, 4063380237) : -0.6239457376728991
(1.0, 0.001, 1, 64, 0, 0.25, 0.01, 128, 1024, 6, 0.001, 4063380237) : -0.6276123510715744
(1.0, 0.001, 1, 64, 0, 0.25, 0.01, 128, 1024, 7, 0.001, 4063380237) : -0.6258648650248289
(1.0, 0.001, 1, 64, 0, 0.25, 0.01, 128, 1024, 8, 0.001, 4063380237) : -0.6261785543067171
(1.0, 0.001, 1, 64, 0, 0.25, 0.01, 128, 1024, 9, 0.001, 4063380237) : -0.6246382215593317
(1.0, 0.001, 1, 64, 0, 0.25, 0.01, 128, 1024, 10, 0.001, 4063380237) : -0.6243126949460513
(1.0, 0.001, 1, 64, 0, 0.25, 0.01, 128, 1024, 11, 0.001, 4063380237) : -0.6241528909722592
(1.0, 0.001, 1, 64, 0, 0.25, 0.01, 128, 1024, 12, 0.001, 4063380237) : -0.6231215634747302
(1.0, 0.001, 1, 64, 0, 0.25, 0.01, 128, 1024, 13, 0.001, 4063380237) : -0.6226613872168658
(1.0, 0.001, 1, 64, 0, 0.25, 0.01, 128, 1024, 14, 0.001, 4063380237) : -0.6214806134105127
(1.0, 0.001, 1, 64, 0, 0.25, 0.01, 128, 1024, 15, 0.001, 4063380237) : -0.6199373213302793
(1.0, 0.001, 1, 64, 0, 0.25, 0.01, 128, 1024, 16, 0.001, 4063380237) : -0.6207614955284481
(1.0, 0.001, 1, 64, 0, 0.5, 0.01, 128, 1024, 1, 0.01, 4063380238) : -0.6275827577430944
(1.0, 0.001, 1, 64, 0, 0.5, 0.01, 128, 1024, 2, 0.01, 4063380238) : -0.6242387116248513
(1.0, 0.001, 1, 64, 0, 0.5, 0.01, 128, 1024, 3, 0.01, 4063380238) : -0.6231052871440662
(1.0, 0.001, 1, 64, 0, 0.5, 0.01, 128, 1024, 4, 0.01, 4063380238) : -0.6261963103038051
(1.0, 0.001, 1, 64, 0, 0.5, 0.01, 128, 1024, 5, 0.01, 4063380238) : -0.6237356250406908
(1.0, 0.001, 1, 64, 0, 0.5, 0.01, 128, 1024, 6, 0.01, 4063380238) : -0.627143296815166
(1.0, 0.001, 1, 64, 0, 0.5, 0.01, 128, 1024, 7, 0.01, 4063380238) : -0.6300079310120327
(1.0, 0.001, 1, 64, 0, 0.5, 0.01, 128, 1024, 8, 0.01, 4063380238) : -0.6336508697479241
(1.0, 0.001, 1, 64, 0, 0.5, 0.01, 128, 1024, 9, 0.01, 4063380238) : -0.6326876069058991
(1.0, 0.001, 1, 64, 0, 0.5, 0.01, 128, 1024, 10, 0.01, 4063380238) : -0.6343640689642926
(1.0, 0.001, 1, 64, 0, 0.5, 0.01, 128, 1024, 11, 0.01, 4063380238) : -0.6298792000331446
(1.0, 0.001, 1, 64, 0, 0.5, 0.01, 128, 1024, 12, 0.01, 4063380238) : -0.6175964890475091
(1.0, 0.001, 1, 64, 0, 0.5, 0.01, 128, 1024, 13, 0.01, 4063380238) : -0.6017403836479104
(1.0, 0.001, 1, 64, 0, 0.5, 0.01, 128, 1024, 14, 0.01, 4063380238) : -0.5916949282953651
(1.0, 0.001, 1, 64, 0, 0.5, 0.01, 128, 1024, 15, 0.01, 4063380238) : -0.5975529276679865
(1.0, 0.001, 1, 64, 0, 0.5, 0.01, 128, 1024, 16, 0.01, 4063380238) : -0.6050548364376734
(1.0, 0.001, 1, 64, 0, 0.5, 0.01, 128, 1024, 17, 0.01, 4063380238) : -0.5860189278928958
(1.0, 0.001, 1, 64, 0, 0.5, 0.01, 128, 1024, 18, 0.01, 4063380238) : -0.574273335819173
(1.0, 0.001, 1, 64, 0, 0.5, 0.01, 128, 1024, 19, 0.01, 4063380238) : -0.5701998141538972
(1.0, 0.001, 1, 64, 0, 0.5, 0.01, 128, 1024, 20, 0.01, 4063380238) : -0.5662269098054534
(1.0, 0.001, 1, 64, 0, 0.5, 0.01, 128, 1024, 1, 0.001, 4063380239) : -0.6180537059725255
(1.0, 0.001, 1, 64, 0, 0.5, 0.01, 128, 1024, 2, 0.001, 4063380239) : -0.6202850429399196
(1.0, 0.001, 1, 64, 0, 0.5, 0.01, 128, 1024, 3, 0.001, 4063380239) : -0.6165991938777322
(1.0, 0.001, 1, 64, 0, 0.5, 0.01, 128, 1024, 4, 0.001, 4063380239) : -0.6190850334700545
(1.0, 0.001, 1, 64, 0, 0.5, 0.01, 128, 1024, 5, 0.001, 4063380239) : -0.6199609959930633
(1.0, 0.001, 1, 64, 0, 0.5, 0.01, 128, 1024, 6, 0.001, 4063380239) : -0.6237371047071149
(1.0, 0.001, 1, 64, 0, 0.5, 0.01, 128, 1024, 7, 0.001, 4063380239) : -0.6241247773102032
(1.0, 0.001, 1, 64, 0, 0.5, 0.01, 128, 1024, 8, 0.001, 4063380239) : -0.6216729700456329
(1.0, 0.001, 1, 64, 0, 0.5, 0.01, 128, 1024, 9, 0.001, 4063380239) : -0.6220695206472653
(1.0, 0.001, 1, 64, 0, 0.5, 0.01, 128, 1024, 10, 0.001, 4063380239) : -0.6218993590085051
(1.0, 0.001, 1, 64, 0, 0.5, 0.01, 128, 1024, 11, 0.001, 4063380239) : -0.6215412797338968
(1.0, 0.001, 1, 64, 0, 0.5, 0.01, 128, 1024, 12, 0.001, 4063380239) : -0.6225844445628178
(1.0, 0.001, 1, 64, 0, 0.5, 0.01, 128, 1024, 13, 0.001, 4063380239) : -0.6228862965133141
(1.0, 0.001, 1, 64, 0, 0.5, 0.01, 128, 1024, 14, 0.001, 4063380239) : -0.6259773196730529
(1.0, 0.001, 1, 64, 0, 0.5, 0.01, 128, 1024, 15, 0.001, 4063380239) : -0.626024668998621
(1.0, 0.001, 1, 64, 0, 0.5, 0.01, 128, 1024, 16, 0.001, 4063380239) : -0.6218490503500891
(1.0, 0.001, 1, 64, 0, 0.5, 0.01, 128, 1024, 17, 0.001, 4063380239) : -0.622904052510402
(1.0, 0.001, 1, 64, 0, 0.5, 0.01, 128, 1024, 18, 0.001, 4063380239) : -0.6236690400516107
(1.0, 0.001, 1, 64, 0, 0.5, 0.01, 128, 1024, 19, 0.001, 4063380239) : -0.6238436406896429
(1.0, 0.001, 1, 64, 0, 0.5, 0.01, 128, 1024, 20, 0.001, 4063380239) : -0.6244887752505075
(1.0, 0.001, 1, 64, 0, 0.5, 0.01, 128, 1024, 21, 0.001, 4063380239) : -0.6317494983930823
(1.0, 0.001, 1, 64, 0, 0.5, 0.01, 128, 1024, 22, 0.001, 4063380239) : -0.6315305077623301
(1.0, 0.001, 1, 64, 0, 0.5, 0.01, 128, 1024, 23, 0.001, 4063380239) : -0.6289070591925756
(1.0, 0.001, 1, 64, 0, 0.5, 0.01, 128, 1024, 24, 0.001, 4063380239) : -0.6280962019922228
(1.0, 0.001, 1, 64, 0, 0.5, 0.01, 128, 1024, 25, 0.001, 4063380239) : -0.6318338393792503
(1.0, 0.001, 1, 64, 0, 0.5, 0.01, 128, 1024, 26, 0.001, 4063380239) : -0.6302609539705368
(1.0, 0.001, 1, 64, 0, 0.5, 0.01, 128, 1024, 27, 0.001, 4063380239) : -0.6322999343028107
(1.0, 0.001, 1, 64, 0, 0.5, 0.01, 128, 1024, 28, 0.001, 4063380239) : -0.6322451866451227
(1.0, 0.001, 1, 64, 0, 0.5, 0.01, 128, 1024, 29, 0.001, 4063380239) : -0.6320927810034506
(1.0, 0.001, 1, 64, 0, 0.5, 0.01, 128, 1024, 30, 0.001, 4063380239) : -0.6306071959137532
(1.0, 0.001, 1, 64, 0, 0.5, 0.01, 128, 1024, 31, 0.001, 4063380239) : -0.6286910278946715
(1.0, 0.001, 1, 64, 0, 0.5, 0.01, 128, 1024, 32, 0.001, 4063380239) : -0.6308039915481454
(1.0, 0.001, 1, 64, 0, 0.5, 0.01, 128, 1024, 33, 0.001, 4063380239) : -0.6299960936806407
(1.0, 0.001, 1, 64, 0, 0.5, 0.01, 128, 1024, 34, 0.001, 4063380239) : -0.629296211462088
(1.0, 0.001, 1, 64, 0, 0.5, 0.01, 128, 1024, 35, 0.001, 4063380239) : -0.6289366525210557
(1.0, 0.001, 1, 64, 0, 0.5, 0.01, 128, 1024, 36, 0.001, 4063380239) : -0.628295956959463
(1.0, 0.001, 1, 64, 0, 0.5, 0.01, 128, 1024, 37, 0.001, 4063380239) : -0.6297874607148565
(1.0, 0.001, 1, 128, 0, 0.25, 0.01, 128, 1024, 1, 0.01, 4063380240) : -0.6199950283208153
(1.0, 0.001, 1, 128, 0, 0.25, 0.01, 128, 1024, 2, 0.01, 4063380240) : -0.6275235710861343
(1.0, 0.001, 1, 128, 0, 0.25, 0.01, 128, 1024, 3, 0.01, 4063380240) : -0.6235994957296827
(1.0, 0.001, 1, 128, 0, 0.25, 0.01, 128, 1024, 4, 0.01, 4063380240) : -0.6256651100575886
(1.0, 0.001, 1, 128, 0, 0.25, 0.01, 128, 1024, 5, 0.01, 4063380240) : -0.6258175156992608
(1.0, 0.001, 1, 128, 0, 0.25, 0.01, 128, 1024, 6, 0.01, 4063380240) : -0.6230594174849222
(1.0, 0.001, 1, 128, 0, 0.25, 0.01, 128, 1024, 7, 0.01, 4063380240) : -0.6280917629929509
(1.0, 0.001, 1, 128, 0, 0.25, 0.01, 128, 1024, 8, 0.01, 4063380240) : -0.6292592198014879
(1.0, 0.001, 1, 128, 0, 0.25, 0.01, 128, 1024, 9, 0.01, 4063380240) : -0.6291156921583598
(1.0, 0.001, 1, 128, 0, 0.25, 0.01, 128, 1024, 10, 0.01, 4063380240) : -0.6294737714329681
(1.0, 0.001, 1, 128, 0, 0.25, 0.01, 128, 1024, 11, 0.01, 4063380240) : -0.6257894020372047
(1.0, 0.001, 1, 128, 0, 0.25, 0.01, 128, 1024, 12, 0.01, 4063380240) : -0.6229306865060341
(1.0, 0.001, 1, 128, 0, 0.25, 0.01, 128, 1024, 13, 0.01, 4063380240) : -0.623966453002835
(1.0, 0.001, 1, 128, 0, 0.25, 0.01, 128, 1024, 14, 0.01, 4063380240) : -0.6274259131021502
(1.0, 0.001, 1, 128, 0, 0.25, 0.01, 128, 1024, 15, 0.01, 4063380240) : -0.6257168983824286
(1.0, 0.001, 1, 128, 0, 0.25, 0.01, 128, 1024, 16, 0.01, 4063380240) : -0.6252744781216523
(1.0, 0.001, 1, 128, 0, 0.25, 0.01, 128, 1024, 17, 0.01, 4063380240) : -0.6212660617790325
(1.0, 0.001, 1, 128, 0, 0.25, 0.01, 128, 1024, 18, 0.01, 4063380240) : -0.6181439656243897
(1.0, 0.001, 1, 128, 0, 0.25, 0.01, 128, 1024, 19, 0.01, 4063380240) : -0.6188542055079103
(1.0, 0.001, 1, 128, 0, 0.25, 0.01, 128, 1024, 20, 0.01, 4063380240) : -0.619533372396527
(1.0, 0.001, 1, 128, 0, 0.25, 0.01, 128, 1024, 1, 0.001, 4063380241) : -0.6222663162816575
(1.0, 0.001, 1, 128, 0, 0.25, 0.01, 128, 1024, 2, 0.001, 4063380241) : -0.6222026906254254
(1.0, 0.001, 1, 128, 0, 0.25, 0.01, 128, 1024, 3, 0.001, 4063380241) : -0.6198071106849672
(1.0, 0.001, 1, 128, 0, 0.25, 0.01, 128, 1024, 4, 0.001, 4063380241) : -0.6212483057819446
(1.0, 0.001, 1, 128, 0, 0.25, 0.01, 128, 1024, 5, 0.001, 4063380241) : -0.619635469379783
(1.0, 0.001, 1, 128, 0, 0.25, 0.01, 128, 1024, 6, 0.001, 4063380241) : -0.6194608687417509
(1.0, 0.001, 1, 128, 0, 0.25, 0.01, 128, 1024, 7, 0.001, 4063380241) : -0.6191235047970786
(1.0, 0.001, 1, 128, 0, 0.25, 0.01, 128, 1024, 8, 0.001, 4063380241) : -0.6200349793142634
(1.0, 0.001, 1, 128, 0, 0.25, 0.01, 128, 1024, 9, 0.001, 4063380241) : -0.6220961546428974
(1.0, 0.001, 1, 128, 0, 0.25, 0.01, 128, 1024, 10, 0.001, 4063380241) : -0.6202110596187196
(1.0, 0.001, 1, 128, 0, 0.25, 0.01, 128, 1024, 11, 0.001, 4063380241) : -0.620782210858384
(1.0, 0.001, 1, 128, 0, 0.5, 0.01, 128, 1024, 1, 0.01, 4063380242) : -0.6031771397456157
(1.0, 0.001, 1, 128, 0, 0.5, 0.01, 128, 1024, 2, 0.01, 4063380242) : -0.6125034772160964
(1.0, 0.001, 1, 128, 0, 0.5, 0.01, 128, 1024, 3, 0.01, 4063380242) : -0.6048491628047373
(1.0, 0.001, 1, 128, 0, 0.5, 0.01, 128, 1024, 4, 0.01, 4063380242) : -0.6105044478772705
(1.0, 0.001, 1, 128, 0, 0.5, 0.01, 128, 1024, 5, 0.01, 4063380242) : -0.6085557271968607
(1.0, 0.001, 1, 128, 0, 0.5, 0.01, 128, 1024, 6, 0.01, 4063380242) : -0.6173952544138449
(1.0, 0.001, 1, 128, 0, 0.5, 0.01, 128, 1024, 7, 0.01, 4063380242) : -0.6194490314103589
(1.0, 0.001, 1, 128, 0, 0.5, 0.01, 128, 1024, 8, 0.01, 4063380242) : -0.6217528720325289
(1.0, 0.001, 1, 128, 0, 0.5, 0.01, 128, 1024, 9, 0.01, 4063380242) : -0.6236009753961067
(1.0, 0.001, 1, 128, 0, 0.5, 0.01, 128, 1024, 10, 0.01, 4063380242) : -0.6257627680415727
(1.0, 0.001, 1, 128, 0, 0.5, 0.01, 128, 1024, 11, 0.01, 4063380242) : -0.6247358795433158
(1.0, 0.001, 1, 128, 0, 0.5, 0.01, 128, 1024, 12, 0.01, 4063380242) : -0.6237696573684428
(1.0, 0.001, 1, 128, 0, 0.5, 0.01, 128, 1024, 13, 0.01, 4063380242) : -0.6213533620980486
(1.0, 0.001, 1, 128, 0, 0.5, 0.01, 128, 1024, 14, 0.01, 4063380242) : -0.6213178501038726
(1.0, 0.001, 1, 128, 0, 0.5, 0.01, 128, 1024, 15, 0.01, 4063380242) : -0.6178066016797173
(1.0, 0.001, 1, 128, 0, 0.5, 0.01, 128, 1024, 16, 0.01, 4063380242) : -0.6187787425202862
(1.0, 0.001, 1, 128, 0, 0.5, 0.01, 128, 1024, 17, 0.01, 4063380242) : -0.6223580555999455
(1.0, 0.001, 1, 128, 0, 0.5, 0.01, 128, 1024, 18, 0.01, 4063380242) : -0.6244266292606995
(1.0, 0.001, 1, 128, 0, 0.5, 0.01, 128, 1024, 19, 0.01, 4063380242) : -0.6270426794983339
(1.0, 0.001, 1, 128, 0, 0.5, 0.01, 128, 1024, 20, 0.01, 4063380242) : -0.6276952123913185
(1.0, 0.001, 1, 128, 0, 0.5, 0.01, 128, 1024, 21, 0.01, 4063380242) : -0.6312804441366738
(1.0, 0.001, 1, 128, 0, 0.5, 0.01, 128, 1024, 22, 0.01, 4063380242) : -0.6272616701290861
(1.0, 0.001, 1, 128, 0, 0.5, 0.01, 128, 1024, 23, 0.01, 4063380242) : -0.6309859905182975
(1.0, 0.001, 1, 128, 0, 0.5, 0.01, 128, 1024, 24, 0.01, 4063380242) : -0.6326417372467551
(1.0, 0.001, 1, 128, 0, 0.5, 0.01, 128, 1024, 25, 0.01, 4063380242) : -0.6322954953035388
(1.0, 0.001, 1, 128, 0, 0.5, 0.01, 128, 1024, 26, 0.01, 4063380242) : -0.6297874607148565
(1.0, 0.001, 1, 128, 0, 0.5, 0.01, 128, 1024, 27, 0.01, 4063380242) : -0.6338210313866842
(1.0, 0.001, 1, 128, 0, 0.5, 0.01, 128, 1024, 28, 0.01, 4063380242) : -0.6358126623933901
(1.0, 0.001, 1, 128, 0, 0.5, 0.01, 128, 1024, 29, 0.01, 4063380242) : -0.6348627165491811
(1.0, 0.001, 1, 128, 0, 0.5, 0.01, 128, 1024, 30, 0.01, 4063380242) : -0.6342871263102446
(1.0, 0.001, 1, 128, 0, 0.5, 0.01, 128, 1024, 31, 0.01, 4063380242) : -0.6303245796267689
(1.0, 0.001, 1, 128, 0, 0.5, 0.01, 128, 1024, 32, 0.01, 4063380242) : -0.6312301354782578
(1.0, 0.001, 1, 128, 0, 0.5, 0.01, 128, 1024, 33, 0.01, 4063380242) : -0.6313174357972738
(1.0, 0.001, 1, 128, 0, 0.5, 0.01, 128, 1024, 34, 0.01, 4063380242) : -0.632523363932835
(1.0, 0.001, 1, 128, 0, 0.5, 0.01, 128, 1024, 35, 0.01, 4063380242) : -0.6323014139692348
(1.0, 0.001, 1, 128, 0, 0.5, 0.01, 128, 1024, 36, 0.01, 4063380242) : -0.6310303805110176
(1.0, 0.001, 1, 128, 0, 0.5, 0.01, 128, 1024, 37, 0.01, 4063380242) : -0.6164201542404281
(1.0, 0.001, 1, 128, 0, 0.5, 0.01, 128, 1024, 38, 0.01, 4063380242) : -0.617387856081725
(1.0, 0.001, 1, 128, 0, 0.5, 0.01, 128, 1024, 1, 0.001, 4063380243) : -0.6338106737217162
(1.0, 0.001, 1, 128, 0, 0.5, 0.01, 128, 1024, 2, 0.001, 4063380243) : -0.6266239339003415
(1.0, 0.001, 1, 128, 0, 0.5, 0.01, 128, 1024, 3, 0.001, 4063380243) : -0.6200453369792314
(1.0, 0.001, 1, 128, 0, 0.5, 0.01, 128, 1024, 4, 0.001, 4063380243) : -0.621847570683665
(1.0, 0.001, 1, 128, 0, 0.5, 0.01, 128, 1024, 5, 0.001, 4063380243) : -0.6237800150334109
(1.0, 0.001, 1, 128, 0, 0.5, 0.01, 128, 1024, 6, 0.001, 4063380243) : -0.6238406813567949
(1.0, 0.001, 1, 128, 0, 0.5, 0.01, 128, 1024, 7, 0.001, 4063380243) : -0.6311472741585137
(1.0, 0.001, 1, 128, 0, 0.5, 0.01, 128, 1024, 8, 0.001, 4063380243) : -0.6334821877755878
(1.0, 0.001, 1, 128, 0, 0.5, 0.01, 128, 1024, 9, 0.001, 4063380243) : -0.6318782293719704
(1.0, 0.001, 1, 128, 0, 0.5, 0.01, 128, 1024, 10, 0.001, 4063380243) : -0.6266786815580295
(1.0, 0.001, 1, 128, 0, 0.5, 0.01, 128, 1024, 11, 0.001, 4063380243) : -0.6263383582805092
(1.0, 0.01, 0.1, 0, 0, 0.25, 0.01, 128, 1024, 1, 0.01, 4063380244) : -0.6172369301064768
(1.0, 0.01, 0.1, 0, 0, 0.25, 0.01, 128, 1024, 2, 0.01, 4063380244) : -0.6149612031463627
(1.0, 0.01, 0.1, 0, 0, 0.25, 0.01, 128, 1024, 3, 0.01, 4063380244) : -0.6068378344785952
(1.0, 0.01, 0.1, 0, 0, 0.25, 0.01, 128, 1024, 4, 0.01, 4063380244) : -0.6057917103168262
(1.0, 0.01, 0.1, 0, 0, 0.25, 0.01, 128, 1024, 5, 0.01, 4063380244) : -0.6102854572465184
(1.0, 0.01, 0.1, 0, 0, 0.25, 0.01, 128, 1024, 6, 0.01, 4063380244) : -0.6035381783530721
(1.0, 0.01, 0.1, 0, 0, 0.25, 0.01, 128, 1024, 7, 0.01, 4063380244) : -0.6011603544097018
(1.0, 0.01, 0.1, 0, 0, 0.25, 0.01, 128, 1024, 8, 0.01, 4063380244) : -0.5979021289440508
(1.0, 0.01, 0.1, 0, 0, 0.25, 0.01, 128, 1024, 9, 0.01, 4063380244) : -0.6057428813248341
(1.0, 0.01, 0.1, 0, 0, 0.25, 0.01, 128, 1024, 10, 0.01, 4063380244) : -0.6068985008019792
(1.0, 0.01, 0.1, 0, 0, 0.25, 0.01, 128, 1024, 11, 0.01, 4063380244) : -0.6070775404392834
(1.0, 0.01, 0.1, 0, 0, 0.25, 0.01, 128, 1024, 1, 0.001, 4063380245) : -0.6232576927857384
(1.0, 0.01, 0.1, 0, 0, 0.25, 0.01, 128, 1024, 2, 0.001, 4063380245) : -0.6215042880732967
(1.0, 0.01, 0.1, 0, 0, 0.25, 0.01, 128, 1024, 3, 0.001, 4063380245) : -0.6214406624170647
(1.0, 0.01, 0.1, 0, 0, 0.25, 0.01, 128, 1024, 4, 0.001, 4063380245) : -0.6179427309907255
(1.0, 0.01, 0.1, 0, 0, 0.25, 0.01, 128, 1024, 5, 0.001, 4063380245) : -0.6172162147765408
(1.0, 0.01, 0.1, 0, 0, 0.25, 0.01, 128, 1024, 6, 0.001, 4063380245) : -0.6191738134554946
(1.0, 0.01, 0.1, 0, 0, 0.25, 0.01, 128, 1024, 7, 0.001, 4063380245) : -0.6189992128174624
(1.0, 0.01, 0.1, 0, 0, 0.25, 0.01, 128, 1024, 8, 0.001, 4063380245) : -0.6194209177483028
(1.0, 0.01, 0.1, 0, 0, 0.25, 0.01, 128, 1024, 9, 0.001, 4063380245) : -0.6194786247388389
(1.0, 0.01, 0.1, 0, 0, 0.25, 0.01, 128, 1024, 10, 0.001, 4063380245) : -0.6187003201998141
(1.0, 0.01, 0.1, 0, 0, 0.25, 0.01, 128, 1024, 11, 0.001, 4063380245) : -0.6222204466225134
(1.0, 0.01, 0.1, 0, 0, 0.5, 0.01, 128, 1024, 1, 0.01, 4063380246) : -0.6122889255846162
(1.0, 0.01, 0.1, 0, 0, 0.5, 0.01, 128, 1024, 2, 0.01, 4063380246) : -0.6087776771604609
(1.0, 0.01, 0.1, 0, 0, 0.5, 0.01, 128, 1024, 3, 0.01, 4063380246) : -0.5933432766917026
(1.0, 0.01, 0.1, 0, 0, 0.5, 0.01, 128, 1024, 4, 0.01, 4063380246) : -0.5841752635285901
(1.0, 0.01, 0.1, 0, 0, 0.5, 0.01, 128, 1024, 5, 0.01, 4063380246) : -0.5762812431565428
(1.0, 0.01, 0.1, 0, 0, 0.5, 0.01, 128, 1024, 6, 0.01, 4063380246) : -0.5821111288671083
(1.0, 0.01, 0.1, 0, 0, 0.5, 0.01, 128, 1024, 7, 0.01, 4063380246) : -0.5861299028746959
(1.0, 0.01, 0.1, 0, 0, 0.5, 0.01, 128, 1024, 8, 0.01, 4063380246) : -0.5994291446936203
(1.0, 0.01, 0.1, 0, 0, 0.5, 0.01, 128, 1024, 9, 0.01, 4063380246) : -0.6020925442568228
(1.0, 0.01, 0.1, 0, 0, 0.5, 0.01, 128, 1024, 10, 0.01, 4063380246) : -0.5906591617985641
(1.0, 0.01, 0.1, 0, 0, 0.5, 0.01, 128, 1024, 11, 0.01, 4063380246) : -0.5968678421136739
(1.0, 0.01, 0.1, 0, 0, 0.5, 0.01, 128, 1024, 1, 0.001, 4063380247) : -0.6091609107642773
(1.0, 0.01, 0.1, 0, 0, 0.5, 0.01, 128, 1024, 2, 0.001, 4063380247) : -0.6071367270962434
(1.0, 0.01, 0.1, 0, 0, 0.5, 0.01, 128, 1024, 3, 0.001, 4063380247) : -0.61214243860864
(1.0, 0.01, 0.1, 0, 0, 0.5, 0.01, 128, 1024, 4, 0.001, 4063380247) : -0.6111466231052871
(1.0, 0.01, 0.1, 0, 0, 0.5, 0.01, 128, 1024, 5, 0.001, 4063380247) : -0.614273158259202
(1.0, 0.01, 0.1, 0, 0, 0.5, 0.01, 128, 1024, 6, 0.001, 4063380247) : -0.6158667589978515
(1.0, 0.01, 0.1, 0, 0, 0.5, 0.01, 128, 1024, 7, 0.001, 4063380247) : -0.6193528530927987
(1.0, 0.01, 0.1, 0, 0, 0.5, 0.01, 128, 1024, 8, 0.001, 4063380247) : -0.6183082085974538
(1.0, 0.01, 0.1, 0, 0, 0.5, 0.01, 128, 1024, 9, 0.001, 4063380247) : -0.6166909331960203
(1.0, 0.01, 0.1, 0, 0, 0.5, 0.01, 128, 1024, 10, 0.001, 4063380247) : -0.6190110501488545
(1.0, 0.01, 0.1, 0, 0, 0.5, 0.01, 128, 1024, 11, 0.001, 4063380247) : -0.6121986659327521
(1.0, 0.01, 0.1, 0, 0, 0.5, 0.01, 128, 1024, 12, 0.001, 4063380247) : -0.6117384896748876
(1.0, 0.01, 0.1, 0, 0, 0.5, 0.01, 128, 1024, 13, 0.001, 4063380247) : -0.6135777150399214
(1.0, 0.01, 0.1, 0, 0, 0.5, 0.01, 128, 1024, 14, 0.001, 4063380247) : -0.6156240937043153
(1.0, 0.01, 0.1, 0, 0, 0.5, 0.01, 128, 1024, 15, 0.001, 4063380247) : -0.6162662689323319
(1.0, 0.01, 0.1, 0, 0, 0.5, 0.01, 128, 1024, 16, 0.001, 4063380247) : -0.6170460531377806
(1.0, 0.01, 0.1, 0, 0, 0.5, 0.01, 128, 1024, 17, 0.001, 4063380247) : -0.617512148061341
(1.0, 0.01, 0.1, 64, 0, 0.25, 0.01, 128, 1024, 1, 0.01, 4063380248) : -0.623941298673627
(1.0, 0.01, 0.1, 64, 0, 0.25, 0.01, 128, 1024, 2, 0.01, 4063380248) : -0.6209242588350882
(1.0, 0.01, 0.1, 64, 0, 0.25, 0.01, 128, 1024, 3, 0.01, 4063380248) : -0.6210529898139764
(1.0, 0.01, 0.1, 64, 0, 0.25, 0.01, 128, 1024, 4, 0.01, 4063380248) : -0.6195082180673189
(1.0, 0.01, 0.1, 64, 0, 0.25, 0.01, 128, 1024, 5, 0.01, 4063380248) : -0.6188527258414863
(1.0, 0.01, 0.1, 64, 0, 0.25, 0.01, 128, 1024, 6, 0.01, 4063380248) : -0.6207970075226241
(1.0, 0.01, 0.1, 64, 0, 0.25, 0.01, 128, 1024, 7, 0.01, 4063380248) : -0.6114913853820795
(1.0, 0.01, 0.1, 64, 0, 0.25, 0.01, 128, 1024, 8, 0.01, 4063380248) : -0.6115106210455915
(1.0, 0.01, 0.1, 64, 0, 0.25, 0.01, 128, 1024, 9, 0.01, 4063380248) : -0.6106982841788148
(1.0, 0.01, 0.1, 64, 0, 0.25, 0.01, 128, 1024, 10, 0.01, 4063380248) : -0.6094538847162295
(1.0, 0.01, 0.1, 64, 0, 0.25, 0.01, 128, 1024, 11, 0.01, 4063380248) : -0.595901619938801
(1.0, 0.01, 0.1, 64, 0, 0.25, 0.01, 128, 1024, 1, 0.001, 4063380249) : -0.6279822676775748
(1.0, 0.01, 0.1, 64, 0, 0.25, 0.01, 128, 1024, 2, 0.001, 4063380249) : -0.628270802630255
(1.0, 0.01, 0.1, 64, 0, 0.25, 0.01, 128, 1024, 3, 0.001, 4063380249) : -0.6286999058932154
(1.0, 0.01, 0.1, 64, 0, 0.25, 0.01, 128, 1024, 4, 0.001, 4063380249) : -0.6287946045443515
(1.0, 0.01, 0.1, 64, 0, 0.25, 0.01, 128, 1024, 5, 0.001, 4063380249) : -0.6274599454299022
(1.0, 0.01, 0.1, 64, 0, 0.25, 0.01, 128, 1024, 6, 0.001, 4063380249) : -0.626060180992797
(1.0, 0.01, 0.1, 64, 0, 0.25, 0.01, 128, 1024, 7, 0.001, 4063380249) : -0.6278594553643827
(1.0, 0.01, 0.1, 64, 0, 0.25, 0.01, 128, 1024, 8, 0.001, 4063380249) : -0.6290550258349757
(1.0, 0.01, 0.1, 64, 0, 0.25, 0.01, 128, 1024, 9, 0.001, 4063380249) : -0.6293997881117681
(1.0, 0.01, 0.1, 64, 0, 0.25, 0.01, 128, 1024, 10, 0.001, 4063380249) : -0.6297948590469764
(1.0, 0.01, 0.1, 64, 0, 0.25, 0.01, 128, 1024, 11, 0.001, 4063380249) : -0.6296069414111283
(1.0, 0.01, 0.1, 64, 0, 0.25, 0.01, 128, 1024, 12, 0.001, 4063380249) : -0.6300020123463367
(1.0, 0.01, 0.1, 64, 0, 0.25, 0.01, 128, 1024, 13, 0.001, 4063380249) : -0.6289218558568156
(1.0, 0.01, 0.1, 64, 0, 0.25, 0.01, 128, 1024, 14, 0.001, 4063380249) : -0.6278949673585587
(1.0, 0.01, 0.1, 64, 0, 0.25, 0.01, 128, 1024, 15, 0.001, 4063380249) : -0.62712997981735
(1.0, 0.01, 0.1, 64, 0, 0.25, 0.01, 128, 1024, 16, 0.001, 4063380249) : -0.6276449037329025
(1.0, 0.01, 0.1, 64, 0, 0.25, 0.01, 128, 1024, 17, 0.001, 4063380249) : -0.6276730173949585
(1.0, 0.01, 0.1, 64, 0, 0.25, 0.01, 128, 1024, 18, 0.001, 4063380249) : -0.6278831300271667
(1.0, 0.01, 0.1, 64, 0, 0.25, 0.01, 128, 1024, 19, 0.001, 4063380249) : -0.6275176524204383
(1.0, 0.01, 0.1, 64, 0, 0.25, 0.01, 128, 1024, 20, 0.001, 4063380249) : -0.6267748598755897
(1.0, 0.01, 0.1, 64, 0, 0.25, 0.01, 128, 1024, 21, 0.001, 4063380249) : -0.6255201027480365
(1.0, 0.01, 0.1, 64, 0, 0.25, 0.01, 128, 1024, 22, 0.001, 4063380249) : -0.6262895292885172
(1.0, 0.01, 0.1, 64, 0, 0.5, 0.01, 128, 1024, 1, 0.01, 4063380250) : -0.6156492480335233
(1.0, 0.01, 0.1, 64, 0, 0.5, 0.01, 128, 1024, 2, 0.01, 4063380250) : -0.5837136076043017
(1.0, 0.01, 0.1, 64, 0, 0.5, 0.01, 128, 1024, 3, 0.01, 4063380250) : -0.584144190533686
(1.0, 0.01, 0.1, 64, 0, 0.5, 0.01, 128, 1024, 4, 0.01, 4063380250) : -0.5921758198831656
(1.0, 0.01, 0.1, 64, 0, 0.5, 0.01, 128, 1024, 5, 0.01, 4063380250) : -0.5753031836502779
(1.0, 0.01, 0.1, 64, 0, 0.5, 0.01, 128, 1024, 6, 0.01, 4063380250) : -0.6020392762655586
(1.0, 0.01, 0.1, 64, 0, 0.5, 0.01, 128, 1024, 7, 0.01, 4063380250) : -0.5736355995904283
(1.0, 0.01, 0.1, 64, 0, 0.5, 0.01, 128, 1024, 8, 0.01, 4063380250) : -0.5841708245293181
(1.0, 0.01, 0.1, 64, 0, 0.5, 0.01, 128, 1024, 9, 0.01, 4063380250) : -0.5817634072574679
(1.0, 0.01, 0.1, 64, 0, 0.5, 0.01, 128, 1024, 10, 0.01, 4063380250) : -0.5749820960362696
(1.0, 0.01, 0.1, 64, 0, 0.5, 0.01, 128, 1024, 11, 0.01, 4063380250) : -0.5853368016714312
(1.0, 0.01, 0.1, 64, 0, 0.5, 0.01, 128, 1024, 1, 0.001, 4063380251) : -0.6155219967210592
(1.0, 0.01, 0.1, 64, 0, 0.5, 0.01, 128, 1024, 2, 0.001, 4063380251) : -0.617387856081725
(1.0, 0.01, 0.1, 64, 0, 0.5, 0.01, 128, 1024, 3, 0.001, 4063380251) : -0.6166657788668123
(1.0, 0.01, 0.1, 64, 0, 0.5, 0.01, 128, 1024, 4, 0.001, 4063380251) : -0.6187180761969022
(1.0, 0.01, 0.1, 64, 0, 0.5, 0.01, 128, 1024, 5, 0.001, 4063380251) : -0.6206090898867759
(1.0, 0.01, 0.1, 64, 0, 0.5, 0.01, 128, 1024, 6, 0.001, 4063380251) : -0.6202214172836875
(1.0, 0.01, 0.1, 64, 0, 0.5, 0.01, 128, 1024, 7, 0.001, 4063380251) : -0.6189178311641423
(1.0, 0.01, 0.1, 64, 0, 0.5, 0.01, 128, 1024, 8, 0.001, 4063380251) : -0.6172295317743568
(1.0, 0.01, 0.1, 64, 0, 0.5, 0.01, 128, 1024, 9, 0.001, 4063380251) : -0.6174795954000131
(1.0, 0.01, 0.1, 64, 0, 0.5, 0.01, 128, 1024, 10, 0.001, 4063380251) : -0.6206194475517439
(1.0, 0.01, 0.1, 64, 0, 0.5, 0.01, 128, 1024, 11, 0.001, 4063380251) : -0.6258041987014448
(1.0, 0.01, 0.1, 64, 0, 0.5, 0.01, 128, 1024, 12, 0.001, 4063380251) : -0.6242505489562433
(1.0, 0.01, 0.1, 64, 0, 0.5, 0.01, 128, 1024, 13, 0.001, 4063380251) : -0.6182860136010938
(1.0, 0.01, 0.1, 64, 0, 0.5, 0.01, 128, 1024, 14, 0.001, 4063380251) : -0.6167234858573484
(1.0, 0.01, 0.1, 64, 0, 0.5, 0.01, 128, 1024, 15, 0.001, 4063380251) : -0.6181350876258457
(1.0, 0.01, 0.1, 64, 0, 0.5, 0.01, 128, 1024, 16, 0.001, 4063380251) : -0.6184058665814379
(1.0, 0.01, 0.1, 64, 0, 0.5, 0.01, 128, 1024, 17, 0.001, 4063380251) : -0.619594038719911
(1.0, 0.01, 0.1, 64, 0, 0.5, 0.01, 128, 1024, 18, 0.001, 4063380251) : -0.6221730972969454
(1.0, 0.01, 0.1, 64, 0, 0.5, 0.01, 128, 1024, 19, 0.001, 4063380251) : -0.6111939724308552
(1.0, 0.01, 0.1, 64, 0, 0.5, 0.01, 128, 1024, 20, 0.001, 4063380251) : -0.6086445071823008
(1.0, 0.01, 0.1, 64, 0, 0.5, 0.01, 128, 1024, 21, 0.001, 4063380251) : -0.6076383340139799
(1.0, 0.01, 0.1, 128, 0, 0.25, 0.01, 128, 1024, 1, 0.01, 4063380252) : -0.628229371970383
(1.0, 0.01, 0.1, 128, 0, 0.25, 0.01, 128, 1024, 2, 0.01, 4063380252) : -0.613077587788609
(1.0, 0.01, 0.1, 128, 0, 0.25, 0.01, 128, 1024, 3, 0.01, 4063380252) : -0.5879794859046976
(1.0, 0.01, 0.1, 128, 0, 0.25, 0.01, 128, 1024, 4, 0.01, 4063380252) : -0.5889856590730186
(1.0, 0.01, 0.1, 128, 0, 0.25, 0.01, 128, 1024, 5, 0.01, 4063380252) : -0.5803414478240025
(1.0, 0.01, 0.1, 128, 0, 0.25, 0.01, 128, 1024, 6, 0.01, 4063380252) : -0.5846265617879105
(1.0, 0.01, 0.1, 128, 0, 0.25, 0.01, 128, 1024, 7, 0.01, 4063380252) : -0.5896529886302432
(1.0, 0.01, 0.1, 128, 0, 0.25, 0.01, 128, 1024, 8, 0.01, 4063380252) : -0.5845007901418704
(1.0, 0.01, 0.1, 128, 0, 0.25, 0.01, 128, 1024, 9, 0.01, 4063380252) : -0.5859627005687837
(1.0, 0.01, 0.1, 128, 0, 0.25, 0.01, 128, 1024, 10, 0.01, 4063380252) : -0.5908959084264044
(1.0, 0.01, 0.1, 128, 0, 0.25, 0.01, 128, 1024, 11, 0.01, 4063380252) : -0.6011485170783099
(1.0, 0.01, 0.1, 128, 0, 0.25, 0.01, 128, 1024, 1, 0.001, 4063380253) : -0.6224645915824737
(1.0, 0.01, 0.1, 128, 0, 0.25, 0.01, 128, 1024, 2, 0.001, 4063380253) : -0.6212305497848565
(1.0, 0.01, 0.1, 128, 0, 0.25, 0.01, 128, 1024, 3, 0.001, 4063380253) : -0.62276644353297
(1.0, 0.01, 0.1, 128, 0, 0.25, 0.01, 128, 1024, 4, 0.001, 4063380253) : -0.6242475896233953
(1.0, 0.01, 0.1, 128, 0, 0.25, 0.01, 128, 1024, 5, 0.001, 4063380253) : -0.6226184768905698
(1.0, 0.01, 0.1, 128, 0, 0.25, 0.01, 128, 1024, 6, 0.001, 4063380253) : -0.6278106263723906
(1.0, 0.01, 0.1, 128, 0, 0.25, 0.01, 128, 1024, 7, 0.001, 4063380253) : -0.6296128600768243
(1.0, 0.01, 0.1, 128, 0, 0.25, 0.01, 128, 1024, 8, 0.001, 4063380253) : -0.631499434767426
(1.0, 0.01, 0.1, 128, 0, 0.25, 0.01, 128, 1024, 9, 0.001, 4063380253) : -0.631524589096634
(1.0, 0.01, 0.1, 128, 0, 0.25, 0.01, 128, 1024, 10, 0.001, 4063380253) : -0.6313840207863539
(1.0, 0.01, 0.1, 128, 0, 0.25, 0.01, 128, 1024, 11, 0.001, 4063380253) : -0.6298777203667205
(1.0, 0.01, 0.1, 128, 0, 0.25, 0.01, 128, 1024, 12, 0.001, 4063380253) : -0.6315852554200181
(1.0, 0.01, 0.1, 128, 0, 0.25, 0.01, 128, 1024, 13, 0.001, 4063380253) : -0.630320140627497
(1.0, 0.01, 0.1, 128, 0, 0.25, 0.01, 128, 1024, 14, 0.001, 4063380253) : -0.6298422083725445
(1.0, 0.01, 0.1, 128, 0, 0.25, 0.01, 128, 1024, 15, 0.001, 4063380253) : -0.6273815231094302
(1.0, 0.01, 0.1, 128, 0, 0.25, 0.01, 128, 1024, 16, 0.001, 4063380253) : -0.6287368975538155
(1.0, 0.01, 0.1, 128, 0, 0.25, 0.01, 128, 1024, 17, 0.001, 4063380253) : -0.6284809152624632
(1.0, 0.01, 0.1, 128, 0, 0.25, 0.01, 128, 1024, 18, 0.001, 4063380253) : -0.6266727628923335
(1.0, 0.01, 0.1, 128, 0, 0.25, 0.01, 128, 1024, 19, 0.001, 4063380253) : -0.6246470995578757
(1.0, 0.01, 0.1, 128, 0, 0.25, 0.01, 128, 1024, 20, 0.001, 4063380253) : -0.6268769568588457
(1.0, 0.01, 0.1, 128, 0, 0.25, 0.01, 128, 1024, 21, 0.001, 4063380253) : -0.6259492060109969
(1.0, 0.01, 0.1, 128, 0, 0.25, 0.01, 128, 1024, 22, 0.001, 4063380253) : -0.6258988973525809
(1.0, 0.01, 0.1, 128, 0, 0.5, 0.01, 128, 1024, 1, 0.01, 4063380254) : -0.6189104328320223
(1.0, 0.01, 0.1, 128, 0, 0.5, 0.01, 128, 1024, 2, 0.01, 4063380254) : -0.6158785963292436
(1.0, 0.01, 0.1, 128, 0, 0.5, 0.01, 128, 1024, 3, 0.01, 4063380254) : -0.6149967151405387
(1.0, 0.01, 0.1, 128, 0, 0.5, 0.01, 128, 1024, 4, 0.01, 4063380254) : -0.6236438857224027
(1.0, 0.01, 0.1, 128, 0, 0.5, 0.01, 128, 1024, 5, 0.01, 4063380254) : -0.6266964375551176
(1.0, 0.01, 0.1, 128, 0, 0.5, 0.01, 128, 1024, 6, 0.01, 4063380254) : -0.6226480702190498
(1.0, 0.01, 0.1, 128, 0, 0.5, 0.01, 128, 1024, 7, 0.01, 4063380254) : -0.6261933509709571
(1.0, 0.01, 0.1, 128, 0, 0.5, 0.01, 128, 1024, 8, 0.01, 4063380254) : -0.6285105085909433
(1.0, 0.01, 0.1, 128, 0, 0.5, 0.01, 128, 1024, 9, 0.01, 4063380254) : -0.6144891895571063
(1.0, 0.01, 0.1, 128, 0, 0.5, 0.01, 128, 1024, 10, 0.01, 4063380254) : -0.6111185094432311
(1.0, 0.01, 0.1, 128, 0, 0.5, 0.01, 128, 1024, 11, 0.01, 4063380254) : -0.5773687979781837
(1.0, 0.01, 0.1, 128, 0, 0.5, 0.01, 128, 1024, 12, 0.01, 4063380254) : -0.605679255668602
(1.0, 0.01, 0.1, 128, 0, 0.5, 0.01, 128, 1024, 13, 0.01, 4063380254) : -0.6136857306888736
(1.0, 0.01, 0.1, 128, 0, 0.5, 0.01, 128, 1024, 14, 0.01, 4063380254) : -0.5998538089573087
(1.0, 0.01, 0.1, 128, 0, 0.5, 0.01, 128, 1024, 15, 0.01, 4063380254) : -0.6073231650656676
(1.0, 0.01, 0.1, 128, 0, 0.5, 0.01, 128, 1024, 16, 0.01, 4063380254) : -0.5911696467148446
(1.0, 0.01, 0.1, 128, 0, 0.5, 0.01, 128, 1024, 17, 0.01, 4063380254) : -0.5842640435140302
(1.0, 0.01, 0.1, 128, 0, 0.5, 0.01, 128, 1024, 18, 0.01, 4063380254) : -0.585131128038495
(1.0, 0.01, 0.1, 128, 0, 0.5, 0.01, 128, 1024, 1, 0.001, 4063380255) : -0.6219615049983132
(1.0, 0.01, 0.1, 128, 0, 0.5, 0.01, 128, 1024, 2, 0.001, 4063380255) : -0.6286806702297034
(1.0, 0.01, 0.1, 128, 0, 0.5, 0.01, 128, 1024, 3, 0.001, 4063380255) : -0.6259240516817889
(1.0, 0.01, 0.1, 128, 0, 0.5, 0.01, 128, 1024, 4, 0.001, 4063380255) : -0.627208402137822
(1.0, 0.01, 0.1, 128, 0, 0.5, 0.01, 128, 1024, 5, 0.001, 4063380255) : -0.6307166912291293
(1.0, 0.01, 0.1, 128, 0, 0.5, 0.01, 128, 1024, 6, 0.001, 4063380255) : -0.6329317518658594
(1.0, 0.01, 0.1, 128, 0, 0.5, 0.01, 128, 1024, 7, 0.001, 4063380255) : -0.6358407760554461
(1.0, 0.01, 0.1, 128, 0, 0.5, 0.01, 128, 1024, 8, 0.001, 4063380255) : -0.6339512420319963
(1.0, 0.01, 0.1, 128, 0, 0.5, 0.01, 128, 1024, 9, 0.001, 4063380255) : -0.6334599927792278
(1.0, 0.01, 0.1, 128, 0, 0.5, 0.01, 128, 1024, 10, 0.001, 4063380255) : -0.6350965038441734
(1.0, 0.01, 0.1, 128, 0, 0.5, 0.01, 128, 1024, 11, 0.001, 4063380255) : -0.6345978562592849
(1.0, 0.01, 0.1, 128, 0, 0.5, 0.01, 128, 1024, 12, 0.001, 4063380255) : -0.63580526406127
(1.0, 0.01, 0.1, 128, 0, 0.5, 0.01, 128, 1024, 13, 0.001, 4063380255) : -0.6193247394307427
(1.0, 0.01, 0.1, 128, 0, 0.5, 0.01, 128, 1024, 14, 0.001, 4063380255) : -0.618456175239854
(1.0, 0.01, 0.1, 128, 0, 0.5, 0.01, 128, 1024, 15, 0.001, 4063380255) : -0.6236054143953788
(1.0, 0.01, 0.1, 128, 0, 0.5, 0.01, 128, 1024, 16, 0.001, 4063380255) : -0.6245346449096516
(1.0, 0.01, 0.1, 128, 0, 0.5, 0.01, 128, 1024, 17, 0.001, 4063380255) : -0.6231792704652663
(1.0, 0.01, 1, 0, 0, 0.25, 0.01, 128, 1024, 1, 0.01, 4063380256) : -0.6255807690714206
(1.0, 0.01, 1, 0, 0, 0.25, 0.01, 128, 1024, 2, 0.01, 4063380256) : -0.6345164746059648
(1.0, 0.01, 1, 0, 0, 0.25, 0.01, 128, 1024, 3, 0.01, 4063380256) : -0.6307344472262173
(1.0, 0.01, 1, 0, 0, 0.25, 0.01, 128, 1024, 4, 0.01, 4063380256) : -0.630410400279361
(1.0, 0.01, 1, 0, 0, 0.25, 0.01, 128, 1024, 5, 0.01, 4063380256) : -0.6296587297359684
(1.0, 0.01, 1, 0, 0, 0.25, 0.01, 128, 1024, 6, 0.01, 4063380256) : -0.6295566327527122
(1.0, 0.01, 1, 0, 0, 0.25, 0.01, 128, 1024, 7, 0.01, 4063380256) : -0.6290387495043117
(1.0, 0.01, 1, 0, 0, 0.25, 0.01, 128, 1024, 8, 0.01, 4063380256) : -0.6281213563214308
(1.0, 0.01, 1, 0, 0, 0.25, 0.01, 128, 1024, 9, 0.01, 4063380256) : -0.6258471090277408
(1.0, 0.01, 1, 0, 0, 0.25, 0.01, 128, 1024, 10, 0.01, 4063380256) : -0.6275413270832224
(1.0, 0.01, 1, 0, 0, 0.25, 0.01, 128, 1024, 11, 0.01, 4063380256) : -0.6286865888953994
(1.0, 0.01, 1, 0, 0, 0.25, 0.01, 128, 1024, 12, 0.01, 4063380256) : -0.6284897932610073
(1.0, 0.01, 1, 0, 0, 0.25, 0.01, 128, 1024, 1, 0.001, 4063380257) : -0.6241351349751711
(1.0, 0.01, 1, 0, 0, 0.25, 0.01, 128, 1024, 2, 0.001, 4063380257) : -0.6244399462585155
(1.0, 0.01, 1, 0, 0, 0.25, 0.01, 128, 1024, 3, 0.001, 4063380257) : -0.6246027095651556
(1.0, 0.01, 1, 0, 0, 0.25, 0.01, 128, 1024, 4, 0.001, 4063380257) : -0.6230224258243222
(1.0, 0.01, 1, 0, 0, 0.25, 0.01, 128, 1024, 5, 0.001, 4063380257) : -0.6242609066212114
(1.0, 0.01, 1, 0, 0, 0.25, 0.01, 128, 1024, 6, 0.001, 4063380257) : -0.6238806323502429
(1.0, 0.01, 1, 0, 0, 0.25, 0.01, 128, 1024, 7, 0.001, 4063380257) : -0.6242313132927313
(1.0, 0.01, 1, 0, 0, 0.25, 0.01, 128, 1024, 8, 0.001, 4063380257) : -0.6230830921477062
(1.0, 0.01, 1, 0, 0, 0.25, 0.01, 128, 1024, 9, 0.001, 4063380257) : -0.6223402996028575
(1.0, 0.01, 1, 0, 0, 0.25, 0.01, 128, 1024, 10, 0.001, 4063380257) : -0.6221464633013134
(1.0, 0.01, 1, 0, 0, 0.25, 0.01, 128, 1024, 11, 0.001, 4063380257) : -0.6233879034310505
(1.0, 0.01, 1, 0, 0, 0.25, 0.01, 128, 1024, 12, 0.001, 4063380257) : -0.6227309315387939
(1.0, 0.01, 1, 0, 0, 0.25, 0.01, 128, 1024, 13, 0.001, 4063380257) : -0.6226081192256018
(1.0, 0.01, 1, 0, 0, 0.5, 0.01, 128, 1024, 1, 0.01, 4063380258) : -0.6250732434879881
(1.0, 0.01, 1, 0, 0, 0.5, 0.01, 128, 1024, 2, 0.01, 4063380258) : -0.63139733778417
(1.0, 0.01, 1, 0, 0, 0.5, 0.01, 128, 1024, 3, 0.01, 4063380258) : -0.6363527406381505
(1.0, 0.01, 1, 0, 0, 0.5, 0.01, 128, 1024, 4, 0.01, 4063380258) : -0.6377362287445918
(1.0, 0.01, 1, 0, 0, 0.5, 0.01, 128, 1024, 5, 0.01, 4063380258) : -0.6346348479198849
(1.0, 0.01, 1, 0, 0, 0.5, 0.01, 128, 1024, 6, 0.01, 4063380258) : -0.6367759252354149
(1.0, 0.01, 1, 0, 0, 0.5, 0.01, 128, 1024, 7, 0.01, 4063380258) : -0.6246204655622436
(1.0, 0.01, 1, 0, 0, 0.5, 0.01, 128, 1024, 8, 0.01, 4063380258) : -0.6294915274300562
(1.0, 0.01, 1, 0, 0, 0.5, 0.01, 128, 1024, 9, 0.01, 4063380258) : -0.6290890581627278
(1.0, 0.01, 1, 0, 0, 0.5, 0.01, 128, 1024, 10, 0.01, 4063380258) : -0.6286969465603675
(1.0, 0.01, 1, 0, 0, 0.5, 0.01, 128, 1024, 11, 0.01, 4063380258) : -0.6310732908373137
(1.0, 0.01, 1, 0, 0, 0.5, 0.01, 128, 1024, 12, 0.01, 4063380258) : -0.6306915368999213
(1.0, 0.01, 1, 0, 0, 0.5, 0.01, 128, 1024, 13, 0.01, 4063380258) : -0.6219777813289772
(1.0, 0.01, 1, 0, 0, 0.5, 0.01, 128, 1024, 14, 0.01, 4063380258) : -0.6224601525832016
(1.0, 0.01, 1, 0, 0, 0.5, 0.01, 128, 1024, 1, 0.001, 4063380259) : -0.6128186461644087
(1.0, 0.01, 1, 0, 0, 0.5, 0.01, 128, 1024, 2, 0.001, 4063380259) : -0.6120033499647839
(1.0, 0.01, 1, 0, 0, 0.5, 0.01, 128, 1024, 3, 0.001, 4063380259) : -0.6170046224779085
(1.0, 0.01, 1, 0, 0, 0.5, 0.01, 128, 1024, 4, 0.001, 4063380259) : -0.6286348005705594
(1.0, 0.01, 1, 0, 0, 0.5, 0.01, 128, 1024, 5, 0.001, 4063380259) : -0.6227353705380659
(1.0, 0.01, 1, 0, 0, 0.5, 0.01, 128, 1024, 6, 0.001, 4063380259) : -0.6244606615884515
(1.0, 0.01, 1, 0, 0, 0.5, 0.01, 128, 1024, 7, 0.001, 4063380259) : -0.6276626597299905
(1.0, 0.01, 1, 0, 0, 0.5, 0.01, 128, 1024, 8, 0.001, 4063380259) : -0.6293835117811041
(1.0, 0.01, 1, 0, 0, 0.5, 0.01, 128, 1024, 9, 0.001, 4063380259) : -0.619607355717727
(1.0, 0.01, 1, 0, 0, 0.5, 0.01, 128, 1024, 10, 0.001, 4063380259) : -0.6209982421562883
(1.0, 0.01, 1, 0, 0, 0.5, 0.01, 128, 1024, 11, 0.001, 4063380259) : -0.6218934403428091
(1.0, 0.01, 1, 0, 0, 0.5, 0.01, 128, 1024, 12, 0.001, 4063380259) : -0.6272690684612061
(1.0, 0.01, 1, 0, 0, 0.5, 0.01, 128, 1024, 13, 0.001, 4063380259) : -0.6241203383109312
(1.0, 0.01, 1, 0, 0, 0.5, 0.01, 128, 1024, 14, 0.001, 4063380259) : -0.6278150653716627
(1.0, 0.01, 1, 0, 0, 0.5, 0.01, 128, 1024, 15, 0.001, 4063380259) : -0.6307388862254893
(1.0, 0.01, 1, 0, 0, 0.5, 0.01, 128, 1024, 16, 0.001, 4063380259) : -0.6297341927235924
(1.0, 0.01, 1, 0, 0, 0.5, 0.01, 128, 1024, 17, 0.001, 4063380259) : -0.6295921447468883
(1.0, 0.01, 1, 0, 0, 0.5, 0.01, 128, 1024, 18, 0.001, 4063380259) : -0.6300153293441526
(1.0, 0.01, 1, 0, 0, 0.5, 0.01, 128, 1024, 19, 0.001, 4063380259) : -0.6323147309670508
(1.0, 0.01, 1, 0, 0, 0.5, 0.01, 128, 1024, 20, 0.001, 4063380259) : -0.6329435891972514
(1.0, 0.01, 1, 0, 0, 0.5, 0.01, 128, 1024, 21, 0.001, 4063380259) : -0.6316429624105542
(1.0, 0.01, 1, 0, 0, 0.5, 0.01, 128, 1024, 22, 0.001, 4063380259) : -0.6319892043537705
(1.0, 0.01, 1, 0, 0, 0.5, 0.01, 128, 1024, 23, 0.001, 4063380259) : -0.6327201595672272
(1.0, 0.01, 1, 0, 0, 0.5, 0.01, 128, 1024, 24, 0.001, 4063380259) : -0.6330737998425635
(1.0, 0.01, 1, 0, 0, 0.5, 0.01, 128, 1024, 25, 0.001, 4063380259) : -0.6330353285155395
(1.0, 0.01, 1, 0, 0, 0.5, 0.01, 128, 1024, 26, 0.001, 4063380259) : -0.6334230011186278
(1.0, 0.01, 1, 0, 0, 0.5, 0.01, 128, 1024, 27, 0.001, 4063380259) : -0.6335768864267239
(1.0, 0.01, 1, 0, 0, 0.5, 0.01, 128, 1024, 28, 0.001, 4063380259) : -0.6306501062400492
(1.0, 0.01, 1, 0, 0, 0.5, 0.01, 128, 1024, 29, 0.001, 4063380259) : -0.6312227371461377
(1.0, 0.01, 1, 0, 0, 0.5, 0.01, 128, 1024, 30, 0.001, 4063380259) : -0.6304769852684411
(1.0, 0.01, 1, 0, 0, 0.5, 0.01, 128, 1024, 31, 0.001, 4063380259) : -0.6270855898246299
(1.0, 0.01, 1, 0, 0, 0.5, 0.01, 128, 1024, 32, 0.001, 4063380259) : -0.6268044532040696
(1.0, 0.01, 1, 0, 0, 0.5, 0.01, 128, 1024, 33, 0.001, 4063380259) : -0.6245553602395876
(1.0, 0.01, 1, 0, 0, 0.5, 0.01, 128, 1024, 34, 0.001, 4063380259) : -0.6298066963783685
(1.0, 0.01, 1, 0, 0, 0.5, 0.01, 128, 1024, 35, 0.001, 4063380259) : -0.6308439425415934
(1.0, 0.01, 1, 0, 0, 0.5, 0.01, 128, 1024, 36, 0.001, 4063380259) : -0.6303275389596169
(1.0, 0.01, 1, 0, 0, 0.5, 0.01, 128, 1024, 37, 0.001, 4063380259) : -0.6298851186988406
(1.0, 0.01, 1, 64, 0, 0.25, 0.01, 128, 1024, 1, 0.01, 4063380260) : -0.6190613588072705
(1.0, 0.01, 1, 64, 0, 0.25, 0.01, 128, 1024, 2, 0.01, 4063380260) : -0.6106598128517907
(1.0, 0.01, 1, 64, 0, 0.25, 0.01, 128, 1024, 3, 0.01, 4063380260) : -0.6019179436187906
(1.0, 0.01, 1, 64, 0, 0.25, 0.01, 128, 1024, 4, 0.01, 4063380260) : -0.5935297146611268
(1.0, 0.01, 1, 64, 0, 0.25, 0.01, 128, 1024, 5, 0.01, 4063380260) : -0.5788336677379452
(1.0, 0.01, 1, 64, 0, 0.25, 0.01, 128, 1024, 6, 0.01, 4063380260) : -0.5614638635865931
(1.0, 0.01, 1, 64, 0, 0.25, 0.01, 128, 1024, 7, 0.01, 4063380260) : -0.5688962280343519
(1.0, 0.01, 1, 64, 0, 0.25, 0.01, 128, 1024, 8, 0.01, 4063380260) : -0.5694880946039524
(1.0, 0.01, 1, 64, 0, 0.25, 0.01, 128, 1024, 9, 0.01, 4063380260) : -0.5695813135886646
(1.0, 0.01, 1, 64, 0, 0.25, 0.01, 128, 1024, 10, 0.01, 4063380260) : -0.5685263114283516
(1.0, 0.01, 1, 64, 0, 0.25, 0.01, 128, 1024, 11, 0.01, 4063380260) : -0.570060725510041
(1.0, 0.01, 1, 64, 0, 0.25, 0.01, 128, 1024, 1, 0.001, 4063380261) : -0.6226391922205058
(1.0, 0.01, 1, 64, 0, 0.25, 0.01, 128, 1024, 2, 0.001, 4063380261) : -0.6247151642133797
(1.0, 0.01, 1, 64, 0, 0.25, 0.01, 128, 1024, 3, 0.001, 4063380261) : -0.623920583343691
(1.0, 0.01, 1, 64, 0, 0.25, 0.01, 128, 1024, 4, 0.001, 4063380261) : -0.6240419159904591
(1.0, 0.01, 1, 64, 0, 0.25, 0.01, 128, 1024, 5, 0.001, 4063380261) : -0.6234189764259546
(1.0, 0.01, 1, 64, 0, 0.25, 0.01, 128, 1024, 6, 0.001, 4063380261) : -0.6247432778754357
(1.0, 0.01, 1, 64, 0, 0.25, 0.01, 128, 1024, 7, 0.001, 4063380261) : -0.6221509023005853
(1.0, 0.01, 1, 64, 0, 0.25, 0.01, 128, 1024, 8, 0.001, 4063380261) : -0.620663837544464
(1.0, 0.01, 1, 64, 0, 0.25, 0.01, 128, 1024, 9, 0.001, 4063380261) : -0.6202968802713117
(1.0, 0.01, 1, 64, 0, 0.25, 0.01, 128, 1024, 10, 0.001, 4063380261) : -0.6186944015341181
(1.0, 0.01, 1, 64, 0, 0.25, 0.01, 128, 1024, 11, 0.001, 4063380261) : -0.618524239895358
(1.0, 0.01, 1, 64, 0, 0.25, 0.01, 128, 1024, 12, 0.001, 4063380261) : -0.6194653077410228
(1.0, 0.01, 1, 64, 0, 0.25, 0.01, 128, 1024, 13, 0.001, 4063380261) : -0.6223950472605456
(1.0, 0.01, 1, 64, 0, 0.25, 0.01, 128, 1024, 14, 0.001, 4063380261) : -0.6219023183413531
(1.0, 0.01, 1, 64, 0, 0.25, 0.01, 128, 1024, 15, 0.001, 4063380261) : -0.6226850618796499
(1.0, 0.01, 1, 64, 0, 0.25, 0.01, 128, 1024, 16, 0.001, 4063380261) : -0.6219777813289772
(1.0, 0.01, 1, 64, 0, 0.5, 0.01, 128, 1024, 1, 0.01, 4063380262) : -0.5955923696561847
(1.0, 0.01, 1, 64, 0, 0.5, 0.01, 128, 1024, 2, 0.01, 4063380262) : -0.5906058938073001
(1.0, 0.01, 1, 64, 0, 0.5, 0.01, 128, 1024, 3, 0.01, 4063380262) : -0.5988491154554118
(1.0, 0.01, 1, 64, 0, 0.5, 0.01, 128, 1024, 4, 0.01, 4063380262) : -0.5746713660872292
(1.0, 0.01, 1, 64, 0, 0.5, 0.01, 128, 1024, 5, 0.01, 4063380262) : -0.5843247098374142
(1.0, 0.01, 1, 64, 0, 0.5, 0.01, 128, 1024, 6, 0.01, 4063380262) : -0.5812499630083394
(1.0, 0.01, 1, 64, 0, 0.5, 0.01, 128, 1024, 7, 0.01, 4063380262) : -0.5801875625159064
(1.0, 0.01, 1, 64, 0, 0.5, 0.01, 128, 1024, 8, 0.01, 4063380262) : -0.5827192717673728
(1.0, 0.01, 1, 64, 0, 0.5, 0.01, 128, 1024, 9, 0.01, 4063380262) : -0.5794403309717857
(1.0, 0.01, 1, 64, 0, 0.5, 0.01, 128, 1024, 10, 0.01, 4063380262) : -0.5785244174553289
(1.0, 0.01, 1, 64, 0, 0.5, 0.01, 128, 1024, 11, 0.01, 4063380262) : -0.5820741372065081
(1.0, 0.01, 1, 64, 0, 0.5, 0.01, 128, 1024, 12, 0.01, 4063380262) : -0.5883005735187059
(1.0, 0.01, 1, 64, 0, 0.5, 0.01, 128, 1024, 13, 0.01, 4063380262) : -0.5827784584243328
(1.0, 0.01, 1, 64, 0, 0.5, 0.01, 128, 1024, 1, 0.001, 4063380263) : -0.6293553981190481
(1.0, 0.01, 1, 64, 0, 0.5, 0.01, 128, 1024, 2, 0.001, 4063380263) : -0.6283876962777512
(1.0, 0.01, 1, 64, 0, 0.5, 0.01, 128, 1024, 3, 0.001, 4063380263) : -0.6290431885035838
(1.0, 0.01, 1, 64, 0, 0.5, 0.01, 128, 1024, 4, 0.001, 4063380263) : -0.6302269216427848
(1.0, 0.01, 1, 64, 0, 0.5, 0.01, 128, 1024, 5, 0.001, 4063380263) : -0.6279822676775748
(1.0, 0.01, 1, 64, 0, 0.5, 0.01, 128, 1024, 6, 0.001, 4063380263) : -0.6298362897068485
(1.0, 0.01, 1, 64, 0, 0.5, 0.01, 128, 1024, 7, 0.001, 4063380263) : -0.6290905378291518
(1.0, 0.01, 1, 64, 0, 0.5, 0.01, 128, 1024, 8, 0.001, 4063380263) : -0.6302431979734489
(1.0, 0.01, 1, 64, 0, 0.5, 0.01, 128, 1024, 9, 0.001, 4063380263) : -0.6305406109246732
(1.0, 0.01, 1, 64, 0, 0.5, 0.01, 128, 1024, 10, 0.001, 4063380263) : -0.6265706659090775
(1.0, 0.01, 1, 64, 0, 0.5, 0.01, 128, 1024, 11, 0.001, 4063380263) : -0.6290994158276958
(1.0, 0.01, 1, 64, 0, 0.5, 0.01, 128, 1024, 12, 0.001, 4063380263) : -0.6278905283592867
(1.0, 0.01, 1, 64, 0, 0.5, 0.01, 128, 1024, 13, 0.001, 4063380263) : -0.6280163000053268
(1.0, 0.01, 1, 64, 0, 0.5, 0.01, 128, 1024, 14, 0.001, 4063380263) : -0.6290209935072237
(1.0, 0.01, 1, 64, 0, 0.5, 0.01, 128, 1024, 15, 0.001, 4063380263) : -0.6295196410921122
(1.0, 0.01, 1, 64, 0, 0.5, 0.01, 128, 1024, 16, 0.001, 4063380263) : -0.6288301165385276
(1.0, 0.01, 1, 64, 0, 0.5, 0.01, 128, 1024, 17, 0.001, 4063380263) : -0.6296957213965684
(1.0, 0.01, 1, 64, 0, 0.5, 0.01, 128, 1024, 18, 0.001, 4063380263) : -0.6295033647614482
(1.0, 0.01, 1, 64, 0, 0.5, 0.01, 128, 1024, 19, 0.001, 4063380263) : -0.6270974271560219
(1.0, 0.01, 1, 128, 0, 0.25, 0.01, 128, 1024, 1, 0.01, 4063380264) : -0.6269302248501097
(1.0, 0.01, 1, 128, 0, 0.25, 0.01, 128, 1024, 2, 0.01, 4063380264) : -0.6302491166391448
(1.0, 0.01, 1, 128, 0, 0.25, 0.01, 128, 1024, 3, 0.01, 4063380264) : -0.6287472552187835
(1.0, 0.01, 1, 128, 0, 0.25, 0.01, 128, 1024, 4, 0.01, 4063380264) : -0.6297534283871045
(1.0, 0.01, 1, 128, 0, 0.25, 0.01, 128, 1024, 5, 0.01, 4063380264) : -0.6265928609054375
(1.0, 0.01, 1, 128, 0, 0.25, 0.01, 128, 1024, 6, 0.01, 4063380264) : -0.6252508034588682
(1.0, 0.01, 1, 128, 0, 0.25, 0.01, 128, 1024, 7, 0.01, 4063380264) : -0.6112294844250312
(1.0, 0.01, 1, 128, 0, 0.25, 0.01, 128, 1024, 8, 0.01, 4063380264) : -0.6167501198529803
(1.0, 0.01, 1, 128, 0, 0.25, 0.01, 128, 1024, 9, 0.01, 4063380264) : -0.6137316003480175
(1.0, 0.01, 1, 128, 0, 0.25, 0.01, 128, 1024, 10, 0.01, 4063380264) : -0.6102884165793664
(1.0, 0.01, 1, 128, 0, 0.25, 0.01, 128, 1024, 11, 0.01, 4063380264) : -0.6128526784921607
(1.0, 0.01, 1, 128, 0, 0.25, 0.01, 128, 1024, 12, 0.01, 4063380264) : -0.6139298756488337
(1.0, 0.01, 1, 128, 0, 0.25, 0.01, 128, 1024, 1, 0.001, 4063380265) : -0.621739555034713
(1.0, 0.01, 1, 128, 0, 0.25, 0.01, 128, 1024, 2, 0.001, 4063380265) : -0.6210544694804003
(1.0, 0.01, 1, 128, 0, 0.25, 0.01, 128, 1024, 3, 0.001, 4063380265) : -0.6242387116248513
(1.0, 0.01, 1, 128, 0, 0.25, 0.01, 128, 1024, 4, 0.001, 4063380265) : -0.6221139106399853
(1.0, 0.01, 1, 128, 0, 0.25, 0.01, 128, 1024, 5, 0.001, 4063380265) : -0.6255482164100925
(1.0, 0.01, 1, 128, 0, 0.25, 0.01, 128, 1024, 6, 0.001, 4063380265) : -0.6253188681143723
(1.0, 0.01, 1, 128, 0, 0.25, 0.01, 128, 1024, 7, 0.001, 4063380265) : -0.6260261486650449
(1.0, 0.01, 1, 128, 0, 0.25, 0.01, 128, 1024, 8, 0.001, 4063380265) : -0.6243378492752594
(1.0, 0.01, 1, 128, 0, 0.25, 0.01, 128, 1024, 9, 0.001, 4063380265) : -0.6258337920299247
(1.0, 0.01, 1, 128, 0, 0.25, 0.01, 128, 1024, 10, 0.001, 4063380265) : -0.6244813769183876
(1.0, 0.01, 1, 128, 0, 0.25, 0.01, 128, 1024, 11, 0.001, 4063380265) : -0.6244429055913635
(1.0, 0.01, 1, 128, 0, 0.25, 0.01, 128, 1024, 12, 0.001, 4063380265) : -0.623950176672171
(1.0, 0.01, 1, 128, 0, 0.25, 0.01, 128, 1024, 13, 0.001, 4063380265) : -0.6230401818214102
(1.0, 0.01, 1, 128, 0, 0.25, 0.01, 128, 1024, 14, 0.001, 4063380265) : -0.6232739691164024
(1.0, 0.01, 1, 128, 0, 0.25, 0.01, 128, 1024, 15, 0.001, 4063380265) : -0.6233642287682665
(1.0, 0.01, 1, 128, 0, 0.25, 0.01, 128, 1024, 16, 0.001, 4063380265) : -0.6241188586445072
(1.0, 0.01, 1, 128, 0, 0.25, 0.01, 128, 1024, 17, 0.001, 4063380265) : -0.6254150464319324
(1.0, 0.01, 1, 128, 0, 0.5, 0.01, 128, 1024, 1, 0.01, 4063380266) : -0.630314221961801
(1.0, 0.01, 1, 128, 0, 0.5, 0.01, 128, 1024, 2, 0.01, 4063380266) : -0.6362994726468865
(1.0, 0.01, 1, 128, 0, 0.5, 0.01, 128, 1024, 3, 0.01, 4063380266) : -0.6312094201483217
(1.0, 0.01, 1, 128, 0, 0.5, 0.01, 128, 1024, 4, 0.01, 4063380266) : -0.6184369395763419
(1.0, 0.01, 1, 128, 0, 0.5, 0.01, 128, 1024, 5, 0.01, 4063380266) : -0.613170806773321
(1.0, 0.01, 1, 128, 0, 0.5, 0.01, 128, 1024, 6, 0.01, 4063380266) : -0.6187328728611422
(1.0, 0.01, 1, 128, 0, 0.5, 0.01, 128, 1024, 7, 0.01, 4063380266) : -0.6205173505684879
(1.0, 0.01, 1, 128, 0, 0.5, 0.01, 128, 1024, 8, 0.01, 4063380266) : -0.6259225720153648
(1.0, 0.01, 1, 128, 0, 0.5, 0.01, 128, 1024, 9, 0.01, 4063380266) : -0.6242757032854513
(1.0, 0.01, 1, 128, 0, 0.5, 0.01, 128, 1024, 10, 0.01, 4063380266) : -0.627223198802062
(1.0, 0.01, 1, 128, 0, 0.5, 0.01, 128, 1024, 11, 0.01, 4063380266) : -0.6305983179152092
(1.0, 0.01, 1, 128, 0, 0.5, 0.01, 128, 1024, 12, 0.01, 4063380266) : -0.630472546269169
(1.0, 0.01, 1, 128, 0, 0.5, 0.01, 128, 1024, 1, 0.001, 4063380267) : -0.6268873145238137
(1.0, 0.01, 1, 128, 0, 0.5, 0.01, 128, 1024, 2, 0.001, 4063380267) : -0.6238613966867309
(1.0, 0.01, 1, 128, 0, 0.5, 0.01, 128, 1024, 3, 0.001, 4063380267) : -0.6160931479607238
(1.0, 0.01, 1, 128, 0, 0.5, 0.01, 128, 1024, 4, 0.001, 4063380267) : -0.6142805565913221
(1.0, 0.01, 1, 128, 0, 0.5, 0.01, 128, 1024, 5, 0.001, 4063380267) : -0.6094494457169576
(1.0, 0.01, 1, 128, 0, 0.5, 0.01, 128, 1024, 6, 0.001, 4063380267) : -0.6117207336777997
(1.0, 0.01, 1, 128, 0, 0.5, 0.01, 128, 1024, 7, 0.001, 4063380267) : -0.6100975396106701
(1.0, 0.01, 1, 128, 0, 0.5, 0.01, 128, 1024, 8, 0.001, 4063380267) : -0.6098519149842859
(1.0, 0.01, 1, 128, 0, 0.5, 0.01, 128, 1024, 9, 0.001, 4063380267) : -0.6130968234521209
(1.0, 0.01, 1, 128, 0, 0.5, 0.01, 128, 1024, 10, 0.001, 4063380267) : -0.6147925211740265
(1.0, 0.01, 1, 128, 0, 0.5, 0.01, 128, 1024, 11, 0.001, 4063380267) : -0.6105503175364146
