1.051416397094726562e-01 1.927379369735717773e+00
1.062622070312500000e-01 1.947606563568115234e+00
1.141312122344970703e-01 1.947576522827148438e+00
1.141054630279541016e-01 1.941763162612915039e+00
1.137998104095458984e-01 1.947288990020751953e+00
1.130712032318115234e-01 1.944527626037597656e+00
3.052082061767578125e-01 1.964062452316284180e+00
3.069992065429687500e-01 1.964340925216674805e+00
2.971746921539306641e-01 1.968525648117065430e+00
3.242228031158447266e-01 1.975612401962280273e+00
2.954633235931396484e-01 1.969081640243530273e+00
3.198840618133544922e-01 1.963851451873779297e+00
6.562299728393554688e-01 1.986072778701782227e+00
6.845924854278564453e-01 1.990243673324584961e+00
2.586083412170410156e-01 6.135156154632568359e-01
6.928749084472656250e-01 2.023561000823974609e+00
7.702486515045166016e-01 1.996104955673217773e+00
7.941694259643554688e-01 1.995703220367431641e+00
1.153756618499755859e+00 2.004395961761474609e+00
1.264495372772216797e+00 2.007583618164062500e+00
3.422887325286865234e-01 1.875353813171386719e+00
1.333984136581420898e+00 2.005842208862304688e+00
1.485344171524047852e+00 2.005863904953002930e+00
1.047772645950317383e+00 1.996590375900268555e+00
1.151566505432128906e-01 1.957109689712524414e+00
1.157853603363037109e-01 1.967512845993041992e+00
1.156573295593261719e-01 1.959102630615234375e+00
1.163327693939208984e-01 1.966838359832763672e+00
1.178591251373291016e-01 1.960380792617797852e+00
1.156203746795654297e-01 1.962887525558471680e+00
3.458490371704101562e-01 1.993446826934814453e+00
3.652560710906982422e-01 1.979003906250000000e+00
2.154645919799804688e-01 1.968252897262573242e+00
3.513150215148925781e-01 1.981871128082275391e+00
3.740174770355224609e-01 1.974932193756103516e+00
3.725152015686035156e-01 1.977967977523803711e+00
9.690659046173095703e-01 2.010971784591674805e+00
9.941909313201904297e-01 1.996743202209472656e+00
2.472708225250244141e-01 1.937371015548706055e+00
9.797894954681396484e-01 1.993343830108642578e+00
1.024482727050781250e+00 1.981415510177612305e+00
5.676372051239013672e-01 1.004523992538452148e+00
1.960035085678100586e+00 2.009814023971557617e+00
2.167217493057250977e+00 1.989660024642944336e+00
3.051993846893310547e-01 1.845083713531494141e+00
2.388465642929077148e+00 2.009109497070312500e+00
2.419590234756469727e+00 1.992957353591918945e+00
9.827246665954589844e-01 1.917358160018920898e+00
1.202201843261718750e-01 1.875656127929687500e+00
1.165781021118164062e-01 1.897050380706787109e+00
1.187703609466552734e-01 1.887117385864257812e+00
1.169657707214355469e-01 1.887100934982299805e+00
1.177370548248291016e-01 1.913817167282104492e+00
1.169908046722412109e-01 1.923648357391357422e+00
3.745517730712890625e-01 1.947428703308105469e+00
3.943266868591308594e-01 1.961883783340454102e+00
1.891002655029296875e-01 7.794189453125000000e-01
3.767042160034179688e-01 1.943310976028442383e+00
3.838191032409667969e-01 1.937337875366210938e+00
3.813197612762451172e-01 1.937184333801269531e+00
1.074458122253417969e+00 1.957055807113647461e+00
1.083557844161987305e+00 1.953297376632690430e+00
2.041263580322265625e-01 1.888025760650634766e+00
1.117833852767944336e+00 1.971543550491333008e+00
1.150406122207641602e+00 1.965418100357055664e+00
6.281540393829345703e-01 1.959238052368164062e+00
2.563867330551147461e+00 2.026867866516113281e+00
2.465293407440185547e+00 1.990079641342163086e+00
2.509295940399169922e-01 1.868269920349121094e+00
2.795008659362792969e+00 1.986583471298217773e+00
2.597651004791259766e+00 1.971159934997558594e+00
3.702628612518310547e-01 1.912628650665283203e+00
1.115639209747314453e-01 1.951419353485107422e+00
1.250083446502685547e-01 1.946979522705078125e+00
1.136918067932128906e-01 1.905788421630859375e+00
1.127760410308837891e-01 1.916003704071044922e+00
1.116490364074707031e-01 1.938518762588500977e+00
1.127870082855224609e-01 1.929845333099365234e+00
3.109874725341796875e-01 1.952941179275512695e+00
3.554792404174804688e-01 1.957840442657470703e+00
1.238377094268798828e-01 4.478015899658203125e-01
3.614885807037353516e-01 1.943741321563720703e+00
3.278477191925048828e-01 1.942268848419189453e+00
3.405396938323974609e-01 1.930273532867431641e+00
8.898036479949951172e-01 1.944829463958740234e+00
9.869573116302490234e-01 1.947672605514526367e+00
1.496126651763916016e-01 1.764491558074951172e+00
9.763500690460205078e-01 1.934116840362548828e+00
9.317131042480468750e-01 1.939058303833007812e+00
2.121264934539794922e-01 1.912630796432495117e+00
2.080154418945312500e+00 1.970413684844970703e+00
2.055702686309814453e+00 1.975779533386230469e+00
2.014477252960205078e-01 1.791937351226806641e+00
2.436413049697875977e+00 1.988507270812988281e+00
2.010542631149291992e+00 1.927133083343505859e+00
2.942392826080322266e-01 1.869331359863281250e+00
7.085669040679931641e-01 2.018961191177368164e+00
6.811349391937255859e-01 2.035840988159179688e+00
6.773524284362792969e-01 2.020310640335083008e+00
6.927950382232666016e-01 2.012526750564575195e+00
7.085616588592529297e-01 2.016553163528442383e+00
6.789033412933349609e-01 2.018122434616088867e+00
2.165227651596069336e+00 2.094874620437622070e+00
2.193852663040161133e+00 2.091379404067993164e+00
2.356754779815673828e+00 2.080147027969360352e+00
2.251329660415649414e+00 2.089379310607910156e+00
2.318938255310058594e+00 2.100107908248901367e+00
2.380072593688964844e+00 2.085452318191528320e+00
5.803096532821655273e+00 2.184725522994995117e+00
6.095847606658935547e+00 2.139212131500244141e+00
6.431722640991210938e+00 2.146549701690673828e+00
6.102129936218261719e+00 2.161155223846435547e+00
6.719214200973510742e+00 2.175907373428344727e+00
6.749722480773925781e+00 2.206873416900634766e+00
1.072495675086975098e+01 2.324360609054565430e+00
1.180758690834045410e+01 2.299638986587524414e+00
1.194923377037048340e+01 2.293847084045410156e+00
1.208658742904663086e+01 2.294411897659301758e+00
1.316231322288513184e+01 2.310792684555053711e+00
1.033389329910278320e+01 2.290925264358520508e+00
6.967310905456542969e-01 1.953425168991088867e+00
7.182388305664062500e-01 1.975228309631347656e+00
6.943061351776123047e-01 1.990051746368408203e+00
7.074906826019287109e-01 1.982571125030517578e+00
7.035734653472900391e-01 1.991397857666015625e+00
6.944870948791503906e-01 1.950925588607788086e+00
2.605546474456787109e+00 2.073555469512939453e+00
2.652636528015136719e+00 2.032310009002685547e+00
2.888034343719482422e+00 2.022323369979858398e+00
2.624508857727050781e+00 2.019467592239379883e+00
2.804536342620849609e+00 2.016620874404907227e+00
2.835646152496337891e+00 2.047191858291625977e+00
8.666678667068481445e+00 2.209309577941894531e+00
9.366701364517211914e+00 2.221363067626953125e+00
7.022906780242919922e+00 2.171148777008056641e+00
9.037301778793334961e+00 2.189904451370239258e+00
9.924173831939697266e+00 2.220017671585083008e+00
5.571547508239746094e+00 2.023422479629516602e+00
2.008869028091430664e+01 2.457625389099121094e+00
2.125233268737792969e+01 2.481923580169677734e+00
1.086191940307617188e+01 2.303800582885742188e+00
2.247660040855407715e+01 2.517734050750732422e+00
2.382252073287963867e+01 2.542493343353271484e+00
9.142035007476806641e+00 2.278158664703369141e+00
7.082433700561523438e-01 1.991363763809204102e+00
6.984975337982177734e-01 1.948270082473754883e+00
7.212738990783691406e-01 1.949307680130004883e+00
7.037096023559570312e-01 1.944917440414428711e+00
7.161257266998291016e-01 1.946349620819091797e+00
7.115731239318847656e-01 1.943623304367065430e+00
2.744554042816162109e+00 2.038914442062377930e+00
2.839801549911499023e+00 2.038691997528076172e+00
3.000931739807128906e+00 2.043998003005981445e+00
2.764640569686889648e+00 2.047649621963500977e+00
2.956616163253784180e+00 2.038565397262573242e+00
2.854525327682495117e+00 2.063827037811279297e+00
9.901278018951416016e+00 2.235724210739135742e+00
1.044803953170776367e+01 2.242281913757324219e+00
5.667166471481323242e+00 2.122549772262573242e+00
1.039612960815429688e+01 2.250140666961669922e+00
1.044391822814941406e+01 2.244235515594482422e+00
4.212368965148925781e+00 2.067291975021362305e+00
2.463500261306762695e+01 2.558887004852294922e+00
2.443371152877807617e+01 2.563194036483764648e+00
8.253779172897338867e+00 2.077718019485473633e+00
2.782238340377807617e+01 2.630901813507080078e+00
2.604661631584167480e+01 2.638058185577392578e+00
7.586845159530639648e+00 2.080075263977050781e+00
6.648852825164794922e-01 1.966475009918212891e+00
6.520750522613525391e-01 1.947502851486206055e+00
6.470289230346679688e-01 1.950990200042724609e+00
6.399121284484863281e-01 1.932938814163208008e+00
6.424298286437988281e-01 1.940719842910766602e+00
6.509766578674316406e-01 1.929177999496459961e+00
2.264207363128662109e+00 2.013589620590209961e+00
2.421234369277954102e+00 2.013676404953002930e+00
2.454302072525024414e+00 2.025137186050415039e+00
2.348442316055297852e+00 2.062600135803222656e+00
2.417308092117309570e+00 2.022644042968750000e+00
1.835223913192749023e+00 2.020750045776367188e+00
8.203207492828369141e+00 2.224967002868652344e+00
8.435434341430664062e+00 2.236298561096191406e+00
3.702371597290039062e+00 1.861068725585937500e+00
8.837614774703979492e+00 2.270656585693359375e+00
8.360576391220092773e+00 2.251196384429931641e+00
3.257272958755493164e+00 2.209081411361694336e+00
2.011285138130187988e+01 2.592914581298828125e+00
2.034584403038024902e+01 2.551350116729736328e+00
7.383840560913085938e+00 2.289360284805297852e+00
2.418153619766235352e+01 2.658473014831542969e+00
1.651899719238281250e+01 2.530406475067138672e+00
6.347408056259155273e+00 2.193098306655883789e+00
