1.073875427246093750e-01 1.888414859771728516e+00
1.063833236694335938e-01 1.832028865814208984e+00
1.161253452301025391e-01 1.812215089797973633e+00
1.155831813812255859e-01 1.810812473297119141e+00
1.128129959106445312e-01 1.820832252502441406e+00
1.143512725830078125e-01 1.818951606750488281e+00
2.992162704467773438e-01 1.851095676422119141e+00
3.090679645538330078e-01 1.900116920471191406e+00
3.170969486236572266e-01 1.875860214233398438e+00
3.017563819885253906e-01 1.875206708908081055e+00
3.141145706176757812e-01 1.883396387100219727e+00
3.281834125518798828e-01 1.878037929534912109e+00
6.534030437469482422e-01 1.916443109512329102e+00
6.821644306182861328e-01 1.909474849700927734e+00
3.413927555084228516e-01 1.863187074661254883e+00
6.387701034545898438e-01 1.918900251388549805e+00
7.047338485717773438e-01 1.902915716171264648e+00
8.150897026062011719e-01 1.949890851974487305e+00
1.095356225967407227e+00 1.956596374511718750e+00
1.307120561599731445e+00 1.946122407913208008e+00
3.011796474456787109e-01 1.936187982559204102e+00
1.280957460403442383e+00 1.932523727416992188e+00
1.348873615264892578e+00 1.922384262084960938e+00
1.167260169982910156e+00 1.905063390731811523e+00
1.169202327728271484e-01 1.865577220916748047e+00
1.160221099853515625e-01 1.828101158142089844e+00
1.176159381866455078e-01 1.821790456771850586e+00
1.174535751342773438e-01 1.829342842102050781e+00
1.172955036163330078e-01 1.835487365722656250e+00
1.160044670104980469e-01 1.845607995986938477e+00
3.552970886230468750e-01 1.848074436187744141e+00
3.548672199249267578e-01 1.866090059280395508e+00
1.497187614440917969e-01 1.841799736022949219e+00
3.381111621856689453e-01 1.863458156585693359e+00
3.846447467803955078e-01 1.872568130493164062e+00
3.747272491455078125e-01 1.873779058456420898e+00
9.166262149810791016e-01 1.886230945587158203e+00
9.825108051300048828e-01 1.881206274032592773e+00
2.068290710449218750e-01 3.179428577423095703e-01
9.632689952850341797e-01 1.896614789962768555e+00
1.076956272125244141e+00 1.890756368637084961e+00
8.656237125396728516e-01 1.929314374923706055e+00
1.957536935806274414e+00 1.925021409988403320e+00
2.125833749771118164e+00 1.929502725601196289e+00
3.028676509857177734e-01 1.871282339096069336e+00
2.191876411437988281e+00 1.919970273971557617e+00
2.486548900604248047e+00 1.929226875305175781e+00
1.079071760177612305e+00 1.923962354660034180e+00
1.168787479400634766e-01 1.879320144653320312e+00
1.157195568084716797e-01 1.857663393020629883e+00
1.176929473876953125e-01 1.911978483200073242e+00
1.170179843902587891e-01 1.884072303771972656e+00
1.182594299316406250e-01 1.898565530776977539e+00
1.176221370697021484e-01 1.882972717285156250e+00
3.695020675659179688e-01 1.923630952835083008e+00
3.813591003417968750e-01 1.914332151412963867e+00
1.469724178314208984e-01 1.824611663818359375e+00
3.601105213165283203e-01 1.923497200012207031e+00
3.899004459381103516e-01 1.930315256118774414e+00
3.687379360198974609e-01 1.955302000045776367e+00
1.029997825622558594e+00 1.944577693939208984e+00
1.092180252075195312e+00 1.932034730911254883e+00
2.008981704711914062e-01 1.736323356628417969e+00
1.107566833496093750e+00 1.919896841049194336e+00
1.194932699203491211e+00 1.918192625045776367e+00
6.649031639099121094e-01 1.897398471832275391e+00
2.465442895889282227e+00 1.948684692382812500e+00
2.493960857391357422e+00 1.937285661697387695e+00
2.674124240875244141e-01 1.701897382736206055e+00
2.603103399276733398e+00 1.942782402038574219e+00
2.815166234970092773e+00 1.943251848220825195e+00
1.071690797805786133e+00 1.782552719116210938e+00
1.159799098968505859e-01 1.883803606033325195e+00
1.123969554901123047e-01 1.938347101211547852e+00
1.125426292419433594e-01 1.884459257125854492e+00
1.122925281524658203e-01 1.890285968780517578e+00
1.270239353179931641e-01 1.905322313308715820e+00
1.128933429718017578e-01 1.908953189849853516e+00
3.277695178985595703e-01 1.945393323898315430e+00
3.286702632904052734e-01 1.939104795455932617e+00
1.017339229583740234e-01 1.914135456085205078e+00
3.170526027679443359e-01 1.941940546035766602e+00
3.527925014495849609e-01 1.983178138732910156e+00
3.238916397094726562e-01 1.911534309387207031e+00
9.264116287231445312e-01 1.946031332015991211e+00
9.798979759216308594e-01 1.944521665573120117e+00
1.568946838378906250e-01 2.316110134124755859e-01
8.467905521392822266e-01 1.931451082229614258e+00
9.257912635803222656e-01 1.933341979980468750e+00
1.579282283782958984e-01 2.126772403717041016e-01
1.931372165679931641e+00 1.963351249694824219e+00
2.130796432495117188e+00 1.992165803909301758e+00
1.848034858703613281e-01 1.813501119613647461e+00
2.344965696334838867e+00 1.951761960983276367e+00
2.063888311386108398e+00 1.949020624160766602e+00
3.991658687591552734e-01 1.904990434646606445e+00
6.692667007446289062e-01 1.997357368469238281e+00
6.714992523193359375e-01 1.995417118072509766e+00
6.728277206420898438e-01 1.988849639892578125e+00
6.744010448455810547e-01 2.020005941390991211e+00
6.910400390625000000e-01 1.996287345886230469e+00
6.648325920104980469e-01 1.998066425323486328e+00
2.106069326400756836e+00 2.054730415344238281e+00
2.134227991104125977e+00 2.046037197113037109e+00
2.327174425125122070e+00 2.037317276000976562e+00
2.183954238891601562e+00 2.054349899291992188e+00
2.268518209457397461e+00 2.043162822723388672e+00
2.352900981903076172e+00 2.037404537200927734e+00
5.384561777114868164e+00 2.095146894454956055e+00
5.825064420700073242e+00 2.108516693115234375e+00
6.409011125564575195e+00 2.115586280822753906e+00
5.676972627639770508e+00 2.106373548507690430e+00
6.416849136352539062e+00 2.099179267883300781e+00
6.544984102249145508e+00 2.113874435424804688e+00
9.914662599563598633e+00 2.224991798400878906e+00
1.131959080696105957e+01 2.304658651351928711e+00
1.161718559265136719e+01 2.285809278488159180e+00
1.122579550743103027e+01 2.257801532745361328e+00
1.289611482620239258e+01 2.314465045928955078e+00
1.121667098999023438e+01 2.270383834838867188e+00
7.053506374359130859e-01 1.923056364059448242e+00
6.837592124938964844e-01 1.917871713638305664e+00
6.843087673187255859e-01 1.914920806884765625e+00
6.740951538085937500e-01 1.908122777938842773e+00
6.905388832092285156e-01 1.918687105178833008e+00
7.052664756774902344e-01 1.912659883499145508e+00
2.499045610427856445e+00 2.033814191818237305e+00
2.651902675628662109e+00 2.000064373016357422e+00
2.780787229537963867e+00 2.003362655639648438e+00
2.491647243499755859e+00 1.996785402297973633e+00
2.697894096374511719e+00 1.999036073684692383e+00
2.754628896713256836e+00 2.009338855743408203e+00
8.242797851562500000e+00 2.163243055343627930e+00
8.911354064941406250e+00 2.175401210784912109e+00
7.694644689559936523e+00 2.194365501403808594e+00
8.605306863784790039e+00 2.207096815109252930e+00
9.388457536697387695e+00 2.215717077255249023e+00
7.288840055465698242e+00 2.148585081100463867e+00
1.875036954879760742e+01 2.451813220977783203e+00
2.061063432693481445e+01 2.452419519424438477e+00
1.267036509513854980e+01 2.300400495529174805e+00
2.115613889694213867e+01 2.494722843170166016e+00
2.296409320831298828e+01 2.516202211380004883e+00
9.354463815689086914e+00 2.306732416152954102e+00
6.794061660766601562e-01 1.955630064010620117e+00
7.081251144409179688e-01 1.914613246917724609e+00
7.048649787902832031e-01 1.915035724639892578e+00
6.792716979980468750e-01 1.912145376205444336e+00
6.954085826873779297e-01 1.909032344818115234e+00
7.137656211853027344e-01 1.925434350967407227e+00
2.622281074523925781e+00 2.007792472839355469e+00
2.821344614028930664e+00 2.046533346176147461e+00
2.969017982482910156e+00 2.005172491073608398e+00
2.676526784896850586e+00 2.236849784851074219e+00
2.867026567459106445e+00 2.002470493316650391e+00
2.890919685363769531e+00 1.999404668807983398e+00
9.340780735015869141e+00 2.179544210433959961e+00
1.014066720008850098e+01 2.251478195190429688e+00
6.402336120605468750e+00 2.097823143005371094e+00
9.639525651931762695e+00 2.228342771530151367e+00
9.991221904754638672e+00 2.247400522232055664e+00
4.997715234756469727e+00 2.074095487594604492e+00
2.270507287979125977e+01 2.496516704559326172e+00
2.379076552391052246e+01 2.512578725814819336e+00
1.075470519065856934e+01 1.232532024383544922e+00
2.578119254112243652e+01 2.551723718643188477e+00
2.674994683265686035e+01 2.551717996597290039e+00
9.364478349685668945e+00 2.244521379470825195e+00
6.595208644866943359e-01 1.907826185226440430e+00
6.599042415618896484e-01 1.943979263305664062e+00
6.509842872619628906e-01 1.900114297866821289e+00
6.511154174804687500e-01 1.905219078063964844e+00
6.594517230987548828e-01 1.908236742019653320e+00
6.558818817138671875e-01 1.899463415145874023e+00
2.237982511520385742e+00 1.989788532257080078e+00
2.379848241806030273e+00 1.999300956726074219e+00
2.481805324554443359e+00 2.044802665710449219e+00
2.289092063903808594e+00 1.992979764938354492e+00
2.366813182830810547e+00 1.984855651855468750e+00
2.246290206909179688e+00 1.978169679641723633e+00
7.885340929031372070e+00 2.186486959457397461e+00
8.345333337783813477e+00 2.214702606201171875e+00
4.801516771316528320e+00 2.107953310012817383e+00
8.228073358535766602e+00 2.203376770019531250e+00
8.185650825500488281e+00 2.208029270172119141e+00
3.696597099304199219e+00 1.050708293914794922e+00
1.924790239334106445e+01 2.523242235183715820e+00
1.983021903038024902e+01 2.524484157562255859e+00
6.805534362792968750e+00 2.218910932540893555e+00
2.270437932014465332e+01 2.617469549179077148e+00
2.220715785026550293e+01 2.578024148941040039e+00
6.622690916061401367e+00 9.258153438568115234e-01
