1.072995662689208984e-01 1.865564346313476562e+00
1.060695648193359375e-01 1.850328207015991211e+00
1.152212619781494141e-01 1.828044891357421875e+00
1.141645908355712891e-01 1.822931289672851562e+00
1.149022579193115234e-01 1.828139305114746094e+00
1.140978336334228516e-01 1.824851989746093750e+00
2.937979698181152344e-01 1.860397815704345703e+00
2.978782653808593750e-01 1.840009450912475586e+00
3.079450130462646484e-01 1.833209037780761719e+00
3.183796405792236328e-01 1.834772825241088867e+00
3.220567703247070312e-01 1.837120056152343750e+00
3.201589584350585938e-01 1.840601682662963867e+00
6.519374847412109375e-01 1.852278470993041992e+00
7.045683860778808594e-01 1.859625101089477539e+00
2.856962680816650391e-01 1.809076070785522461e+00
7.152667045593261719e-01 1.853705883026123047e+00
7.539916038513183594e-01 1.858193159103393555e+00
7.717585563659667969e-01 1.857083797454833984e+00
1.203132152557373047e+00 1.880076885223388672e+00
1.268058538436889648e+00 1.877534151077270508e+00
2.399063110351562500e-01 1.737632513046264648e+00
1.367843151092529297e+00 1.861135959625244141e+00
1.485504865646362305e+00 1.869738817214965820e+00
1.047328233718872070e+00 1.901162862777709961e+00
1.173064708709716797e-01 1.818766593933105469e+00
1.169314384460449219e-01 1.831615209579467773e+00
1.160905361175537109e-01 1.804676294326782227e+00
1.146907806396484375e-01 1.834991216659545898e+00
1.170578002929687500e-01 1.836370944976806641e+00
1.148357391357421875e-01 1.826478958129882812e+00
3.489410877227783203e-01 1.854459047317504883e+00
3.550167083740234375e-01 1.862118005752563477e+00
1.637995243072509766e-01 1.664118051528930664e+00
3.767168521881103516e-01 1.854607105255126953e+00
3.566405773162841797e-01 1.877276182174682617e+00
3.773131370544433594e-01 1.853702068328857422e+00
9.677507877349853516e-01 1.876050233840942383e+00
1.028320550918579102e+00 1.870187997817993164e+00
2.177593708038330078e-01 1.831132650375366211e+00
1.023244142532348633e+00 1.874858379364013672e+00
1.083359241485595703e+00 1.866883754730224609e+00
8.465623855590820312e-01 1.369971990585327148e+00
2.074806928634643555e+00 1.904397726058959961e+00
2.114383935928344727e+00 1.880520582199096680e+00
2.622122764587402344e-01 1.740129232406616211e+00
2.357483863830566406e+00 1.892619371414184570e+00
2.575293302536010742e+00 1.882667303085327148e+00
1.027134895324707031e+00 1.876950979232788086e+00
1.164562702178955078e-01 1.818439960479736328e+00
1.186075210571289062e-01 1.847040414810180664e+00
1.167035102844238281e-01 1.810445547103881836e+00
1.155385971069335938e-01 1.805042982101440430e+00
1.173887252807617188e-01 1.820852279663085938e+00
1.161153316497802734e-01 1.813442230224609375e+00
3.650498390197753906e-01 1.837831020355224609e+00
3.848042488098144531e-01 1.851000785827636719e+00
1.813778877258300781e-01 1.770982980728149414e+00
3.883125782012939453e-01 1.849689245223999023e+00
3.771808147430419922e-01 1.875088453292846680e+00
4.137938022613525391e-01 1.888806819915771484e+00
1.061081647872924805e+00 1.877919673919677734e+00
1.125265598297119141e+00 1.865935564041137695e+00
1.703646183013916016e-01 1.837350606918334961e+00
1.184892654418945312e+00 1.877445936203002930e+00
1.207733869552612305e+00 1.859776496887207031e+00
4.114015102386474609e-01 1.769617319107055664e+00
2.582391500473022461e+00 1.870420932769775391e+00
2.516588687896728516e+00 1.863272905349731445e+00
3.077015876770019531e-01 1.767258405685424805e+00
2.939039945602416992e+00 1.871254205703735352e+00
2.545048475265502930e+00 1.862308025360107422e+00
8.155665397644042969e-01 1.844616413116455078e+00
1.109647750854492188e-01 1.813844203948974609e+00
1.135740280151367188e-01 1.831904172897338867e+00
1.114721298217773438e-01 1.823351383209228516e+00
1.104786396026611328e-01 1.823453664779663086e+00
1.136629581451416016e-01 1.871605634689331055e+00
1.115310192108154297e-01 1.866423606872558594e+00
3.300032615661621094e-01 1.893982648849487305e+00
3.259952068328857422e-01 1.884687662124633789e+00
1.233546733856201172e-01 1.894322156906127930e+00
3.487679958343505859e-01 1.892532110214233398e+00
3.303372859954833984e-01 1.897424459457397461e+00
3.558199405670166016e-01 1.905095577239990234e+00
8.972322940826416016e-01 1.917630910873413086e+00
9.547171592712402344e-01 1.916857481002807617e+00
1.405539512634277344e-01 1.703291893005371094e+00
1.020378828048706055e+00 1.916385650634765625e+00
9.845068454742431641e-01 1.918382883071899414e+00
1.592924594879150391e-01 2.257595062255859375e-01
2.028298616409301758e+00 1.921783208847045898e+00
2.014592885971069336e+00 1.958898544311523438e+00
1.841223239898681641e-01 1.771884441375732422e+00
2.561858415603637695e+00 1.929251432418823242e+00
1.752248048782348633e+00 1.883933782577514648e+00
3.562505245208740234e-01 1.827976942062377930e+00
6.829483509063720703e-01 1.971163988113403320e+00
6.721255779266357422e-01 1.983175516128540039e+00
6.798202991485595703e-01 1.972635746002197266e+00
6.687736511230468750e-01 2.007263660430908203e+00
6.803030967712402344e-01 1.974885702133178711e+00
6.703143119812011719e-01 1.980797529220581055e+00
2.142586708068847656e+00 2.045835018157958984e+00
2.169200420379638672e+00 2.016180992126464844e+00
2.352226972579956055e+00 2.031562089920043945e+00
2.230107545852661133e+00 2.061151504516601562e+00
2.308336019515991211e+00 2.034852743148803711e+00
2.399947404861450195e+00 2.015983581542968750e+00
5.584328889846801758e+00 2.132633686065673828e+00
6.025628566741943359e+00 2.150854587554931641e+00
6.556785821914672852e+00 2.207695484161376953e+00
6.195489406585693359e+00 2.221136093139648438e+00
6.829479694366455078e+00 2.211879491806030273e+00
6.621671676635742188e+00 2.199960947036743164e+00
1.065180230140686035e+01 2.298861265182495117e+00
1.176970934867858887e+01 2.308547258377075195e+00
1.144793319702148438e+01 2.320136547088623047e+00
1.218012356758117676e+01 2.354128599166870117e+00
1.357659506797790527e+01 2.297957897186279297e+00
1.144991040229797363e+01 2.290275573730468750e+00
6.789042949676513672e-01 1.965323925018310547e+00
6.911418437957763672e-01 2.024849414825439453e+00
7.074625492095947266e-01 1.996108531951904297e+00
6.742515563964843750e-01 1.983481645584106445e+00
7.041161060333251953e-01 1.993167161941528320e+00
6.832466125488281250e-01 1.991852521896362305e+00
2.594660043716430664e+00 2.056296348571777344e+00
2.664527177810668945e+00 2.048445940017700195e+00
2.829314470291137695e+00 2.055708885192871094e+00
2.645521402359008789e+00 2.043709754943847656e+00
2.766451120376586914e+00 2.058544397354125977e+00
2.848291873931884766e+00 2.052667856216430664e+00
8.532577276229858398e+00 2.184804201126098633e+00
9.399757146835327148e+00 2.206573009490966797e+00
8.082784652709960938e+00 2.167914390563964844e+00
9.294236660003662109e+00 2.175879716873168945e+00
9.997638940811157227e+00 2.190273046493530273e+00
6.604568243026733398e+00 2.121238470077514648e+00
1.987110972404479980e+01 2.426489591598510742e+00
2.163066315650939941e+01 2.481938123703002930e+00
1.151365685462951660e+01 2.313504695892333984e+00
2.334588313102722168e+01 2.518729209899902344e+00
2.447456789016723633e+01 2.520787477493286133e+00
1.106300663948059082e+01 2.312326908111572266e+00
7.010226249694824219e-01 1.922699213027954102e+00
6.866340637207031250e-01 1.927177190780639648e+00
7.005906105041503906e-01 1.928256750106811523e+00
7.044234275817871094e-01 1.926258325576782227e+00
6.907632350921630859e-01 1.919970273971557617e+00
6.867432594299316406e-01 1.920120716094970703e+00
2.734052658081054688e+00 2.010050773620605469e+00
2.854691028594970703e+00 2.037060260772705078e+00
3.001453876495361328e+00 2.016411781311035156e+00
2.777778148651123047e+00 2.028379440307617188e+00
2.940155982971191406e+00 2.028689384460449219e+00
2.966818332672119141e+00 2.027457475662231445e+00
9.948675155639648438e+00 2.211984395980834961e+00
1.063514018058776855e+01 2.257087469100952148e+00
5.817836761474609375e+00 2.081825971603393555e+00
1.078551220893859863e+01 2.252740383148193359e+00
1.084204411506652832e+01 2.276144504547119141e+00
5.202603578567504883e+00 2.108647823333740234e+00
2.459995555877685547e+01 2.531467676162719727e+00
2.531538343429565430e+01 2.540926218032836914e+00
9.656991481781005859e+00 2.219528675079345703e+00
2.826357984542846680e+01 2.605412244796752930e+00
2.857391357421875000e+01 2.586978197097778320e+00
9.378564596176147461e+00 2.267439842224121094e+00
6.599345207214355469e-01 1.941618204116821289e+00
6.504638195037841797e-01 1.967866182327270508e+00
6.373276710510253906e-01 1.925216197967529297e+00
6.323940753936767578e-01 1.923312425613403320e+00
6.375193595886230469e-01 1.938173532485961914e+00
6.330096721649169922e-01 1.919566392898559570e+00
2.320764303207397461e+00 2.021351575851440430e+00
2.449334144592285156e+00 2.034249067306518555e+00
2.526719570159912109e+00 2.016753673553466797e+00
2.371377229690551758e+00 2.015828371047973633e+00
2.473203659057617188e+00 2.017317533493041992e+00
2.286475658416748047e+00 2.007175445556640625e+00
8.506056785583496094e+00 2.225545406341552734e+00
8.791337251663208008e+00 2.255951404571533203e+00
4.173363447189331055e+00 2.007127046585083008e+00
9.017842292785644531e+00 2.257349491119384766e+00
8.679303169250488281e+00 2.247278213500976562e+00
3.672579765319824219e+00 2.006163358688354492e+00
2.037496757507324219e+01 2.550745487213134766e+00
2.061860394477844238e+01 2.555782318115234375e+00
6.883349418640136719e+00 2.248586893081665039e+00
2.452641797065734863e+01 2.680272102355957031e+00
1.803543353080749512e+01 2.590385675430297852e+00
7.015121936798095703e+00 9.442131519317626953e-01
