1.050624847412109375e-01 1.854383707046508789e+00
1.067864894866943359e-01 1.863677978515625000e+00
9.271979331970214844e-02 1.824273109436035156e+00
1.136949062347412109e-01 1.857068538665771484e+00
1.141023635864257812e-01 1.881724834442138672e+00
1.132438182830810547e-01 1.858881711959838867e+00
3.101000785827636719e-01 1.904817342758178711e+00
3.126378059387207031e-01 1.947446107864379883e+00
3.148570060729980469e-01 1.919477701187133789e+00
3.166692256927490234e-01 1.903264045715332031e+00
3.179326057434082031e-01 1.891060352325439453e+00
3.077721595764160156e-01 1.915216207504272461e+00
6.655220985412597656e-01 1.921609878540039062e+00
6.961967945098876953e-01 1.948040723800659180e+00
3.297488689422607422e-01 1.803380250930786133e+00
6.955902576446533203e-01 1.934661149978637695e+00
7.119653224945068359e-01 1.924940347671508789e+00
6.753418445587158203e-01 1.892977952957153320e+00
1.150497436523437500e+00 1.920723915100097656e+00
1.202146053314208984e+00 1.937722206115722656e+00
2.852549552917480469e-01 1.793392658233642578e+00
1.257685661315917969e+00 1.913882255554199219e+00
1.425302267074584961e+00 1.906268358230590820e+00
1.026585817337036133e+00 1.943975210189819336e+00
1.148736476898193359e-01 1.854139089584350586e+00
1.138269901275634766e-01 1.863510608673095703e+00
1.152341365814208984e-01 1.867657423019409180e+00
1.145677566528320312e-01 1.862338066101074219e+00
1.137223243713378906e-01 1.865909099578857422e+00
1.149981021881103516e-01 1.854812145233154297e+00
3.597605228424072266e-01 1.932678699493408203e+00
3.414416313171386719e-01 1.888473510742187500e+00
2.039053440093994141e-01 8.867354393005371094e-01
3.451864719390869141e-01 1.908328533172607422e+00
3.664069175720214844e-01 1.904064416885375977e+00
3.622095584869384766e-01 1.878694295883178711e+00
9.360389709472656250e-01 1.901026725769042969e+00
9.764778614044189453e-01 1.919350624084472656e+00
2.399976253509521484e-01 1.777263164520263672e+00
9.764802455902099609e-01 1.926446437835693359e+00
1.042763710021972656e+00 1.906736135482788086e+00
5.898814201354980469e-01 1.776771545410156250e+00
2.041830539703369141e+00 1.944514513015747070e+00
2.161370515823364258e+00 1.997769594192504883e+00
3.232941627502441406e-01 1.943721294403076172e+00
2.171414852142333984e+00 1.936115026473999023e+00
2.332096099853515625e+00 1.907087326049804688e+00
1.133053064346313477e+00 8.955433368682861328e-01
1.106386184692382812e-01 1.839762687683105469e+00
1.157469749450683594e-01 1.861322641372680664e+00
1.171734333038330078e-01 1.835150718688964844e+00
1.155083179473876953e-01 1.846846818923950195e+00
1.169602870941162109e-01 1.861397981643676758e+00
1.165690422058105469e-01 1.869966268539428711e+00
3.785748481750488281e-01 1.885540962219238281e+00
3.621473312377929688e-01 1.884599924087524414e+00
1.869592666625976562e-01 1.851497650146484375e+00
3.662302494049072266e-01 1.897106647491455078e+00
3.884127140045166016e-01 1.877838134765625000e+00
3.812632560729980469e-01 1.898863792419433594e+00
1.037957429885864258e+00 1.904860019683837891e+00
1.116227865219116211e+00 1.929338455200195312e+00
1.619086265563964844e-01 1.701038122177124023e+00
1.109526157379150391e+00 1.908753395080566406e+00
1.126779079437255859e+00 1.903620243072509766e+00
5.248694419860839844e-01 1.894950389862060547e+00
2.385092496871948242e+00 1.917971849441528320e+00
2.388180017471313477e+00 1.929552555084228516e+00
2.500929832458496094e-01 1.827370643615722656e+00
2.761935234069824219e+00 1.937294483184814453e+00
2.470678091049194336e+00 1.905627489089965820e+00
1.032796382904052734e+00 8.594725131988525391e-01
1.249556541442871094e-01 1.836787462234497070e+00
1.111443042755126953e-01 1.856898784637451172e+00
1.122009754180908203e-01 1.860013484954833984e+00
1.116850376129150391e-01 1.827282190322875977e+00
1.110601425170898438e-01 1.840702772140502930e+00
1.117103099822998047e-01 1.847418546676635742e+00
3.111245632171630859e-01 1.878916501998901367e+00
3.226604461669921875e-01 1.877306938171386719e+00
8.633422851562500000e-02 1.535084724426269531e+00
3.485126495361328125e-01 1.893569946289062500e+00
3.321821689605712891e-01 1.891905069351196289e+00
2.779312133789062500e-01 1.894435644149780273e+00
9.183421134948730469e-01 1.905255556106567383e+00
9.840116500854492188e-01 1.905309200286865234e+00
1.350588798522949219e-01 1.674579858779907227e+00
9.745185375213623047e-01 1.914018630981445312e+00
8.767693042755126953e-01 1.897487163543701172e+00
2.774329185485839844e-01 1.781931400299072266e+00
1.965951681137084961e+00 1.898750305175781250e+00
1.924618959426879883e+00 1.909929990768432617e+00
2.092819213867187500e-01 1.860996007919311523e+00
2.289970159530639648e+00 1.910763502120971680e+00
1.994956731796264648e+00 1.889264822006225586e+00
3.302662372589111328e-01 2.284371852874755859e-01
5.979788303375244141e-01 1.915432214736938477e+00
6.799380779266357422e-01 1.913339853286743164e+00
6.802091598510742188e-01 1.913891315460205078e+00
6.653530597686767578e-01 1.920218229293823242e+00
6.662209033966064453e-01 1.926381587982177734e+00
6.595551967620849609e-01 1.970185995101928711e+00
2.117718458175659180e+00 2.002690792083740234e+00
2.135244846343994141e+00 2.001440286636352539e+00
2.304890632629394531e+00 1.988727331161499023e+00
2.185823678970336914e+00 2.015196800231933594e+00
2.261906862258911133e+00 2.033138036727905273e+00
2.375207901000976562e+00 2.020200729370117188e+00
5.552268743515014648e+00 2.077096939086914062e+00
5.927768707275390625e+00 2.108770847320556641e+00
6.398893117904663086e+00 2.091940164566040039e+00
5.865801095962524414e+00 2.103855371475219727e+00
6.560163021087646484e+00 2.108191728591918945e+00
6.387819528579711914e+00 2.118560552597045898e+00
1.042593908309936523e+01 2.225893259048461914e+00
1.133732008934020996e+01 2.249621868133544922e+00
1.065165615081787109e+01 2.219518184661865234e+00
1.190459775924682617e+01 2.249361515045166016e+00
1.299213600158691406e+01 2.245661497116088867e+00
1.044431662559509277e+01 2.237905025482177734e+00
6.765546798706054688e-01 1.928648233413696289e+00
6.968910694122314453e-01 1.949046850204467773e+00
6.918120384216308594e-01 1.947036027908325195e+00
6.753942966461181641e-01 1.962831735610961914e+00
7.039349079132080078e-01 1.958563566207885742e+00
6.743290424346923828e-01 1.971040248870849609e+00
2.510601282119750977e+00 2.045346736907958984e+00
2.627739667892456055e+00 2.056736230850219727e+00
2.773480176925659180e+00 2.033433198928833008e+00
2.514774799346923828e+00 2.038393497467041016e+00
2.697808742523193359e+00 2.069046020507812500e+00
2.760809898376464844e+00 2.026826858520507812e+00
8.358528137207031250e+00 2.198008537292480469e+00
9.090741395950317383e+00 2.206079006195068359e+00
5.884905815124511719e+00 2.162829160690307617e+00
8.826720237731933594e+00 2.229107856750488281e+00
9.453325510025024414e+00 2.227721214294433594e+00
5.181319952011108398e+00 2.143359422683715820e+00
1.916844487190246582e+01 2.436292886734008789e+00
2.071458292007446289e+01 2.491977214813232422e+00
1.026267623901367188e+01 2.255789995193481445e+00
2.172508311271667480e+01 2.539924383163452148e+00
2.356844615936279297e+01 2.553371667861938477e+00
9.564717054367065430e+00 2.234479904174804688e+00
6.920316219329833984e-01 1.968666553497314453e+00
7.140328884124755859e-01 1.944098711013793945e+00
7.130780220031738281e-01 1.951043844223022461e+00
7.176535129547119141e-01 1.982709169387817383e+00
6.989345550537109375e-01 1.961742877960205078e+00
7.112669944763183594e-01 1.935199260711669922e+00
2.702921867370605469e+00 2.025285005569458008e+00
2.859797716140747070e+00 2.016867637634277344e+00
2.994553089141845703e+00 2.030466079711914062e+00
2.764132738113403320e+00 2.022950410842895508e+00
2.922729492187500000e+00 2.035848140716552734e+00
2.765253067016601562e+00 2.015595436096191406e+00
9.727055311203002930e+00 2.207063674926757812e+00
1.043953466415405273e+01 2.203279972076416016e+00
5.819220066070556641e+00 2.054297447204589844e+00
1.029261493682861328e+01 2.222592353820800781e+00
1.016895508766174316e+01 2.246770381927490234e+00
3.847693920135498047e+00 1.969124317169189453e+00
2.393647837638854980e+01 2.501024007797241211e+00
2.426812744140625000e+01 2.514628171920776367e+00
8.764127254486083984e+00 2.051012277603149414e+00
2.684266972541809082e+01 2.565609455108642578e+00
2.457973790168762207e+01 2.549226522445678711e+00
6.818629980087280273e+00 2.103786468505859375e+00
6.593241691589355469e-01 1.939656734466552734e+00
6.490781307220458984e-01 1.925630331039428711e+00
6.515898704528808594e-01 1.944837808609008789e+00
6.365201473236083984e-01 1.928771257400512695e+00
6.415896415710449219e-01 1.947645425796508789e+00
6.386463642120361328e-01 1.942455053329467773e+00
2.229337692260742188e+00 2.033553123474121094e+00
2.432781457901000977e+00 2.015270709991455078e+00
1.978230714797973633e+00 2.023801803588867188e+00
2.302574872970581055e+00 2.023810148239135742e+00
2.401011228561401367e+00 2.051042318344116211e+00
1.859005689620971680e+00 1.914439678192138672e+00
7.990015029907226562e+00 2.221149682998657227e+00
8.364237308502197266e+00 2.227183580398559570e+00
4.133405923843383789e+00 2.080406904220581055e+00
8.440712451934814453e+00 2.234102249145507812e+00
7.569954872131347656e+00 2.217452764511108398e+00
2.480178356170654297e+00 2.008553266525268555e+00
1.978427600860595703e+01 2.572454690933227539e+00
2.035412812232971191e+01 2.541131973266601562e+00
5.659594774246215820e+00 2.179817914962768555e+00
2.343313431739807129e+01 2.615776777267456055e+00
1.657098960876464844e+01 2.597445487976074219e+00
5.462088823318481445e+00 2.033456563949584961e+00
