3.552460670471191406e-01 2.277504682540893555e+00
1.295633316040039062e-01 2.291711807250976562e+00
1.169192790985107422e-01 2.279266357421875000e+00
1.165587902069091797e-01 2.242515325546264648e+00
1.173262596130371094e-01 2.239084243774414062e+00
1.166484355926513672e-01 2.260376691818237305e+00
3.052320480346679688e-01 2.308100223541259766e+00
3.032484054565429688e-01 2.319638252258300781e+00
2.678503990173339844e-01 2.284069061279296875e+00
3.219592571258544922e-01 2.316296100616455078e+00
3.182463645935058594e-01 2.315476179122924805e+00
3.121817111968994141e-01 2.311048030853271484e+00
7.058968544006347656e-01 2.346536397933959961e+00
7.307834625244140625e-01 2.348156690597534180e+00
2.345683574676513672e-01 2.138348102569580078e+00
7.433757781982421875e-01 2.368438720703125000e+00
7.483298778533935547e-01 2.334037780761718750e+00
6.939690113067626953e-01 2.323992013931274414e+00
1.113130569458007812e+00 2.331670761108398438e+00
1.283979415893554688e+00 2.331732511520385742e+00
2.682697772979736328e-01 4.602696895599365234e-01
1.366806745529174805e+00 2.332169294357299805e+00
1.411543369293212891e+00 2.379016876220703125e+00
9.254004955291748047e-01 1.585338592529296875e+00
1.169025897979736328e-01 2.282465219497680664e+00
1.188247203826904297e-01 2.279661178588867188e+00
1.182978153228759766e-01 2.254397392272949219e+00
1.190540790557861328e-01 2.243153095245361328e+00
1.190609931945800781e-01 2.250427246093750000e+00
1.194593906402587891e-01 2.240265369415283203e+00
3.534719944000244141e-01 2.246096849441528320e+00
3.775970935821533203e-01 2.291840076446533203e+00
1.648645401000976562e-01 2.231428384780883789e+00
3.615226745605468750e-01 2.252312898635864258e+00
3.900628089904785156e-01 2.260381937026977539e+00
3.801598548889160156e-01 2.240382909774780273e+00
9.766044616699218750e-01 2.258948564529418945e+00
1.045043230056762695e+00 2.264804124832153320e+00
2.618141174316406250e-01 2.172191858291625977e+00
1.050485134124755859e+00 2.362402439117431641e+00
1.077773332595825195e+00 2.268379688262939453e+00
4.877047538757324219e-01 2.271905183792114258e+00
2.314808368682861328e+00 2.298952579498291016e+00
2.294412612915039062e+00 2.298840761184692383e+00
3.418111801147460938e-01 2.058726072311401367e+00
2.526353597640991211e+00 2.328387737274169922e+00
2.495607137680053711e+00 2.284059524536132812e+00
6.850705146789550781e-01 2.131361484527587891e+00
1.214091777801513672e-01 2.225170612335205078e+00
1.214017868041992188e-01 2.238756656646728516e+00
1.207840442657470703e-01 2.219620704650878906e+00
1.207923889160156250e-01 2.205515384674072266e+00
1.203458309173583984e-01 2.222896575927734375e+00
1.209576129913330078e-01 2.221032381057739258e+00
3.772261142730712891e-01 2.273837804794311523e+00
3.976390361785888672e-01 2.283036947250366211e+00
1.435308456420898438e-01 2.270237684249877930e+00
3.962726593017578125e-01 2.313075780868530273e+00
3.902621269226074219e-01 2.324860572814941406e+00
2.463023662567138672e-01 2.332970380783081055e+00
1.131968736648559570e+00 2.351039409637451172e+00
1.218952178955078125e+00 2.422653436660766602e+00
1.628189086914062500e-01 2.212229251861572266e+00
1.197057485580444336e+00 2.353449583053588867e+00
1.016541242599487305e+00 2.307521343231201172e+00
5.125539302825927734e-01 2.157371759414672852e+00
2.519247531890869141e+00 2.363665103912353516e+00
2.424660205841064453e+00 2.377361297607421875e+00
2.570374011993408203e-01 2.282021522521972656e+00
3.006916999816894531e+00 2.355070829391479492e+00
2.241945743560791016e+00 2.298798561096191406e+00
6.820580959320068359e-01 5.330188274383544922e-01
9.836912155151367188e-02 2.231197595596313477e+00
1.149663925170898438e-01 2.224935054779052734e+00
1.156423091888427734e-01 2.243372440338134766e+00
1.143441200256347656e-01 2.198946237564086914e+00
1.149277687072753906e-01 2.224601745605468750e+00
1.037607192993164062e-01 2.051345586776733398e+00
3.271181583404541016e-01 2.252724170684814453e+00
3.267579078674316406e-01 2.253631353378295898e+00
1.276571750640869141e-01 2.186652183532714844e+00
3.325085639953613281e-01 2.257844448089599609e+00
3.403384685516357422e-01 2.261221170425415039e+00
2.052893638610839844e-01 2.304073095321655273e+00
8.914110660552978516e-01 2.287606716156005859e+00
8.111553192138671875e-01 2.285711288452148438e+00
1.338765621185302734e-01 2.159206628799438477e+00
9.153709411621093750e-01 2.281433582305908203e+00
7.072899341583251953e-01 2.271807670593261719e+00
2.222316265106201172e-01 2.247163772583007812e+00
2.077682733535766602e+00 2.318307161331176758e+00
1.532523393630981445e+00 2.298984289169311523e+00
1.949563026428222656e-01 2.210041761398315430e+00
2.403409004211425781e+00 2.301638841629028320e+00
1.422643661499023438e+00 2.285745143890380859e+00
3.113608360290527344e-01 2.810332775115966797e-01
6.438484191894531250e-01 2.329056978225708008e+00
7.133522033691406250e-01 2.328806161880493164e+00
7.322919368743896484e-01 2.372230052947998047e+00
7.310435771942138672e-01 2.328999519348144531e+00
7.269990444183349609e-01 2.327722072601318359e+00
7.238373756408691406e-01 2.334509611129760742e+00
2.297305583953857422e+00 2.406279325485229492e+00
2.362081766128540039e+00 2.410509586334228516e+00
2.502170324325561523e+00 2.419771909713745117e+00
2.396787166595458984e+00 2.478718280792236328e+00
2.480172157287597656e+00 2.453400373458862305e+00
2.552814960479736328e+00 2.452142953872680664e+00
6.021234273910522461e+00 2.559341430664062500e+00
6.602157115936279297e+00 2.572052955627441406e+00
5.935713768005371094e+00 2.605711936950683594e+00
6.443376302719116211e+00 2.577020645141601562e+00
7.058355808258056641e+00 2.578037738800048828e+00
5.588654518127441406e+00 2.561539888381958008e+00
1.113485884666442871e+01 2.699804067611694336e+00
1.240735769271850586e+01 2.722799539566040039e+00
9.385562896728515625e+00 2.749926090240478516e+00
1.311201477050781250e+01 2.774386882781982422e+00
1.386691713333129883e+01 2.779417753219604492e+00
7.068714618682861328e+00 2.694043874740600586e+00
7.244644165039062500e-01 2.402944087982177734e+00
7.383661270141601562e-01 2.390745401382446289e+00
7.411172389984130859e-01 2.402380228042602539e+00
7.418065071105957031e-01 2.377651929855346680e+00
7.470576763153076172e-01 2.403801441192626953e+00
7.389175891876220703e-01 2.375282287597656250e+00
2.747843980789184570e+00 2.540683507919311523e+00
2.888420820236206055e+00 2.471897840499877930e+00
2.863094329833984375e+00 2.474258422851562500e+00
2.804809331893920898e+00 2.469971418380737305e+00
2.952565670013427734e+00 2.518729925155639648e+00
2.334465503692626953e+00 2.464480876922607422e+00
9.129974603652954102e+00 2.624773502349853516e+00
9.976253509521484375e+00 2.638631820678710938e+00
5.498228549957275391e+00 2.551829576492309570e+00
9.832223653793334961e+00 2.629237413406372070e+00
9.942167997360229492e+00 2.628986597061157227e+00
3.895412445068359375e+00 2.469661235809326172e+00
2.129722332954406738e+01 2.865504026412963867e+00
2.284008169174194336e+01 2.892718553543090820e+00
9.245653152465820312e+00 2.241143703460693359e+00
2.428158855438232422e+01 2.924000024795532227e+00
2.574253273010253906e+01 2.950097084045410156e+00
6.830291509628295898e+00 2.355620145797729492e+00
7.519423961639404297e-01 2.408245801925659180e+00
7.587928771972656250e-01 2.371255874633789062e+00
7.478494644165039062e-01 2.376270532608032227e+00
7.281432151794433594e-01 2.376246213912963867e+00
7.395584583282470703e-01 2.391804218292236328e+00
7.527744770050048828e-01 2.384300470352172852e+00
2.922163248062133789e+00 2.527871608734130859e+00
3.087042331695556641e+00 2.485594272613525391e+00
2.493998289108276367e+00 1.992112159729003906e+00
3.008682489395141602e+00 2.491207361221313477e+00
3.106978893280029297e+00 2.535988569259643555e+00
2.003321647644042969e+00 1.589854478836059570e+00
1.060775947570800781e+01 2.679856538772583008e+00
1.089900898933410645e+01 2.676800489425659180e+00
4.364770412445068359e+00 2.531617641448974609e+00
1.088588595390319824e+01 2.697563409805297852e+00
8.205823659896850586e+00 2.660416603088378906e+00
3.435969114303588867e+00 2.508079767227172852e+00
2.514122748374938965e+01 2.959781646728515625e+00
2.231339883804321289e+01 2.955642938613891602e+00
7.950865745544433594e+00 2.459567785263061523e+00
2.898616409301757812e+01 3.035959959030151367e+00
2.069648933410644531e+01 2.945013284683227539e+00
7.794394493103027344e+00 2.655109643936157227e+00
6.746578216552734375e-01 2.419675111770629883e+00
6.772530078887939453e-01 2.400217294692993164e+00
7.034273147583007812e-01 2.411620855331420898e+00
6.730136871337890625e-01 2.405476808547973633e+00
6.824142932891845703e-01 2.410933256149291992e+00
7.034614086151123047e-01 2.406189680099487305e+00
2.353180408477783203e+00 2.520452737808227539e+00
2.508147954940795898e+00 2.498881101608276367e+00
1.784010171890258789e+00 2.404118776321411133e+00
2.411444425582885742e+00 2.502355098724365234e+00
2.418188810348510742e+00 2.501394271850585938e+00
1.165542602539062500e+00 2.447057723999023438e+00
8.340123891830444336e+00 2.692256212234497070e+00
7.888780117034912109e+00 2.749539375305175781e+00
2.771555662155151367e+00 2.419430971145629883e+00
8.295520544052124023e+00 2.732444763183593750e+00
5.442395687103271484e+00 2.661782979965209961e+00
2.227868556976318359e+00 2.275076627731323242e+00
2.017837810516357422e+01 3.006398200988769531e+00
1.804447388648986816e+01 2.991785764694213867e+00
5.244637250900268555e+00 2.589766502380371094e+00
2.347362208366394043e+01 3.070264339447021484e+00
1.349488258361816406e+01 2.910111427307128906e+00
4.314854145050048828e+00 2.526064157485961914e+00
