5.974483489990234375e-02 1.458561420440673828e-01 1.882951259613037109e-01
5.071020126342773438e-02 1.625170707702636719e-01 2.020347118377685547e-01
4.694271087646484375e-02 1.334257125854492188e-01 2.148649692535400391e-01
4.750275611877441406e-02 1.282644271850585938e-01 2.138991355895996094e-01
5.106568336486816406e-02 1.278176307678222656e-01 2.048995494842529297e-01
4.678630828857421875e-02 1.184771060943603516e-01 2.045383453369140625e-01
4.767537117004394531e-02 1.175775527954101562e-01 2.022998332977294922e-01
4.773426055908203125e-02 1.175651550292968750e-01 1.902103424072265625e-01
4.710245132446289062e-02 1.168549060821533203e-01 1.947231292724609375e-01
4.729509353637695312e-02 1.149079799652099609e-01 1.946015357971191406e-01
4.691433906555175781e-02 1.174089908599853516e-01 2.115209102630615234e-01
4.694509506225585938e-02 1.147527694702148438e-01 1.867659091949462891e-01
4.693913459777832031e-02 1.153039932250976562e-01 2.032787799835205078e-01
4.693675041198730469e-02 1.131699085235595703e-01 2.014048099517822266e-01
4.794406890869140625e-02 1.142578125000000000e-01 1.982905864715576172e-01
4.783654212951660156e-02 1.153998374938964844e-01 1.961059570312500000e-01
4.810166358947753906e-02 1.158514022827148438e-01 2.060561180114746094e-01
4.786491394042968750e-02 1.144001483917236328e-01 1.951825618743896484e-01
4.782795906066894531e-02 1.149022579193115234e-01 1.987438201904296875e-01
4.771828651428222656e-02 1.152820587158203125e-01 2.046251296997070312e-01
