6.924390792846679688e-02 1.099364757537841797e-01 3.977036476135253906e-01
5.775332450866699219e-02 8.144068717956542969e-02 3.960897922515869141e-01
5.912494659423828125e-02 8.666586875915527344e-02 3.907797336578369141e-01
5.927968025207519531e-02 9.321570396423339844e-02 4.001336097717285156e-01
5.963015556335449219e-02 1.072630882263183594e-01 4.105396270751953125e-01
6.111788749694824219e-02 1.383900642395019531e-01 3.998231887817382812e-01
6.334185600280761719e-02 1.610074043273925781e-01 4.053688049316406250e-01
5.966567993164062500e-02 1.597418785095214844e-01 4.075644016265869141e-01
6.329917907714843750e-02 2.041802406311035156e-01 4.072988033294677734e-01
5.803990364074707031e-02 2.043311595916748047e-01 4.113276004791259766e-01
5.973553657531738281e-02 2.255964279174804688e-01 4.098482131958007812e-01
5.902528762817382812e-02 2.373192310333251953e-01 4.104743003845214844e-01
5.726671218872070312e-02 2.490844726562500000e-01 4.012916088104248047e-01
5.976200103759765625e-02 2.671747207641601562e-01 4.222197532653808594e-01
5.940866470336914062e-02 2.792184352874755859e-01 4.079184532165527344e-01
6.022405624389648438e-02 2.982792854309082031e-01 4.180274009704589844e-01
5.975651741027832031e-02 3.120851516723632812e-01 4.084851741790771484e-01
5.996942520141601562e-02 3.494012355804443359e-01 4.302146434783935547e-01
5.901074409484863281e-02 3.415684700012207031e-01 4.597492218017578125e-01
6.269121170043945312e-02 3.779835700988769531e-01 4.231843948364257812e-01
6.029820442199707031e-02 3.663883209228515625e-01 4.164381027221679688e-01
6.146359443664550781e-02 3.914253711700439453e-01 4.164028167724609375e-01
6.145501136779785156e-02 4.151425361633300781e-01 4.213969707489013672e-01
5.994486808776855469e-02 4.054322242736816406e-01 4.291958808898925781e-01
6.138396263122558594e-02 4.237189292907714844e-01 4.130523204803466797e-01
5.918097496032714844e-02 4.078989028930664062e-01 4.132857322692871094e-01
5.813574790954589844e-02 4.176673889160156250e-01 4.196414947509765625e-01
