8.921337127685546875e-02 1.703655719757080078e-01 2.195844650268554688e-01
5.290508270263671875e-02 1.347031593322753906e-01 2.066390514373779297e-01
5.576777458190917969e-02 1.417477130889892578e-01 2.120745182037353516e-01
5.493855476379394531e-02 1.270320415496826172e-01 2.100191116333007812e-01
5.429697036743164062e-02 1.297073364257812500e-01 2.123327255249023438e-01
5.575108528137207031e-02 1.321992874145507812e-01 2.061865329742431641e-01
5.438828468322753906e-02 1.255214214324951172e-01 2.093684673309326172e-01
5.426144599914550781e-02 1.236214637756347656e-01 2.056322097778320312e-01
5.548262596130371094e-02 1.328184604644775391e-01 2.095055580139160156e-01
5.464673042297363281e-02 1.304762363433837891e-01 2.054836750030517578e-01
5.385112762451171875e-02 1.314637660980224609e-01 2.160680294036865234e-01
5.513072013854980469e-02 1.325356960296630859e-01 2.100496292114257812e-01
5.381321907043457031e-02 1.278645992279052734e-01 2.111992835998535156e-01
5.406236648559570312e-02 1.270740032196044922e-01 2.086052894592285156e-01
