5.122447013854980469e-02 1.341097354888916016e-01 2.167713642120361328e-01
4.868698120117187500e-02 1.304523944854736328e-01 2.148289680480957031e-01
4.841303825378417969e-02 1.288979053497314453e-01 2.317321300506591797e-01
5.041384696960449219e-02 1.295266151428222656e-01 2.237546443939208984e-01
4.922413825988769531e-02 1.275870800018310547e-01 2.270257472991943359e-01
4.863405227661132812e-02 1.265833377838134766e-01 2.186536788940429688e-01
4.973483085632324219e-02 1.274077892303466797e-01 2.272496223449707031e-01
5.073451995849609375e-02 1.319723129272460938e-01 2.186264991760253906e-01
5.001592636108398438e-02 1.276321411132812500e-01 2.317106723785400391e-01
4.851436614990234375e-02 1.261968612670898438e-01 2.217328548431396484e-01
5.287051200866699219e-02 1.616411209106445312e-01 2.177104949951171875e-01
5.010533332824707031e-02 1.335058212280273438e-01 2.110216617584228516e-01
5.017089843750000000e-02 1.331541538238525391e-01 2.185759544372558594e-01
4.988193511962890625e-02 1.348910331726074219e-01 2.050480842590332031e-01
5.010247230529785156e-02 1.353867053985595703e-01 2.176389694213867188e-01
5.033040046691894531e-02 1.342122554779052734e-01 2.201561927795410156e-01
5.096650123596191406e-02 1.383574008941650391e-01 2.215228080749511719e-01
5.070376396179199219e-02 1.453514099121093750e-01 2.195425033569335938e-01
4.968237876892089844e-02 1.448595523834228516e-01 2.266924381256103516e-01
4.965829849243164062e-02 1.444799900054931641e-01 2.104067802429199219e-01
