3.600692749023437500e-02 4.470884799957275391e-01 2.096090316772460938e-01
2.714204788208007812e-02 2.857332229614257812e-01 1.992912292480468750e-01
2.731418609619140625e-02 2.196171283721923828e-01 1.991641521453857422e-01
2.705502510070800781e-02 1.623880863189697266e-01 1.961128711700439453e-01
2.699565887451171875e-02 9.775638580322265625e-02 1.958968639373779297e-01
2.624797821044921875e-02 9.615731239318847656e-02 2.001404762268066406e-01
2.695870399475097656e-02 9.680509567260742188e-02 1.949992179870605469e-01
2.610778808593750000e-02 8.577036857604980469e-02 1.941378116607666016e-01
2.641296386718750000e-02 8.740425109863281250e-02 1.943559646606445312e-01
2.644824981689453125e-02 8.479762077331542969e-02 1.979496479034423828e-01
2.738833427429199219e-02 8.539891242980957031e-02 2.209990024566650391e-01
