8.197402954101562500e-02 1.164064407348632812e-01 2.077376842498779297e-01
4.511523246765136719e-02 7.978582382202148438e-02 2.048106193542480469e-01
4.467225074768066406e-02 7.454967498779296875e-02 1.927216053009033203e-01
4.592251777648925781e-02 7.496452331542968750e-02 1.708359718322753906e-01
4.694056510925292969e-02 8.013486862182617188e-02 1.744565963745117188e-01
4.571771621704101562e-02 6.992387771606445312e-02 1.453487873077392578e-01
4.613733291625976562e-02 7.355356216430664062e-02 1.389684677124023438e-01
4.583430290222167969e-02 7.363653182983398438e-02 1.411042213439941406e-01
4.590773582458496094e-02 7.352805137634277344e-02 1.431672573089599609e-01
4.590058326721191406e-02 7.248830795288085938e-02 1.448037624359130859e-01
4.625916481018066406e-02 7.989525794982910156e-02 1.464595794677734375e-01
4.656410217285156250e-02 7.779955863952636719e-02 1.358070373535156250e-01
4.626822471618652344e-02 7.718658447265625000e-02 1.499576568603515625e-01
