8.415007591247558594e-02 6.023683547973632812e-01 2.276537418365478516e-01
5.295467376708984375e-02 5.741865634918212891e-01 2.147204875946044922e-01
5.208444595336914062e-02 5.730559825897216797e-01 2.218956947326660156e-01
5.410289764404296875e-02 5.697607994079589844e-01 2.142117023468017578e-01
5.421185493469238281e-02 5.679354667663574219e-01 2.283530235290527344e-01
5.392098426818847656e-02 5.634801387786865234e-01 2.170636653900146484e-01
5.459594726562500000e-02 5.765237808227539062e-01 2.243885993957519531e-01
5.409669876098632812e-02 5.615987777709960938e-01 2.205464839935302734e-01
5.501055717468261719e-02 5.740559101104736328e-01 2.204320430755615234e-01
5.509352684020996094e-02 5.664360523223876953e-01 2.186465263366699219e-01
5.457925796508789062e-02 5.644285678863525391e-01 2.197797298431396484e-01
5.396294593811035156e-02 5.582916736602783203e-01 2.123274803161621094e-01
