7.920408248901367188e-02 4.279301166534423828e-01 4.623565673828125000e-01
5.827856063842773438e-02 3.994839191436767578e-01 4.588210582733154297e-01
5.754804611206054688e-02 4.029870033264160156e-01 4.454183578491210938e-01
6.182646751403808594e-02 4.190785884857177734e-01 4.554958343505859375e-01
6.193923950195312500e-02 4.222426414489746094e-01 4.581887722015380859e-01
6.090545654296875000e-02 4.368002414703369141e-01 4.430060386657714844e-01
5.923342704772949219e-02 4.183461666107177734e-01 4.472825527191162109e-01
6.155037879943847656e-02 4.370045661926269531e-01 4.530153274536132812e-01
5.867338180541992188e-02 4.164226055145263672e-01 4.530386924743652344e-01
6.191420555114746094e-02 4.382181167602539062e-01 4.551169872283935547e-01
5.917382240295410156e-02 4.211673736572265625e-01 4.462172985076904297e-01
5.972647666931152344e-02 4.236476421356201172e-01 4.525914192199707031e-01
