6.480145454406738281e-02 4.247505664825439453e-01 2.155022621154785156e-01
4.507589340209960938e-02 3.824541568756103516e-01 2.246603965759277344e-01
4.659199714660644531e-02 3.777053356170654297e-01 2.255527973175048828e-01
4.622316360473632812e-02 3.921220302581787109e-01 2.178645133972167969e-01
4.739499092102050781e-02 3.963403701782226562e-01 2.206988334655761719e-01
4.577231407165527344e-02 3.987879753112792969e-01 2.189888954162597656e-01
4.809808731079101562e-02 3.988862037658691406e-01 2.222077846527099609e-01
4.625010490417480469e-02 3.894104957580566406e-01 2.150561809539794922e-01
4.730963706970214844e-02 3.826391696929931641e-01 2.205033302307128906e-01
4.775667190551757812e-02 3.922190666198730469e-01 2.218899726867675781e-01
4.710149765014648438e-02 3.818659782409667969e-01 2.209250926971435547e-01
4.788231849670410156e-02 3.867921829223632812e-01 2.181959152221679688e-01
4.691648483276367188e-02 3.705098628997802734e-01 2.206828594207763672e-01
4.653811454772949219e-02 3.712570667266845703e-01 2.214460372924804688e-01
4.711604118347167969e-02 3.783125877380371094e-01 2.235124111175537109e-01
4.636621475219726562e-02 3.727486133575439453e-01 2.154338359832763672e-01
4.656004905700683594e-02 3.710925579071044922e-01 2.162628173828125000e-01
