7.521557807922363281e-02 2.147033214569091797e-01 1.952428817749023438e-01
4.502677917480468750e-02 1.924724578857421875e-01 1.936845779418945312e-01
4.655122756958007812e-02 2.659451961517333984e-01 2.043271064758300781e-01
4.502964019775390625e-02 3.313992023468017578e-01 1.941914558410644531e-01
4.658174514770507812e-02 3.174815177917480469e-01 2.032597064971923828e-01
4.548597335815429688e-02 2.547838687896728516e-01 1.943736076354980469e-01
4.530858993530273438e-02 2.269906997680664062e-01 1.978633403778076172e-01
4.629540443420410156e-02 2.203791141510009766e-01 1.964490413665771484e-01
4.497170448303222656e-02 2.090723514556884766e-01 1.985566616058349609e-01
4.487848281860351562e-02 1.882917881011962891e-01 1.952867507934570312e-01
4.518032073974609375e-02 1.765775680541992188e-01 2.018585205078125000e-01
