4.886078834533691406e-02 1.530971527099609375e-01 2.082600593566894531e-01
4.792165756225585938e-02 1.843230724334716797e-01 1.974222660064697266e-01
4.699730873107910156e-02 2.158086299896240234e-01 2.090535163879394531e-01
4.905605316162109375e-02 2.558069229125976562e-01 2.055056095123291016e-01
4.769396781921386719e-02 2.930474281311035156e-01 2.022199630737304688e-01
4.789924621582031250e-02 3.335132598876953125e-01 2.158293724060058594e-01
4.767656326293945312e-02 3.716540336608886719e-01 2.115283012390136719e-01
4.800987243652343750e-02 4.077434539794921875e-01 2.096092700958251953e-01
4.802203178405761719e-02 4.421286582946777344e-01 2.027773857116699219e-01
4.813885688781738281e-02 4.753088951110839844e-01 2.079741954803466797e-01
4.773736000061035156e-02 4.971137046813964844e-01 2.061514854431152344e-01
4.786515235900878906e-02 5.146660804748535156e-01 2.086100578308105469e-01
4.798746109008789062e-02 5.343677997589111328e-01 1.960418224334716797e-01
