6.626176834106445312e-02 3.694975376129150391e-01 5.893862247467041016e-01
6.650137901306152344e-02 5.534672737121582031e-01 6.501553058624267578e-01
6.725001335144042969e-02 6.186914443969726562e-01 6.678225994110107422e-01
6.644582748413085938e-02 5.628778934478759766e-01 6.675858497619628906e-01
6.686139106750488281e-02 5.426440238952636719e-01 6.410212516784667969e-01
6.734633445739746094e-02 5.943992137908935547e-01 6.970021724700927734e-01
6.689643859863281250e-02 6.727385520935058594e-01 6.977055072784423828e-01
6.727147102355957031e-02 7.113413810729980469e-01 6.935667991638183594e-01
6.727910041809082031e-02 7.004988193511962891e-01 6.816895008087158203e-01
6.728911399841308594e-02 6.993801593780517578e-01 6.806924343109130859e-01
6.717252731323242188e-02 7.557418346405029297e-01 7.270250320434570312e-01
