7.431387901306152344e-02 1.241948604583740234e-01 1.954827308654785156e-01
4.427456855773925781e-02 7.926082611083984375e-02 1.895282268524169922e-01
4.441881179809570312e-02 8.432483673095703125e-02 1.921069622039794922e-01
4.451632499694824219e-02 8.329486846923828125e-02 1.880681514739990234e-01
4.404139518737792969e-02 8.139395713806152344e-02 1.942491531372070312e-01
4.470777511596679688e-02 8.514475822448730469e-02 1.895802021026611328e-01
4.468297958374023438e-02 8.237791061401367188e-02 1.916372776031494141e-01
4.501414299011230469e-02 8.123230934143066406e-02 1.888673305511474609e-01
4.514694213867187500e-02 8.237767219543457031e-02 1.936368942260742188e-01
4.408168792724609375e-02 8.128619194030761719e-02 1.901347637176513672e-01
4.541373252868652344e-02 8.590340614318847656e-02 1.983256340026855469e-01
4.503417015075683594e-02 8.280825614929199219e-02 1.883332729339599609e-01
4.530191421508789062e-02 7.964086532592773438e-02 1.874322891235351562e-01
4.503393173217773438e-02 8.247113227844238281e-02 1.862080097198486328e-01
