7.389354705810546875e-02 4.348978996276855469e-01 2.178525924682617188e-01
4.577422142028808594e-02 4.356565475463867188e-01 2.187576293945312500e-01
4.614830017089843750e-02 4.378864765167236328e-01 2.170071601867675781e-01
4.555511474609375000e-02 4.268529415130615234e-01 2.156872749328613281e-01
4.584550857543945312e-02 4.323132038116455078e-01 2.134103775024414062e-01
4.501962661743164062e-02 4.277384281158447266e-01 2.169184684753417969e-01
4.510283470153808594e-02 4.290757179260253906e-01 2.158653736114501953e-01
4.561543464660644531e-02 4.286389350891113281e-01 2.156677246093750000e-01
4.702568054199218750e-02 4.354600906372070312e-01 2.129518985748291016e-01
4.699754714965820312e-02 4.425871372222900391e-01 2.224633693695068359e-01
4.654169082641601562e-02 4.595408439636230469e-01 2.131738662719726562e-01
4.750418663024902344e-02 4.652717113494873047e-01 2.193450927734375000e-01
4.811000823974609375e-02 4.776191711425781250e-01 2.145187854766845703e-01
4.740953445434570312e-02 4.718897342681884766e-01 2.182874679565429688e-01
4.517722129821777344e-02 4.642422199249267578e-01 2.133336067199707031e-01
4.518985748291015625e-02 4.578404426574707031e-01 2.193341255187988281e-01
4.618573188781738281e-02 4.603018760681152344e-01 2.129623889923095703e-01
4.610705375671386719e-02 4.565007686614990234e-01 2.161736488342285156e-01
4.598999023437500000e-02 4.561131000518798828e-01 2.117743492126464844e-01
4.580950736999511719e-02 4.598839282989501953e-01 2.163596153259277344e-01
4.588675498962402344e-02 4.614725112915039062e-01 2.166404724121093750e-01
4.609775543212890625e-02 4.663910865783691406e-01 2.168767452239990234e-01
4.647898674011230469e-02 4.720375537872314453e-01 2.128331661224365234e-01
4.719209671020507812e-02 4.717547893524169922e-01 2.193510532379150391e-01
4.852056503295898438e-02 4.910326004028320312e-01 2.145497798919677734e-01
4.764914512634277344e-02 4.912242889404296875e-01 2.190847396850585938e-01
4.697561264038085938e-02 4.975714683532714844e-01 2.161741256713867188e-01
4.686474800109863281e-02 4.920773506164550781e-01 2.157785892486572266e-01
4.792881011962890625e-02 4.981489181518554688e-01 2.194116115570068359e-01
