6.659936904907226562e-02 3.590660095214843750e-01 2.011349201202392578e-01
4.552888870239257812e-02 3.274452686309814453e-01 1.993906497955322266e-01
4.751539230346679688e-02 4.357345104217529297e-01 2.039713859558105469e-01
4.567718505859375000e-02 4.830017089843750000e-01 2.048649787902832031e-01
4.554748535156250000e-02 4.854669570922851562e-01 2.135303020477294922e-01
4.584145545959472656e-02 4.660615921020507812e-01 2.014038562774658203e-01
4.522943496704101562e-02 4.869420528411865234e-01 2.010178565979003906e-01
4.645586013793945312e-02 4.920778274536132812e-01 1.996395587921142578e-01
4.441547393798828125e-02 4.678649902343750000e-01 1.980495452880859375e-01
4.493784904479980469e-02 4.525640010833740234e-01 2.101888656616210938e-01
4.443001747131347656e-02 4.268634319305419922e-01 2.004425525665283203e-01
