7.150506973266601562e-02 3.238856792449951172e-01 1.947505474090576172e-01
4.373908042907714844e-02 2.813651561737060547e-01 2.056932449340820312e-01
4.478073120117187500e-02 2.903053760528564453e-01 1.981518268585205078e-01
4.527044296264648438e-02 2.985298633575439453e-01 2.044301033020019531e-01
4.518103599548339844e-02 3.040699958801269531e-01 1.991374492645263672e-01
4.507374763488769531e-02 3.041975498199462891e-01 2.058508396148681641e-01
4.461550712585449219e-02 3.047621250152587891e-01 2.022483348846435547e-01
4.474186897277832031e-02 3.066093921661376953e-01 2.046430110931396484e-01
4.426240921020507812e-02 3.071265220642089844e-01 2.036573886871337891e-01
4.442024230957031250e-02 3.112955093383789062e-01 2.055253982543945312e-01
4.486846923828125000e-02 3.156795501708984375e-01 1.996755599975585938e-01
