6.577086448669433594e-02 3.744757175445556641e-01 2.142691612243652344e-01
4.492068290710449219e-02 3.281331062316894531e-01 2.188305854797363281e-01
4.689598083496093750e-02 3.359997272491455078e-01 2.197194099426269531e-01
4.671430587768554688e-02 3.427250385284423828e-01 2.184655666351318359e-01
4.747915267944335938e-02 3.447363376617431641e-01 2.133252620697021484e-01
4.798722267150878906e-02 3.490591049194335938e-01 2.163813114166259766e-01
4.720234870910644531e-02 3.415331840515136719e-01 2.187778949737548828e-01
4.602098464965820312e-02 3.368790149688720703e-01 2.145860195159912109e-01
4.775214195251464844e-02 3.542332649230957031e-01 2.149894237518310547e-01
4.692435264587402344e-02 3.547108173370361328e-01 2.192990779876708984e-01
4.661512374877929688e-02 3.658459186553955078e-01 2.193145751953125000e-01
