5.853343009948730469e-02 1.124012470245361328e-01 2.096540927886962891e-01
5.279779434204101562e-02 1.098992824554443359e-01 1.994431018829345703e-01
5.110979080200195312e-02 1.065385341644287109e-01 1.951382160186767578e-01
5.209755897521972656e-02 1.055338382720947266e-01 1.941635608673095703e-01
5.224990844726562500e-02 1.088056564331054688e-01 2.499241828918457031e-01
5.441665649414062500e-02 1.092977523803710938e-01 2.013654708862304688e-01
5.255746841430664062e-02 1.065905094146728516e-01 1.919646263122558594e-01
5.195665359497070312e-02 1.080644130706787109e-01 2.007546424865722656e-01
5.271959304809570312e-02 1.082499027252197266e-01 1.948056221008300781e-01
5.277299880981445312e-02 1.052527427673339844e-01 2.001700401306152344e-01
5.588984489440917969e-02 1.259055137634277344e-01 1.952216625213623047e-01
5.258846282958984375e-02 1.082506179809570312e-01 1.944303512573242188e-01
