8.145093917846679688e-02 1.158037185668945312e-01 3.045344352722167969e-01
5.842208862304687500e-02 7.019567489624023438e-02 2.711634635925292969e-01
5.790567398071289062e-02 6.550693511962890625e-02 2.093484401702880859e-01
5.993938446044921875e-02 8.120226860046386719e-02 1.928095817565917969e-01
5.965471267700195312e-02 6.431198120117187500e-02 1.893756389617919922e-01
5.932998657226562500e-02 6.374454498291015625e-02 1.799838542938232422e-01
5.917167663574218750e-02 6.232953071594238281e-02 1.874632835388183594e-01
5.928659439086914062e-02 6.208229064941406250e-02 1.656899452209472656e-01
5.973362922668457031e-02 6.211733818054199219e-02 1.702950000762939453e-01
5.877733230590820312e-02 6.144642829895019531e-02 1.636495590209960938e-01
5.967593193054199219e-02 6.167435646057128906e-02 1.637520790100097656e-01
5.711913108825683594e-02 6.114339828491210938e-02 1.646902561187744141e-01
5.962204933166503906e-02 6.302285194396972656e-02 1.702244281768798828e-01
