4.406070709228515625e-02 8.123948574066162109e-01 6.967899799346923828e-01
4.016947746276855469e-02 7.896964550018310547e-01 6.952049732208251953e-01
4.028725624084472656e-02 7.496623992919921875e-01 6.839463710784912109e-01
4.032087326049804688e-02 7.276556491851806641e-01 6.890892982482910156e-01
4.519414901733398438e-02 7.075259685516357422e-01 6.894440650939941406e-01
4.018640518188476562e-02 6.937294006347656250e-01 6.861274242401123047e-01
4.015040397644042969e-02 6.972503662109375000e-01 6.959872245788574219e-01
4.019165039062500000e-02 6.932792663574218750e-01 6.654520034790039062e-01
4.019904136657714844e-02 6.960628032684326172e-01 6.848008632659912109e-01
4.037475585937500000e-02 6.987268924713134766e-01 6.828963756561279297e-01
4.033756256103515625e-02 7.009232044219970703e-01 6.884269714355468750e-01
3.975749015808105469e-02 6.936392784118652344e-01 6.769959926605224609e-01
3.983211517333984375e-02 6.979739665985107422e-01 6.856062412261962891e-01
3.972339630126953125e-02 6.957528591156005859e-01 6.773838996887207031e-01
4.035425186157226562e-02 7.001328468322753906e-01 6.688568592071533203e-01
3.975868225097656250e-02 6.913287639617919922e-01 6.867308616638183594e-01
3.973269462585449219e-02 6.888489723205566406e-01 6.831514835357666016e-01
3.975248336791992188e-02 7.012348175048828125e-01 6.906268596649169922e-01
3.979110717773437500e-02 7.236061096191406250e-01 6.726384162902832031e-01
3.981995582580566406e-02 7.287669181823730469e-01 6.729912757873535156e-01
3.981637954711914062e-02 7.350199222564697266e-01 6.683270931243896484e-01
3.984594345092773438e-02 7.419145107269287109e-01 6.941967010498046875e-01
3.961753845214843750e-02 7.525022029876708984e-01 6.774377822875976562e-01
3.962397575378417969e-02 7.527194023132324219e-01 7.023956775665283203e-01
3.987669944763183594e-02 7.545871734619140625e-01 6.764643192291259766e-01
3.995919227600097656e-02 7.555506229400634766e-01 6.972031593322753906e-01
4.025721549987792969e-02 7.701933383941650391e-01 6.848733425140380859e-01
3.979468345642089844e-02 7.737016677856445312e-01 6.779901981353759766e-01
3.974747657775878906e-02 7.835183143615722656e-01 6.741204261779785156e-01
3.967761993408203125e-02 7.910721302032470703e-01 7.113444805145263672e-01
4.024910926818847656e-02 8.204231262207031250e-01 6.952629089355468750e-01
3.965616226196289062e-02 7.910721302032470703e-01 6.939096450805664062e-01
3.980088233947753906e-02 8.032193183898925781e-01 7.162382602691650391e-01
4.050207138061523438e-02 8.281345367431640625e-01 7.091410160064697266e-01
4.044294357299804688e-02 8.321382999420166016e-01 7.040905952453613281e-01
4.044938087463378906e-02 8.402636051177978516e-01 7.122256755828857422e-01
3.967642784118652344e-02 8.297255039215087891e-01 6.966333389282226562e-01
3.956723213195800781e-02 8.347656726837158203e-01 7.025251388549804688e-01
3.954601287841796875e-02 8.282821178436279297e-01 6.971111297607421875e-01
