7.092761993408203125e-02 1.149260997772216797e-01 8.844065666198730469e-02
4.521656036376953125e-02 6.627392768859863281e-02 7.746529579162597656e-02
4.468035697937011719e-02 6.406259536743164062e-02 7.211065292358398438e-02
4.689884185791015625e-02 6.999921798706054688e-02 7.526278495788574219e-02
4.744434356689453125e-02 6.951069831848144531e-02 7.449150085449218750e-02
4.922962188720703125e-02 7.086944580078125000e-02 7.339978218078613281e-02
4.649186134338378906e-02 6.265950202941894531e-02 6.849050521850585938e-02
4.797673225402832031e-02 6.827759742736816406e-02 6.715202331542968750e-02
4.886531829833984375e-02 6.926155090332031250e-02 6.726288795471191406e-02
4.775834083557128906e-02 6.852340698242187500e-02 6.795549392700195312e-02
5.070996284484863281e-02 8.114814758300781250e-02 6.761312484741210938e-02
4.619860649108886719e-02 6.782364845275878906e-02 6.809496879577636719e-02
4.799580574035644531e-02 7.037377357482910156e-02 6.700778007507324219e-02
4.781675338745117188e-02 6.964278221130371094e-02 6.856775283813476562e-02
4.905056953430175781e-02 7.156085968017578125e-02 6.709647178649902344e-02
4.875206947326660156e-02 7.518315315246582031e-02 7.948255538940429688e-02
5.354809761047363281e-02 7.517647743225097656e-02 6.644654273986816406e-02
5.005359649658203125e-02 7.270097732543945312e-02 6.734490394592285156e-02
4.727959632873535156e-02 7.166457176208496094e-02 7.460737228393554688e-02
5.049300193786621094e-02 7.296037673950195312e-02 6.739830970764160156e-02
4.621911048889160156e-02 6.400537490844726562e-02 6.829285621643066406e-02
