6.500744819641113281e-02 3.809120655059814453e-01 1.988267898559570312e-01
4.300546646118164062e-02 3.319492340087890625e-01 1.965303421020507812e-01
4.524946212768554688e-02 3.264074325561523438e-01 1.990053653717041016e-01
4.392099380493164062e-02 3.203563690185546875e-01 2.002825736999511719e-01
4.366064071655273438e-02 3.110313415527343750e-01 1.992545127868652344e-01
4.427266120910644531e-02 3.110709190368652344e-01 2.012610435485839844e-01
4.505228996276855469e-02 3.129303455352783203e-01 1.995968818664550781e-01
4.571104049682617188e-02 3.182287216186523438e-01 1.993882656097412109e-01
4.345369338989257812e-02 3.032989501953125000e-01 2.004771232604980469e-01
4.451227188110351562e-02 3.154683113098144531e-01 1.969649791717529297e-01
4.448032379150390625e-02 3.323945999145507812e-01 1.991500854492187500e-01
4.243183135986328125e-02 3.463129997253417969e-01 1.980681419372558594e-01
4.431247711181640625e-02 3.676075935363769531e-01 1.986050605773925781e-01
4.318284988403320312e-02 3.896257877349853516e-01 2.003538608551025391e-01
4.401540756225585938e-02 4.018988609313964844e-01 1.986098289489746094e-01
4.327964782714843750e-02 4.047718048095703125e-01 1.976351737976074219e-01
4.342126846313476562e-02 4.074921607971191406e-01 2.016596794128417969e-01
4.349708557128906250e-02 4.201087951660156250e-01 1.984534263610839844e-01
4.388523101806640625e-02 4.489185810089111328e-01 1.981790065765380859e-01
4.469966888427734375e-02 4.768512248992919922e-01 2.002809047698974609e-01
4.407048225402832031e-02 4.892930984497070312e-01 1.993615627288818359e-01
4.359388351440429688e-02 4.949510097503662109e-01 1.977341175079345703e-01
4.449081420898437500e-02 5.057156085968017578e-01 2.009656429290771484e-01
4.512977600097656250e-02 5.279374122619628906e-01 1.997883319854736328e-01
4.472827911376953125e-02 5.326008796691894531e-01 1.982915401458740234e-01
4.477214813232421875e-02 5.391795635223388672e-01 1.966235637664794922e-01
