7.848954200744628906e-02 2.453663349151611328e-01 4.481496810913085938e-01
6.083130836486816406e-02 1.684536933898925781e-01 4.326908588409423828e-01
6.193590164184570312e-02 1.485345363616943359e-01 4.346570968627929688e-01
5.952620506286621094e-02 1.059036254882812500e-01 4.271268844604492188e-01
5.805563926696777344e-02 9.433007240295410156e-02 4.359550476074218750e-01
6.317806243896484375e-02 1.089076995849609375e-01 4.324078559875488281e-01
6.126952171325683594e-02 1.010541915893554688e-01 4.196217060089111328e-01
6.200647354125976562e-02 1.002175807952880859e-01 4.269824028015136719e-01
6.014466285705566406e-02 9.955596923828125000e-02 4.184229373931884766e-01
5.919218063354492188e-02 7.860755920410156250e-02 4.168734550476074219e-01
5.927085876464843750e-02 8.691072463989257812e-02 4.302392005920410156e-01
6.022500991821289062e-02 1.070430278778076172e-01 4.237096309661865234e-01
6.157088279724121094e-02 1.042091846466064453e-01 4.239263534545898438e-01
5.913019180297851562e-02 7.587289810180664062e-02 4.196264743804931641e-01
6.057286262512207031e-02 7.798767089843750000e-02 3.911230564117431641e-01
6.265211105346679688e-02 9.245872497558593750e-02 3.379566669464111328e-01
6.315970420837402344e-02 9.186577796936035156e-02 3.263952732086181641e-01
6.075191497802734375e-02 7.093286514282226562e-02 2.941470146179199219e-01
