7.667398452758789062e-02 4.259631633758544922e-01 2.064094543457031250e-01
4.465484619140625000e-02 3.830919265747070312e-01 2.007646560668945312e-01
4.613614082336425781e-02 3.953619003295898438e-01 2.062127590179443359e-01
4.614472389221191406e-02 3.932251930236816406e-01 1.964640617370605469e-01
4.387426376342773438e-02 3.973405361175537109e-01 2.058038711547851562e-01
4.394102096557617188e-02 3.903737068176269531e-01 2.018404006958007812e-01
4.389429092407226562e-02 3.903276920318603516e-01 2.048947811126708984e-01
4.525613784790039062e-02 3.984487056732177734e-01 2.002770900726318359e-01
4.505276679992675781e-02 3.964202404022216797e-01 2.021830081939697266e-01
4.492735862731933594e-02 3.974499702453613281e-01 2.058186531066894531e-01
4.524064064025878906e-02 4.000422954559326172e-01 1.995029449462890625e-01
4.456019401550292969e-02 3.930363655090332031e-01 2.061548233032226562e-01
4.434013366699218750e-02 3.956949710845947266e-01 2.045030593872070312e-01
4.396748542785644531e-02 3.956096172332763672e-01 2.048616409301757812e-01
4.451060295104980469e-02 3.873605728149414062e-01 2.062218189239501953e-01
4.523444175720214844e-02 3.945369720458984375e-01 1.997103691101074219e-01
4.632735252380371094e-02 3.929958343505859375e-01 1.986994743347167969e-01
4.641914367675781250e-02 3.938770294189453125e-01 2.008209228515625000e-01
4.580807685852050781e-02 3.851127624511718750e-01 1.979773044586181641e-01
4.634428024291992188e-02 3.919548988342285156e-01 2.002789974212646484e-01
4.458379745483398438e-02 3.800697326660156250e-01 2.041378021240234375e-01
4.611420631408691406e-02 3.932149410247802734e-01 2.001616954803466797e-01
4.552340507507324219e-02 3.936283588409423828e-01 1.990833282470703125e-01
