7.364273071289062500e-02 3.787040710449218750e-01 2.164654731750488281e-01
4.525709152221679688e-02 3.362863063812255859e-01 2.124238014221191406e-01
4.635286331176757812e-02 3.532845973968505859e-01 2.137563228607177734e-01
4.594111442565917969e-02 3.657820224761962891e-01 2.133686542510986328e-01
4.776549339294433594e-02 3.604841232299804688e-01 2.135815620422363281e-01
4.546809196472167969e-02 3.457844257354736328e-01 2.177643775939941406e-01
4.561996459960937500e-02 3.364293575286865234e-01 2.126278877258300781e-01
4.749655723571777344e-02 3.329658508300781250e-01 2.129862308502197266e-01
4.567384719848632812e-02 3.295578956604003906e-01 2.108337879180908203e-01
4.489898681640625000e-02 3.158807754516601562e-01 2.159676551818847656e-01
4.689335823059082031e-02 3.578588962554931641e-01 2.088575363159179688e-01
4.639697074890136719e-02 3.254632949829101562e-01 2.136716842651367188e-01
4.568433761596679688e-02 3.242335319519042969e-01 2.139112949371337891e-01
4.634404182434082031e-02 3.228323459625244141e-01 2.142789363861083984e-01
4.649901390075683594e-02 3.282196521759033203e-01 2.106292247772216797e-01
4.680609703063964844e-02 3.227710723876953125e-01 2.151346206665039062e-01
4.692029953002929688e-02 3.278617858886718750e-01 2.076900005340576172e-01
4.567408561706542969e-02 3.147647380828857422e-01 2.125194072723388672e-01
4.682731628417968750e-02 3.167290687561035156e-01 2.123808860778808594e-01
4.636216163635253906e-02 3.081090450286865234e-01 2.126185894012451172e-01
4.645514488220214844e-02 3.095004558563232422e-01 2.110075950622558594e-01
4.603576660156250000e-02 2.935473918914794922e-01 2.146091461181640625e-01
