3.255438804626464844e-02 1.220920085906982422e-01 1.583056449890136719e-01
2.566742897033691406e-02 7.469272613525390625e-02 1.560351848602294922e-01
2.540683746337890625e-02 7.819628715515136719e-02 1.561632156372070312e-01
2.536582946777343750e-02 7.420301437377929688e-02 1.649796962738037109e-01
2.561879158020019531e-02 7.379198074340820312e-02 1.507365703582763672e-01
2.643537521362304688e-02 7.609844207763671875e-02 1.504015922546386719e-01
2.579092979431152344e-02 7.902550697326660156e-02 1.661987304687500000e-01
2.551651000976562500e-02 7.395744323730468750e-02 1.524214744567871094e-01
2.592468261718750000e-02 7.946634292602539062e-02 1.672775745391845703e-01
2.562189102172851562e-02 7.487177848815917969e-02 1.505870819091796875e-01
2.545809745788574219e-02 7.352471351623535156e-02 1.497859954833984375e-01
2.633070945739746094e-02 7.966542243957519531e-02 1.662807464599609375e-01
2.570581436157226562e-02 7.624673843383789062e-02 1.513655185699462891e-01
2.600288391113281250e-02 7.719039916992187500e-02 1.512086391448974609e-01
