3.576660156250000000e-02 2.866866588592529297e-01 2.036008834838867188e-01
2.527904510498046875e-02 2.349667549133300781e-01 2.044551372528076172e-01
2.594137191772460938e-02 2.346906661987304688e-01 1.963472366333007812e-01
2.664351463317871094e-02 2.304832935333251953e-01 2.032308578491210938e-01
2.682232856750488281e-02 2.339527606964111328e-01 2.015199661254882812e-01
2.570557594299316406e-02 2.290842533111572266e-01 1.968524456024169922e-01
2.623605728149414062e-02 2.316839694976806641e-01 2.008736133575439453e-01
2.649927139282226562e-02 2.305626869201660156e-01 1.979532241821289062e-01
2.630758285522460938e-02 2.334616184234619141e-01 2.009100914001464844e-01
2.583408355712890625e-02 2.333049774169921875e-01 2.014882564544677734e-01
2.588796615600585938e-02 2.309508323669433594e-01 2.008535861968994141e-01
2.618098258972167969e-02 2.344715595245361328e-01 1.990871429443359375e-01
2.655863761901855469e-02 2.345445156097412109e-01 1.953177452087402344e-01
2.635145187377929688e-02 2.416162490844726562e-01 1.994976997375488281e-01
2.550578117370605469e-02 2.521638870239257812e-01 1.977663040161132812e-01
2.611017227172851562e-02 2.548861503601074219e-01 1.977989673614501953e-01
2.610039710998535156e-02 2.532396316528320312e-01 2.018730640411376953e-01
2.599477767944335938e-02 2.548069953918457031e-01 2.028276920318603516e-01
2.633953094482421875e-02 2.445082664489746094e-01 2.057998180389404297e-01
2.579641342163085938e-02 2.352447509765625000e-01 1.973814964294433594e-01
2.564048767089843750e-02 2.348980903625488281e-01 2.037692070007324219e-01
2.712082862854003906e-02 2.396450042724609375e-01 1.978852748870849609e-01
2.704286575317382812e-02 2.383615970611572266e-01 2.019770145416259766e-01
2.602505683898925781e-02 2.459099292755126953e-01 2.024414539337158203e-01
