6.371498107910156250e-02 1.183629035949707031e-01 1.762747764587402344e-01
4.409384727478027344e-02 8.015227317810058594e-02 1.731724739074707031e-01
4.438376426696777344e-02 8.054542541503906250e-02 1.642601490020751953e-01
4.477834701538085938e-02 8.162665367126464844e-02 1.584882736206054688e-01
4.442286491394042969e-02 7.487607002258300781e-02 1.536092758178710938e-01
4.404377937316894531e-02 7.548999786376953125e-02 1.567635536193847656e-01
4.398083686828613281e-02 7.408928871154785156e-02 1.534056663513183594e-01
4.433417320251464844e-02 7.437276840209960938e-02 1.573581695556640625e-01
4.430818557739257812e-02 7.490468025207519531e-02 1.541793346405029297e-01
4.363322257995605469e-02 7.546162605285644531e-02 1.563851833343505859e-01
4.331254959106445312e-02 7.433056831359863281e-02 1.536872386932373047e-01
4.325652122497558594e-02 7.585811614990234375e-02 1.604986190795898438e-01
4.353547096252441406e-02 7.558226585388183594e-02 1.546678543090820312e-01
4.388689994812011719e-02 7.562184333801269531e-02 1.601684093475341797e-01
4.463028907775878906e-02 7.880353927612304688e-02 1.618177890777587891e-01
4.382658004760742188e-02 7.519602775573730469e-02 1.570353507995605469e-01
4.409027099609375000e-02 7.534360885620117188e-02 1.553180217742919922e-01
4.416108131408691406e-02 7.599687576293945312e-02 1.589252948760986328e-01
4.508137702941894531e-02 7.970929145812988281e-02 1.671519279479980469e-01
4.526615142822265625e-02 7.828593254089355469e-02 1.598880290985107422e-01
4.536628723144531250e-02 8.128094673156738281e-02 1.586320400238037109e-01
