7.118391990661621094e-02 1.307404041290283203e-01 4.380664825439453125e-01
6.470251083374023438e-02 9.129071235656738281e-02 4.375936985015869141e-01
7.207942008972167969e-02 1.310164928436279297e-01 4.305565357208251953e-01
6.723070144653320312e-02 1.140191555023193359e-01 4.373385906219482422e-01
7.273626327514648438e-02 1.328897476196289062e-01 4.302244186401367188e-01
7.339048385620117188e-02 1.345906257629394531e-01 4.449729919433593750e-01
6.739568710327148438e-02 1.119818687438964844e-01 4.345653057098388672e-01
7.239294052124023438e-02 1.313903331756591797e-01 4.381392002105712891e-01
6.705832481384277344e-02 1.120226383209228516e-01 4.315381050109863281e-01
6.531977653503417969e-02 1.102359294891357422e-01 4.372446537017822266e-01
7.168984413146972656e-02 1.299757957458496094e-01 4.305055141448974609e-01
6.447005271911621094e-02 1.099197864532470703e-01 4.407088756561279297e-01
7.090377807617187500e-02 1.308362483978271484e-01 4.361872673034667969e-01
6.515884399414062500e-02 1.174955368041992188e-01 4.420862197875976562e-01
6.497836112976074219e-02 1.221418380737304688e-01 4.328973293304443359e-01
6.576466560363769531e-02 1.223912239074707031e-01 4.363603591918945312e-01
7.099461555480957031e-02 1.414735317230224609e-01 4.390306472778320312e-01
7.036781311035156250e-02 1.382448673248291016e-01 4.366190433502197266e-01
7.191658020019531250e-02 1.500194072723388672e-01 4.474372863769531250e-01
6.726646423339843750e-02 1.319448947906494141e-01 4.339373111724853516e-01
7.325172424316406250e-02 1.575484275817871094e-01 4.343788623809814453e-01
7.362246513366699219e-02 1.595730781555175781e-01 4.430410861968994141e-01
7.339596748352050781e-02 1.742379665374755859e-01 4.352426528930664062e-01
6.791043281555175781e-02 1.655056476593017578e-01 4.480986595153808594e-01
