7.516288757324218750e-02 1.258895397186279297e-01 2.020649909973144531e-01
4.486274719238281250e-02 7.854557037353515625e-02 2.068181037902832031e-01
4.727315902709960938e-02 8.712887763977050781e-02 2.045331001281738281e-01
4.508352279663085938e-02 8.094048500061035156e-02 2.110211849212646484e-01
4.492211341857910156e-02 8.442497253417968750e-02 2.048418521881103516e-01
4.740142822265625000e-02 9.797096252441406250e-02 2.120244503021240234e-01
4.643368721008300781e-02 9.196114540100097656e-02 2.148303985595703125e-01
4.636263847351074219e-02 9.378838539123535156e-02 2.121422290802001953e-01
4.558181762695312500e-02 9.629869461059570312e-02 2.080667018890380859e-01
4.573822021484375000e-02 9.756588935852050781e-02 2.141857147216796875e-01
4.581284523010253906e-02 9.910583496093750000e-02 2.104570865631103516e-01
4.634165763854980469e-02 1.009054183959960938e-01 2.120563983917236328e-01
4.560327529907226562e-02 1.025059223175048828e-01 2.132341861724853516e-01
4.641580581665039062e-02 1.040985584259033203e-01 2.184612751007080078e-01
