7.980370521545410156e-02 4.051165580749511719e-01 2.160751819610595703e-01
5.310368537902832031e-02 3.486232757568359375e-01 2.228722572326660156e-01
5.544328689575195312e-02 3.666348457336425781e-01 2.125477790832519531e-01
5.416464805603027344e-02 3.323647975921630859e-01 2.159347534179687500e-01
5.598568916320800781e-02 3.002638816833496094e-01 2.152192592620849609e-01
5.671644210815429688e-02 2.559649944305419922e-01 2.234842777252197266e-01
5.556178092956542969e-02 2.293436527252197266e-01 2.085118293762207031e-01
5.492281913757324219e-02 2.025690078735351562e-01 2.151758670806884766e-01
5.604767799377441406e-02 1.936929225921630859e-01 2.090721130371093750e-01
5.534005165100097656e-02 1.834566593170166016e-01 2.171776294708251953e-01
5.416417121887207031e-02 1.670629978179931641e-01 2.074041366577148438e-01
