5.122756958007812500e-02 3.634035587310791016e-01 2.308559417724609375e-01
4.958224296569824219e-02 3.981673717498779297e-01 2.374870777130126953e-01
4.966640472412109375e-02 4.256365299224853516e-01 2.290205955505371094e-01
4.890418052673339844e-02 4.415578842163085938e-01 2.383685111999511719e-01
4.986929893493652344e-02 4.410030841827392578e-01 2.257456779479980469e-01
4.990601539611816406e-02 4.599442481994628906e-01 2.368979454040527344e-01
4.883122444152832031e-02 4.819393157958984375e-01 2.330727577209472656e-01
5.005002021789550781e-02 4.873242378234863281e-01 2.363479137420654297e-01
5.116009712219238281e-02 5.164747238159179688e-01 2.324173450469970703e-01
5.068087577819824219e-02 5.502362251281738281e-01 2.410795688629150391e-01
5.077266693115234375e-02 5.290503501892089844e-01 2.276947498321533203e-01
