6.041598320007324219e-02 9.567213058471679688e-02 6.802248954772949219e-02
5.054569244384765625e-02 8.110213279724121094e-02 6.981134414672851562e-02
4.864692687988281250e-02 7.596993446350097656e-02 6.776905059814453125e-02
4.772138595581054688e-02 7.244658470153808594e-02 7.708287239074707031e-02
5.703091621398925781e-02 8.523440361022949219e-02 6.711554527282714844e-02
4.919242858886718750e-02 7.903885841369628906e-02 6.240415573120117188e-02
4.670810699462890625e-02 6.517934799194335938e-02 5.927252769470214844e-02
4.900646209716796875e-02 7.237553596496582031e-02 5.657696723937988281e-02
4.454827308654785156e-02 6.762051582336425781e-02 5.665230751037597656e-02
4.751324653625488281e-02 7.190465927124023438e-02 5.773687362670898438e-02
4.836249351501464844e-02 7.785248756408691406e-02 6.219792366027832031e-02
5.117082595825195312e-02 7.071995735168457031e-02 5.558252334594726562e-02
4.559326171875000000e-02 6.166672706604003906e-02 5.095124244689941406e-02
4.568052291870117188e-02 5.985808372497558594e-02 4.716873168945312500e-02
4.782581329345703125e-02 6.860971450805664062e-02 4.706573486328125000e-02
4.714512825012207031e-02 6.806015968322753906e-02 4.834413528442382812e-02
4.826045036315917969e-02 7.034635543823242188e-02 4.761362075805664062e-02
4.674482345581054688e-02 7.102680206298828125e-02 4.873204231262207031e-02
