6.509470939636230469e-02 1.071124076843261719e-01 6.507658958435058594e-02
4.523944854736328125e-02 6.457042694091796875e-02 5.091667175292968750e-02
4.537034034729003906e-02 6.360173225402832031e-02 4.072761535644531250e-02
4.348373413085937500e-02 5.881738662719726562e-02 4.123520851135253906e-02
4.367494583129882812e-02 6.124615669250488281e-02 4.145002365112304688e-02
4.517626762390136719e-02 7.556295394897460938e-02 4.298424720764160156e-02
4.546928405761718750e-02 8.006525039672851562e-02 4.238843917846679688e-02
4.521965980529785156e-02 7.753062248229980469e-02 4.343223571777343750e-02
4.486703872680664062e-02 7.607674598693847656e-02 4.184651374816894531e-02
4.354500770568847656e-02 7.262611389160156250e-02 4.246330261230468750e-02
4.421281814575195312e-02 7.515597343444824219e-02 4.142999649047851562e-02
