5.674386024475097656e-02 1.273448467254638672e-01 2.011945247650146484e-01
3.549361228942871094e-02 1.084527969360351562e-01 2.034635543823242188e-01
3.646945953369140625e-02 6.367444992065429688e-02 7.348370552062988281e-02
3.714680671691894531e-02 7.196521759033203125e-02 7.485532760620117188e-02
3.631925582885742188e-02 7.452464103698730469e-02 7.383251190185546875e-02
3.582859039306640625e-02 7.281494140625000000e-02 7.311797142028808594e-02
3.721642494201660156e-02 7.999277114868164062e-02 7.431697845458984375e-02
3.619265556335449219e-02 7.530832290649414062e-02 7.353496551513671875e-02
3.644752502441406250e-02 7.646083831787109375e-02 7.489085197448730469e-02
3.613042831420898438e-02 7.499766349792480469e-02 7.339096069335937500e-02
3.636312484741210938e-02 7.872033119201660156e-02 7.406425476074218750e-02
