8.586549758911132812e-02 1.486999988555908203e-01 2.229321002960205078e-01
5.265736579895019531e-02 1.104464530944824219e-01 2.092890739440917969e-01
5.151796340942382812e-02 1.072983741760253906e-01 2.148845195770263672e-01
5.428004264831542969e-02 1.056704521179199219e-01 2.153530120849609375e-01
5.466771125793457031e-02 1.041128635406494141e-01 2.060804367065429688e-01
5.291008949279785156e-02 1.009800434112548828e-01 2.110733985900878906e-01
5.348324775695800781e-02 9.651374816894531250e-02 2.054104804992675781e-01
5.444812774658203125e-02 1.051366329193115234e-01 2.084519863128662109e-01
5.482006072998046875e-02 1.047389507293701172e-01 2.040777206420898438e-01
5.297589302062988281e-02 9.592819213867187500e-02 2.106814384460449219e-01
5.367040634155273438e-02 9.558773040771484375e-02 2.073256969451904297e-01
5.357336997985839844e-02 9.386444091796875000e-02 2.082769870758056641e-01
5.319976806640625000e-02 9.385824203491210938e-02 2.072007656097412109e-01
5.530190467834472656e-02 1.000344753265380859e-01 2.115015983581542969e-01
5.398917198181152344e-02 9.221005439758300781e-02 2.039780616760253906e-01
5.431199073791503906e-02 9.132266044616699219e-02 2.126314640045166016e-01
5.511379241943359375e-02 9.372997283935546875e-02 2.049717903137207031e-01
5.536150932312011719e-02 9.228849411010742188e-02 2.071862220764160156e-01
5.480051040649414062e-02 9.121680259704589844e-02 2.024641036987304688e-01
