3.539323806762695312e-02 5.156121253967285156e-01 2.062942981719970703e-01
2.629542350769042969e-02 4.840838909149169922e-01 2.092702388763427734e-01
2.755570411682128906e-02 5.594654083251953125e-01 1.980128288269042969e-01
2.750039100646972656e-02 5.612552165985107422e-01 2.030000686645507812e-01
2.716827392578125000e-02 5.737988948822021484e-01 2.030184268951416016e-01
2.753543853759765625e-02 5.783777236938476562e-01 2.043356895446777344e-01
2.793097496032714844e-02 5.806086063385009766e-01 1.993160247802734375e-01
2.699923515319824219e-02 5.733897686004638672e-01 2.037706375122070312e-01
2.701663970947265625e-02 5.715770721435546875e-01 1.973276138305664062e-01
2.704262733459472656e-02 5.754158496856689453e-01 2.025065422058105469e-01
2.707219123840332031e-02 5.725567340850830078e-01 1.999778747558593750e-01
