7.046580314636230469e-02 4.085688591003417969e-01 2.183177471160888672e-01
4.559135437011718750e-02 3.555798530578613281e-01 2.163789272308349609e-01
4.864525794982910156e-02 3.709189891815185547e-01 2.171294689178466797e-01
4.716801643371582031e-02 3.409957885742187500e-01 2.225153446197509766e-01
4.651689529418945312e-02 3.327498435974121094e-01 2.166244983673095703e-01
4.817342758178710938e-02 3.282623291015625000e-01 2.200636863708496094e-01
4.819059371948242188e-02 3.252439498901367188e-01 2.180330753326416016e-01
4.696345329284667969e-02 3.097329139709472656e-01 2.207109928131103516e-01
4.621648788452148438e-02 2.972743511199951172e-01 2.162342071533203125e-01
4.620957374572753906e-02 2.907636165618896484e-01 2.136206626892089844e-01
4.663348197937011719e-02 2.965068817138671875e-01 2.228341102600097656e-01
