5.098915100097656250e-02 7.397389411926269531e-02 1.272163391113281250e-01
4.653549194335937500e-02 7.183122634887695312e-02 1.181354522705078125e-01
4.655838012695312500e-02 7.265925407409667969e-02 1.108157634735107422e-01
4.707479476928710938e-02 7.534623146057128906e-02 1.211817264556884766e-01
4.674243927001953125e-02 7.065653800964355469e-02 9.398627281188964844e-02
4.870963096618652344e-02 7.406878471374511719e-02 9.444618225097656250e-02
4.761695861816406250e-02 7.165479660034179688e-02 8.076930046081542969e-02
4.598402976989746094e-02 6.751537322998046875e-02 8.382105827331542969e-02
4.875826835632324219e-02 7.363605499267578125e-02 7.684397697448730469e-02
4.694199562072753906e-02 6.861209869384765625e-02 7.703351974487304688e-02
4.850935935974121094e-02 7.252860069274902344e-02 7.699036598205566406e-02
5.001544952392578125e-02 7.414364814758300781e-02 7.217264175415039062e-02
4.734110832214355469e-02 6.762957572937011719e-02 7.113862037658691406e-02
4.758095741271972656e-02 7.164478302001953125e-02 7.085943222045898438e-02
