6.582641601562500000e-02 1.192297935485839844e-01 4.375152587890625000e-01
5.812406539916992188e-02 8.355116844177246094e-02 4.365413188934326172e-01
6.264185905456542969e-02 1.028316020965576172e-01 4.279243946075439453e-01
6.277966499328613281e-02 1.056127548217773438e-01 4.332766532897949219e-01
6.228590011596679688e-02 1.058509349822998047e-01 4.264736175537109375e-01
5.926060676574707031e-02 8.521842956542968750e-02 4.414243698120117188e-01
6.133246421813964844e-02 1.098771095275878906e-01 4.292695522308349609e-01
6.105899810791015625e-02 1.165785789489746094e-01 4.435062408447265625e-01
6.064414978027343750e-02 1.198470592498779297e-01 4.405326843261718750e-01
5.775237083435058594e-02 1.007630825042724609e-01 4.457886219024658203e-01
5.806899070739746094e-02 1.055564880371093750e-01 4.399840831756591797e-01
