7.532572746276855469e-02 4.069137573242187500e-01 2.027568817138671875e-01
5.106377601623535156e-02 2.889733314514160156e-01 1.955649852752685547e-01
5.302095413208007812e-02 2.559294700622558594e-01 2.038440704345703125e-01
5.466818809509277344e-02 2.269654273986816406e-01 1.924045085906982422e-01
5.267405509948730469e-02 1.875295639038085938e-01 2.027301788330078125e-01
5.359053611755371094e-02 1.420545578002929688e-01 1.906852722167968750e-01
5.325102806091308594e-02 1.272821426391601562e-01 1.926050186157226562e-01
5.339670181274414062e-02 1.226389408111572266e-01 1.905300617218017578e-01
5.456185340881347656e-02 1.227581501007080078e-01 1.938557624816894531e-01
5.274724960327148438e-02 1.088023185729980469e-01 1.898622512817382812e-01
5.218124389648437500e-02 9.215974807739257812e-02 1.991400718688964844e-01
