6.607484817504882812e-02 3.891003131866455078e-01 4.481637477874755859e-01
5.775189399719238281e-02 3.457953929901123047e-01 4.565384387969970703e-01
6.086015701293945312e-02 3.601050376892089844e-01 4.570603370666503906e-01
5.908536911010742188e-02 3.351507186889648438e-01 4.538319110870361328e-01
6.239676475524902344e-02 3.583819866180419922e-01 4.511280059814453125e-01
6.333923339843750000e-02 3.515458106994628906e-01 4.624211788177490234e-01
5.911588668823242188e-02 3.278203010559082031e-01 4.509408473968505859e-01
6.060075759887695312e-02 3.322319984436035156e-01 4.563491344451904297e-01
5.939698219299316406e-02 3.204412460327148438e-01 4.445793628692626953e-01
6.026411056518554688e-02 3.294119834899902344e-01 4.614391326904296875e-01
6.033301353454589844e-02 3.477764129638671875e-01 4.527151584625244141e-01
5.909729003906250000e-02 3.284187316894531250e-01 4.475140571594238281e-01
