7.538676261901855469e-02 3.089885711669921875e-01 4.487140178680419922e-01
5.789113044738769531e-02 2.583570480346679688e-01 4.545500278472900391e-01
5.730080604553222656e-02 3.230280876159667969e-01 4.596295356750488281e-01
5.832934379577636719e-02 3.500649929046630859e-01 4.467144012451171875e-01
5.813765525817871094e-02 2.889721393585205078e-01 4.451072216033935547e-01
5.860757827758789062e-02 2.215020656585693359e-01 4.557046890258789062e-01
5.898857116699218750e-02 1.902010440826416016e-01 4.453370571136474609e-01
6.116628646850585938e-02 1.790378093719482422e-01 4.452941417694091797e-01
5.946683883666992188e-02 1.443798542022705078e-01 4.463078975677490234e-01
6.221675872802734375e-02 1.476626396179199219e-01 4.497120380401611328e-01
6.243181228637695312e-02 1.433629989624023438e-01 4.346799850463867188e-01
6.347393989562988281e-02 1.610941886901855469e-01 4.572167396545410156e-01
