3.266882896423339844e-02 2.171294689178466797e-01 2.108662128448486328e-01
2.613472938537597656e-02 1.247222423553466797e-01 2.145547866821289062e-01
2.582311630249023438e-02 1.019568443298339844e-01 2.067146301269531250e-01
2.617025375366210938e-02 1.193680763244628906e-01 2.132036685943603516e-01
2.626752853393554688e-02 1.575789451599121094e-01 2.128369808197021484e-01
2.630019187927246094e-02 1.949553489685058594e-01 2.191860675811767578e-01
2.627682685852050781e-02 1.770246028900146484e-01 2.102992534637451172e-01
2.652382850646972656e-02 1.608922481536865234e-01 2.102994918823242188e-01
2.648663520812988281e-02 1.529407501220703125e-01 2.161350250244140625e-01
2.736997604370117188e-02 1.462731361389160156e-01 2.105898857116699219e-01
2.756428718566894531e-02 1.418256759643554688e-01 2.149243354797363281e-01
2.771520614624023438e-02 1.388144493103027344e-01 2.102601528167724609e-01
2.762365341186523438e-02 1.437618732452392578e-01 2.098200321197509766e-01
2.818870544433593750e-02 1.305320262908935547e-01 2.105047702789306641e-01
2.736973762512207031e-02 1.160669326782226562e-01 2.091648578643798828e-01
2.743506431579589844e-02 1.110272407531738281e-01 2.082095146179199219e-01
