6.466197967529296875e-02 2.958824634552001953e-01 4.432957172393798828e-01
5.691623687744140625e-02 2.653019428253173828e-01 4.598553180694580078e-01
5.740571022033691406e-02 2.739892005920410156e-01 4.404149055480957031e-01
6.136202812194824219e-02 2.883927822113037109e-01 4.463543891906738281e-01
5.767774581909179688e-02 2.655045986175537109e-01 4.487142562866210938e-01
5.949950218200683594e-02 2.838902473449707031e-01 4.354839324951171875e-01
5.865883827209472656e-02 2.647693157196044922e-01 4.417748451232910156e-01
6.044983863830566406e-02 2.787561416625976562e-01 4.443509578704833984e-01
6.090879440307617188e-02 2.754135131835937500e-01 4.391956329345703125e-01
5.909299850463867188e-02 2.508399486541748047e-01 4.430913925170898438e-01
5.816149711608886719e-02 2.507262229919433594e-01 4.491200447082519531e-01
6.010985374450683594e-02 2.521409988403320312e-01 4.484264850616455078e-01
