7.525658607482910156e-02 1.209645271301269531e-01 1.248185634613037109e-01
4.310274124145507812e-02 7.270193099975585938e-02 1.267037391662597656e-01
4.581499099731445312e-02 7.837867736816406250e-02 1.217701435089111328e-01
4.557061195373535156e-02 7.394909858703613281e-02 1.168997287750244141e-01
4.429817199707031250e-02 7.161259651184082031e-02 1.072897911071777344e-01
4.428172111511230469e-02 7.173752784729003906e-02 1.098258495330810547e-01
4.502129554748535156e-02 7.139563560485839844e-02 9.887003898620605469e-02
4.455089569091796875e-02 7.208466529846191406e-02 1.093254089355468750e-01
4.753994941711425781e-02 7.359409332275390625e-02 9.871697425842285156e-02
4.349231719970703125e-02 7.139563560485839844e-02 1.008620262145996094e-01
4.580760002136230469e-02 7.270622253417968750e-02 9.962272644042968750e-02
4.468846321105957031e-02 7.195281982421875000e-02 1.005973815917968750e-01
4.399299621582031250e-02 6.944751739501953125e-02 9.935021400451660156e-02
4.383301734924316406e-02 7.058477401733398438e-02 1.020357608795166016e-01
4.601550102233886719e-02 7.425689697265625000e-02 1.039814949035644531e-01
4.655933380126953125e-02 7.526230812072753906e-02 1.020109653472900391e-01
4.455089569091796875e-02 7.464647293090820312e-02 1.008312702178955078e-01
4.478669166564941406e-02 7.225155830383300781e-02 1.014633178710937500e-01
4.458618164062500000e-02 7.339906692504882812e-02 9.938097000122070312e-02
