8.777236938476562500e-02 5.821881294250488281e-01 4.725251197814941406e-01
6.794333457946777344e-02 3.956999778747558594e-01 4.501330852508544922e-01
6.636214256286621094e-02 2.692542076110839844e-01 4.487910270690917969e-01
7.098054885864257812e-02 2.436721324920654297e-01 4.450390338897705078e-01
7.217741012573242188e-02 2.707011699676513672e-01 4.502980709075927734e-01
6.793022155761718750e-02 2.094607353210449219e-01 4.381368160247802734e-01
6.876540184020996094e-02 2.065799236297607422e-01 4.465577602386474609e-01
6.706571578979492188e-02 1.996822357177734375e-01 4.369499683380126953e-01
7.209610939025878906e-02 2.118456363677978516e-01 4.469840526580810547e-01
6.631565093994140625e-02 1.850192546844482422e-01 4.445936679840087891e-01
6.802392005920410156e-02 1.823253631591796875e-01 4.456801414489746094e-01
6.986546516418457031e-02 1.930637359619140625e-01 4.421405792236328125e-01
