6.374168395996093750e-02 1.135683059692382812e-01 1.198642253875732422e-01
4.257416725158691406e-02 7.111716270446777344e-02 1.204347610473632812e-01
4.477787017822265625e-02 7.255005836486816406e-02 1.198327541351318359e-01
4.466104507446289062e-02 7.695555686950683594e-02 1.368081569671630859e-01
4.525303840637207031e-02 7.670617103576660156e-02 1.339955329895019531e-01
4.597449302673339844e-02 7.513380050659179688e-02 1.229267120361328125e-01
4.621338844299316406e-02 7.596230506896972656e-02 1.221706867218017578e-01
4.500389099121093750e-02 7.420563697814941406e-02 1.210215091705322266e-01
4.459404945373535156e-02 7.327604293823242188e-02 1.205158233642578125e-01
4.637336730957031250e-02 8.272290229797363281e-02 1.249263286590576172e-01
4.550743103027343750e-02 7.387495040893554688e-02 1.276793479919433594e-01
4.497313499450683594e-02 7.353425025939941406e-02 1.219191551208496094e-01
4.430317878723144531e-02 7.227325439453125000e-02 1.210815906524658203e-01
4.408645629882812500e-02 7.316327095031738281e-02 1.226909160614013672e-01
4.600477218627929688e-02 8.090734481811523438e-02 1.209423542022705078e-01
4.361486434936523438e-02 7.435870170593261719e-02 1.258158683776855469e-01
4.462909698486328125e-02 7.682180404663085938e-02 1.217763423919677734e-01
4.430103302001953125e-02 7.626032829284667969e-02 1.334278583526611328e-01
4.597187042236328125e-02 7.700705528259277344e-02 1.253061294555664062e-01
