7.261538505554199219e-02 4.526073932647705078e-01 2.020330429077148438e-01
4.504776000976562500e-02 4.217987060546875000e-01 1.987025737762451172e-01
4.587841033935546875e-02 4.285972118377685547e-01 2.049324512481689453e-01
4.507040977478027344e-02 4.362382888793945312e-01 2.010464668273925781e-01
4.512596130371093750e-02 4.406089782714843750e-01 2.025020122528076172e-01
4.583740234375000000e-02 4.472184181213378906e-01 2.003412246704101562e-01
4.488658905029296875e-02 4.508526325225830078e-01 2.009086608886718750e-01
4.483675956726074219e-02 4.538593292236328125e-01 1.966278553009033203e-01
4.439783096313476562e-02 4.544692039489746094e-01 2.016921043395996094e-01
4.589939117431640625e-02 4.639587402343750000e-01 2.044658660888671875e-01
4.471564292907714844e-02 4.633421897888183594e-01 2.070434093475341797e-01
4.420566558837890625e-02 4.778914451599121094e-01 2.047529220581054688e-01
4.570722579956054688e-02 4.960477352142333984e-01 2.067747116088867188e-01
4.672193527221679688e-02 5.079119205474853516e-01 2.042958736419677734e-01
4.585051536560058594e-02 5.145094394683837891e-01 2.075395584106445312e-01
4.730272293090820312e-02 5.218856334686279297e-01 2.045466899871826172e-01
4.485297203063964844e-02 5.088453292846679688e-01 2.071466445922851562e-01
4.499340057373046875e-02 5.104262828826904297e-01 1.977958679199218750e-01
4.489803314208984375e-02 5.200922489166259766e-01 2.039902210235595703e-01
4.641294479370117188e-02 5.303816795349121094e-01 2.010505199432373047e-01
4.569220542907714844e-02 5.354332923889160156e-01 2.081985473632812500e-01
