6.926107406616210938e-02 8.664081096649169922e-01 7.132539749145507812e-01
6.682133674621582031e-02 8.947870731353759766e-01 6.984443664550781250e-01
6.691241264343261719e-02 9.046607017517089844e-01 7.072634696960449219e-01
6.702136993408203125e-02 9.191806316375732422e-01 7.106304168701171875e-01
6.698036193847656250e-02 9.429531097412109375e-01 7.313568592071533203e-01
6.689214706420898438e-02 9.312379360198974609e-01 7.127792835235595703e-01
6.690597534179687500e-02 9.382424354553222656e-01 7.362754344940185547e-01
6.698513031005859375e-02 9.458043575286865234e-01 7.316462993621826172e-01
6.682896614074707031e-02 9.480917453765869141e-01 7.458848953247070312e-01
7.222700119018554688e-02 9.634304046630859375e-01 7.449877262115478516e-01
6.875872611999511719e-02 9.695794582366943359e-01 7.347731590270996094e-01
6.677317619323730469e-02 9.697887897491455078e-01 7.176947593688964844e-01
