3.002023696899414062e-02 9.738278388977050781e-02 2.141923904418945312e-01
2.961134910583496094e-02 8.009076118469238281e-02 1.591069698333740234e-01
3.116059303283691406e-02 9.464550018310546875e-02 1.565885543823242188e-01
3.037452697753906250e-02 8.155012130737304688e-02 1.665074825286865234e-01
3.100919723510742188e-02 8.316302299499511719e-02 1.601116657257080078e-01
3.104972839355468750e-02 8.606672286987304688e-02 1.502087116241455078e-01
3.023958206176757812e-02 8.346605300903320312e-02 1.560468673706054688e-01
3.040146827697753906e-02 8.409786224365234375e-02 1.616868972778320312e-01
2.989053726196289062e-02 8.253836631774902344e-02 1.569082736968994141e-01
3.008627891540527344e-02 8.023023605346679688e-02 1.500532627105712891e-01
3.018164634704589844e-02 7.907629013061523438e-02 1.679792404174804688e-01
3.158926963806152344e-02 8.231234550476074219e-02 1.635053157806396484e-01
