8.157372474670410156e-02 5.722093582153320312e-01 2.160031795501708984e-01
5.350399017333984375e-02 5.421690940856933594e-01 2.260804176330566406e-01
5.630493164062500000e-02 5.501704216003417969e-01 2.241327762603759766e-01
5.458474159240722656e-02 5.162377357482910156e-01 2.239177227020263672e-01
5.387854576110839844e-02 5.523910522460937500e-01 2.129437923431396484e-01
5.516123771667480469e-02 6.039128303527832031e-01 2.198369503021240234e-01
5.549216270446777344e-02 6.283035278320312500e-01 2.191178798675537109e-01
5.367708206176757812e-02 5.849652290344238281e-01 2.282269001007080078e-01
5.516862869262695312e-02 6.080002784729003906e-01 2.175898551940917969e-01
5.322384834289550781e-02 4.380104541778564453e-01 2.186925411224365234e-01
5.503416061401367188e-02 3.961203098297119141e-01 2.125768661499023438e-01
