6.429576873779296875e-02 4.125287532806396484e-01 1.996812820434570312e-01
4.558610916137695312e-02 3.933990001678466797e-01 2.035646438598632812e-01
4.362583160400390625e-02 4.093291759490966797e-01 1.990787982940673828e-01
4.454040527343750000e-02 4.246153831481933594e-01 2.024879455566406250e-01
4.390048980712890625e-02 4.425883293151855469e-01 2.042605876922607422e-01
4.333639144897460938e-02 4.651739597320556641e-01 2.078328132629394531e-01
4.423618316650390625e-02 4.694888591766357422e-01 1.999752521514892578e-01
4.496264457702636719e-02 4.580316543579101562e-01 2.095324993133544922e-01
4.605627059936523438e-02 4.517896175384521484e-01 2.053101062774658203e-01
4.517698287963867188e-02 4.492173194885253906e-01 2.031950950622558594e-01
4.521632194519042969e-02 4.464929103851318359e-01 2.006978988647460938e-01
4.495096206665039062e-02 4.450826644897460938e-01 2.100830078125000000e-01
4.426622390747070312e-02 4.357993602752685547e-01 1.994893550872802734e-01
4.425430297851562500e-02 4.385612010955810547e-01 2.070038318634033203e-01
4.432487487792968750e-02 4.427642822265625000e-01 1.996674537658691406e-01
4.439163208007812500e-02 4.513759613037109375e-01 2.109098434448242188e-01
