6.534886360168457031e-02 1.348004341125488281e-01 1.877756118774414062e-01
4.365015029907226562e-02 1.030023097991943359e-01 1.984300613403320312e-01
4.490423202514648438e-02 1.052069664001464844e-01 1.878020763397216797e-01
4.362630844116210938e-02 1.012632846832275391e-01 1.961450576782226562e-01
4.389405250549316406e-02 9.220314025878906250e-02 1.875596046447753906e-01
4.386305809020996094e-02 9.114432334899902344e-02 2.003324031829833984e-01
4.489541053771972656e-02 9.713625907897949219e-02 1.898727416992187500e-01
4.370927810668945312e-02 1.010894775390625000e-01 2.028243541717529297e-01
4.434680938720703125e-02 1.031057834625244141e-01 1.904861927032470703e-01
4.371333122253417969e-02 1.056275367736816406e-01 1.983265876770019531e-01
4.398417472839355469e-02 1.083161830902099609e-01 1.938848495483398438e-01
