6.612014770507812500e-02 1.491212844848632812e-01 5.741844177246093750e-01
7.126522064208984375e-02 1.646676063537597656e-01 5.648038387298583984e-01
6.838679313659667969e-02 1.485309600830078125e-01 5.717511177062988281e-01
6.691861152648925781e-02 1.439926624298095703e-01 5.511369705200195312e-01
6.687855720520019531e-02 1.418528556823730469e-01 5.451247692108154297e-01
6.674909591674804688e-02 1.440851688385009766e-01 5.720372200012207031e-01
6.677675247192382812e-02 1.421232223510742188e-01 5.574412345886230469e-01
6.651997566223144531e-02 1.450304985046386719e-01 5.610017776489257812e-01
6.929683685302734375e-02 1.456153392791748047e-01 5.583796501159667969e-01
6.641840934753417969e-02 1.438796520233154297e-01 5.711283683776855469e-01
6.732201576232910156e-02 1.468214988708496094e-01 5.663154125213623047e-01
6.737327575683593750e-02 1.471433639526367188e-01 5.721015930175781250e-01
6.675100326538085938e-02 1.462726593017578125e-01 5.616517066955566406e-01
6.708168983459472656e-02 1.509468555450439453e-01 5.610117912292480469e-01
6.683802604675292969e-02 1.521542072296142578e-01 5.711159706115722656e-01
6.706547737121582031e-02 1.516373157501220703e-01 5.516269207000732422e-01
6.699657440185546875e-02 1.519067287445068359e-01 5.648393630981445312e-01
6.664752960205078125e-02 1.535298824310302734e-01 5.469360351562500000e-01
