6.998920440673828125e-02 4.578533172607421875e-01 2.187891006469726562e-01
4.699540138244628906e-02 5.440354347229003906e-01 2.181191444396972656e-01
4.756903648376464844e-02 5.523998737335205078e-01 2.245135307312011719e-01
4.650878906250000000e-02 5.650892257690429688e-01 2.179005146026611328e-01
4.714322090148925781e-02 5.861582756042480469e-01 2.260224819183349609e-01
4.620003700256347656e-02 5.722897052764892578e-01 2.230393886566162109e-01
4.846000671386718750e-02 6.452109813690185547e-01 2.271637916564941406e-01
4.712152481079101562e-02 6.234099864959716797e-01 2.267963886260986328e-01
4.680824279785156250e-02 5.782577991485595703e-01 2.251076698303222656e-01
4.780697822570800781e-02 5.188992023468017578e-01 2.184143066406250000e-01
4.648518562316894531e-02 4.008173942565917969e-01 2.179462909698486328e-01
