5.199480056762695312e-02 5.860567092895507812e-01 2.188377380371093750e-01
3.482699394226074219e-02 5.087265968322753906e-01 2.148141860961914062e-01
3.622221946716308594e-02 5.542035102844238281e-01 2.190732955932617188e-01
3.621387481689453125e-02 4.753177165985107422e-01 2.167704105377197266e-01
3.636813163757324219e-02 4.496366977691650391e-01 2.227721214294433594e-01
3.533935546875000000e-02 4.234111309051513672e-01 2.305891513824462891e-01
3.587985038757324219e-02 4.258012771606445312e-01 2.194535732269287109e-01
3.529191017150878906e-02 3.857593536376953125e-01 2.197370529174804688e-01
3.571033477783203125e-02 3.708803653717041016e-01 2.228360176086425781e-01
3.509235382080078125e-02 3.537728786468505859e-01 2.236137390136718750e-01
3.602457046508789062e-02 3.500125408172607422e-01 2.176373004913330078e-01
