5.474781990051269531e-02 3.449020385742187500e-01 4.459509849548339844e-01
6.065607070922851562e-02 3.491516113281250000e-01 4.438052177429199219e-01
6.171298027038574219e-02 3.487708568572998047e-01 4.409706592559814453e-01
5.769801139831542969e-02 3.095872402191162109e-01 4.509484767913818359e-01
5.805373191833496094e-02 2.922449111938476562e-01 4.477920532226562500e-01
6.153130531311035156e-02 3.061091899871826172e-01 4.534511566162109375e-01
5.494999885559082031e-02 2.757222652435302734e-01 4.297964572906494141e-01
5.835747718811035156e-02 2.726409435272216797e-01 4.443981647491455078e-01
5.729889869689941406e-02 2.725114822387695312e-01 4.315598011016845703e-01
6.124877929687500000e-02 2.915687561035156250e-01 4.531850814819335938e-01
5.743217468261718750e-02 2.667727470397949219e-01 4.385619163513183594e-01
5.842089653015136719e-02 2.711291313171386719e-01 4.495522975921630859e-01
5.713582038879394531e-02 2.678747177124023438e-01 4.319188594818115234e-01
5.940914154052734375e-02 2.666707038879394531e-01 4.380724430084228516e-01
5.921149253845214844e-02 2.664165496826171875e-01 4.364659786224365234e-01
6.097817420959472656e-02 2.828080654144287109e-01 4.378972053527832031e-01
5.919194221496582031e-02 2.621498107910156250e-01 4.344036579132080078e-01
5.818486213684082031e-02 2.626931667327880859e-01 4.380824565887451172e-01
5.911612510681152344e-02 2.652890682220458984e-01 4.266183376312255859e-01
6.145548820495605469e-02 2.814636230468750000e-01 4.492981433868408203e-01
6.124305725097656250e-02 2.852203845977783203e-01 4.271943569183349609e-01
5.948090553283691406e-02 2.657628059387207031e-01 4.540755748748779297e-01
