6.660103797912597656e-02 1.545321941375732422e-01 5.724942684173583984e-01
6.915140151977539062e-02 1.615169048309326172e-01 5.694439411163330078e-01
6.694746017456054688e-02 1.539845466613769531e-01 5.533287525177001953e-01
6.711339950561523438e-02 1.508858203887939453e-01 5.449991226196289062e-01
6.697821617126464844e-02 1.479485034942626953e-01 5.573279857635498047e-01
6.691002845764160156e-02 1.488611698150634766e-01 5.562818050384521484e-01
6.697058677673339844e-02 1.494231224060058594e-01 5.596179962158203125e-01
6.695985794067382812e-02 1.460912227630615234e-01 5.497829914093017578e-01
6.702089309692382812e-02 1.419384479522705078e-01 5.575761795043945312e-01
6.687569618225097656e-02 1.390018463134765625e-01 5.449371337890625000e-01
6.665515899658203125e-02 1.359412670135498047e-01 5.531463623046875000e-01
6.704688072204589844e-02 1.407554149627685547e-01 5.589466094970703125e-01
6.707787513732910156e-02 1.431519985198974609e-01 5.594687461853027344e-01
6.729912757873535156e-02 1.440634727478027344e-01 5.658860206604003906e-01
6.913042068481445312e-02 1.495378017425537109e-01 5.496761798858642578e-01
6.727790832519531250e-02 1.497144699096679688e-01 5.497994422912597656e-01
