4.134893417358398438e-02 1.291043758392333984e-01 3.739280700683593750e-01
3.758287429809570312e-02 7.779121398925781250e-02 3.677525520324707031e-01
3.746986389160156250e-02 7.962155342102050781e-02 3.705770969390869141e-01
3.829908370971679688e-02 7.994771003723144531e-02 3.753507137298583984e-01
3.851175308227539062e-02 1.006481647491455078e-01 3.675556182861328125e-01
3.855729103088378906e-02 8.123397827148437500e-02 3.727426528930664062e-01
3.767275810241699219e-02 8.123731613159179688e-02 3.647763729095458984e-01
3.766417503356933594e-02 7.983064651489257812e-02 3.768579959869384766e-01
3.674197196960449219e-02 9.199929237365722656e-02 3.749501705169677734e-01
3.874063491821289062e-02 8.102321624755859375e-02 3.778886795043945312e-01
3.817987442016601562e-02 8.162164688110351562e-02 3.686547279357910156e-01
3.844738006591796875e-02 9.869670867919921875e-02 3.722157478332519531e-01
3.796529769897460938e-02 9.632635116577148438e-02 3.797457218170166016e-01
