7.612800598144531250e-02 4.739766120910644531e-01 2.229082584381103516e-01
4.508900642395019531e-02 5.178844928741455078e-01 2.146885395050048828e-01
4.618930816650390625e-02 5.748803615570068359e-01 2.186713218688964844e-01
4.649353027343750000e-02 5.894186496734619141e-01 2.185435295104980469e-01
4.719376564025878906e-02 6.395821571350097656e-01 2.190411090850830078e-01
4.672431945800781250e-02 6.457681655883789062e-01 2.146227359771728516e-01
4.712438583374023438e-02 6.086363792419433594e-01 2.235927581787109375e-01
4.763913154602050781e-02 5.819957256317138672e-01 2.237143516540527344e-01
4.637122154235839844e-02 5.270974636077880859e-01 2.195713520050048828e-01
4.652094841003417969e-02 5.204052925109863281e-01 2.156786918640136719e-01
4.621362686157226562e-02 5.036895275115966797e-01 2.177410125732421875e-01
