1.135079860687255859e-01 0.000000000000000000e+00
2.588751316070556641e-01 3.438706398010253906e-01
2.732491493225097656e-01 3.017799854278564453e-01
2.309417724609375000e-01 3.264572620391845703e-01
2.711057662963867188e-01 3.393011093139648438e-01
3.064596652984619141e-01 3.410115242004394531e-01
2.539162635803222656e-01 3.104822635650634766e-01
2.396004199981689453e-01 3.085646629333496094e-01
2.983300685882568359e-01 3.121492862701416016e-01
2.682452201843261719e-01 3.055922985076904297e-01
2.436342239379882812e-01 3.250503540039062500e-01
2.437691688537597656e-01 3.370909690856933594e-01
2.510893344879150391e-01 3.422799110412597656e-01
3.091378211975097656e-01 3.411200046539306641e-01
3.091647624969482422e-01 3.267145156860351562e-01
3.065953254699707031e-01 3.381273746490478516e-01
2.478265762329101562e-01 3.084502220153808594e-01
2.828829288482666016e-01 3.226685523986816406e-01
2.481637001037597656e-01 3.047192096710205078e-01
2.672443389892578125e-01 3.054738044738769531e-01
2.790842056274414062e-01 3.045792579650878906e-01
2.641823291778564453e-01 3.249728679656982422e-01
2.721693515777587891e-01 3.314061164855957031e-01
2.907772064208984375e-01 3.425238132476806641e-01
2.925403118133544922e-01 3.326201438903808594e-01
3.014137744903564453e-01 3.270838260650634766e-01
3.048851490020751953e-01 3.469383716583251953e-01
2.912478446960449219e-01 3.062617778778076172e-01
2.729802131652832031e-01 3.322932720184326172e-01
2.938859462738037109e-01 3.384842872619628906e-01
3.040711879730224609e-01 3.476221561431884766e-01
2.709004878997802734e-01 3.064365386962890625e-01
2.865321636199951172e-01 2.994310855865478516e-01
2.570846080780029297e-01 3.271725177764892578e-01
3.061089515686035156e-01 3.223707675933837891e-01
2.718584537506103516e-01 3.199546337127685547e-01
3.067383766174316406e-01 3.446915149688720703e-01
2.768228054046630859e-01 2.970111370086669922e-01
2.365419864654541016e-01 3.205833435058593750e-01
3.009047508239746094e-01 3.431107997894287109e-01
2.648727893829345703e-01 3.068420886993408203e-01
3.015942573547363281e-01 3.419857025146484375e-01
2.460246086120605469e-01 2.791376113891601562e-01
2.566781044006347656e-01 3.111181259155273438e-01
3.040456771850585938e-01 3.467028141021728516e-01
2.882425785064697266e-01 3.257489204406738281e-01
2.807624340057373047e-01 3.210167884826660156e-01
2.521479129791259766e-01 3.380253314971923828e-01
2.793407440185546875e-01 3.245201110839843750e-01
2.916572093963623047e-01 3.024466037750244141e-01
2.839691638946533203e-01 3.482220172882080078e-01
2.434325218200683594e-01 2.857313156127929688e-01
2.889146804809570312e-01 3.481695652008056641e-01
2.940509319305419922e-01 3.287982940673828125e-01
2.822375297546386719e-01 3.298540115356445312e-01
2.637522220611572266e-01 3.128244876861572266e-01
2.975049018859863281e-01 3.350591659545898438e-01
2.466650009155273438e-01 3.307051658630371094e-01
2.898070812225341797e-01 3.131749629974365234e-01
2.761101722717285156e-01 2.968547344207763672e-01
2.858242988586425781e-01 3.330342769622802734e-01
2.854614257812500000e-01 3.268628120422363281e-01
2.658889293670654297e-01 3.268938064575195312e-01
2.925016880035400391e-01 3.093380928039550781e-01
2.553989887237548828e-01 3.243660926818847656e-01
2.997467517852783203e-01 3.124833106994628906e-01
2.709157466888427734e-01 3.548171520233154297e-01
3.072679042816162109e-01 3.422474861145019531e-01
2.943315505981445312e-01 2.941236495971679688e-01
2.620115280151367188e-01 3.450965881347656250e-01
2.801597118377685547e-01 3.428483009338378906e-01
2.999114990234375000e-01 3.393223285675048828e-01
3.000757694244384766e-01 3.252079486846923828e-01
2.311847209930419922e-01 3.450453281402587891e-01
2.867274284362792969e-01 3.323760032653808594e-01
2.867622375488281250e-01 3.342740535736083984e-01
2.585895061492919922e-01 3.518126010894775391e-01
3.182306289672851562e-01 3.392570018768310547e-01
2.630503177642822266e-01 3.009703159332275391e-01
2.692055702209472656e-01 3.411707878112792969e-01
2.956666946411132812e-01 3.355846405029296875e-01
2.626669406890869141e-01 3.471431732177734375e-01
2.476408481597900391e-01 3.319239616394042969e-01
4.996569752693176270e+01 0.000000000000000000e+00
2.318801879882812500e-01 2.944045066833496094e-01
2.789766788482666016e-01 3.272972106933593750e-01
3.004145622253417969e-01 3.338968753814697266e-01
2.986404895782470703e-01 3.140416145324707031e-01
2.647860050201416016e-01 3.063061237335205078e-01
3.000335693359375000e-01 3.298375606536865234e-01
2.412295341491699219e-01 3.406853675842285156e-01
2.984812259674072266e-01 3.431234359741210938e-01
2.788574695587158203e-01 3.247127532958984375e-01
2.796494960784912109e-01 3.531355857849121094e-01
3.029208183288574219e-01 3.437442779541015625e-01
2.945630550384521484e-01 3.152039051055908203e-01
3.011932373046875000e-01 3.145670890808105469e-01
2.476339340209960938e-01 3.190450668334960938e-01
2.442753314971923828e-01 3.207798004150390625e-01
2.343544960021972656e-01 3.012416362762451172e-01
2.857174873352050781e-01 3.446655273437500000e-01
2.807407379150390625e-01 3.536260128021240234e-01
3.134164810180664062e-01 3.357872962951660156e-01
2.321457862854003906e-01 2.986030578613281250e-01
2.328307628631591797e-01 3.021516799926757812e-01
2.853591442108154297e-01 3.385539054870605469e-01
2.489511966705322266e-01 3.100745677947998047e-01
3.017621040344238281e-01 3.277306556701660156e-01
3.037757873535156250e-01 3.337509632110595703e-01
2.512273788452148438e-01 3.272342681884765625e-01
2.486624717712402344e-01 2.994444370269775391e-01
2.320506572723388672e-01 3.108718395233154297e-01
2.731785774230957031e-01 3.003973960876464844e-01
3.002991676330566406e-01 3.120610713958740234e-01
2.329909801483154297e-01 2.869548797607421875e-01
2.457594871520996094e-01 3.300666809082031250e-01
2.332701683044433594e-01 3.058123588562011719e-01
3.001477718353271484e-01 3.424277305603027344e-01
2.872917652130126953e-01 3.461604118347167969e-01
2.891247272491455078e-01 3.194577693939208984e-01
2.602396011352539062e-01 3.213086128234863281e-01
2.834515571594238281e-01 3.130373954772949219e-01
2.784905433654785156e-01 3.434898853302001953e-01
2.765629291534423828e-01 3.305938243865966797e-01
2.883081436157226562e-01 3.425307273864746094e-01
2.948496341705322266e-01 2.929265499114990234e-01
2.608690261840820312e-01 3.408849239349365234e-01
2.597329616546630859e-01 3.402838706970214844e-01
2.331352233886718750e-01 3.059957027435302734e-01
2.838265895843505859e-01 3.454935550689697266e-01
3.019726276397705078e-01 2.952866554260253906e-01
2.601842880249023438e-01 3.398702144622802734e-01
2.596418857574462891e-01 3.273682594299316406e-01
2.902657985687255859e-01 3.457121849060058594e-01
2.499682903289794922e-01 3.001985549926757812e-01
2.727885246276855469e-01 3.117196559906005859e-01
2.596678733825683594e-01 3.451004028320312500e-01
2.594637870788574219e-01 3.146274089813232422e-01
2.495086193084716797e-01 3.168718814849853516e-01
2.616608142852783203e-01 3.222079277038574219e-01
2.614436149597167969e-01 3.287041187286376953e-01
2.796685695648193359e-01 2.948255538940429688e-01
2.740731239318847656e-01 3.289918899536132812e-01
2.915041446685791016e-01 3.260815143585205078e-01
2.646591663360595703e-01 3.262083530426025391e-01
2.865993976593017578e-01 3.141572475433349609e-01
2.997465133666992188e-01 3.291347026824951172e-01
3.006002902984619141e-01 3.420274257659912109e-01
2.428381443023681641e-01 3.084161281585693359e-01
2.591361999511718750e-01 3.228726387023925781e-01
3.038501739501953125e-01 3.406167030334472656e-01
2.991051673889160156e-01 3.223199844360351562e-01
2.479825019836425781e-01 3.236317634582519531e-01
2.386841773986816406e-01 2.983794212341308594e-01
2.775490283966064453e-01 3.384315967559814453e-01
2.864019870758056641e-01 3.367178440093994141e-01
2.627658843994140625e-01 3.407962322235107422e-01
2.810251712799072266e-01 3.410487174987792969e-01
2.860765457153320312e-01 3.278987407684326172e-01
2.730350494384765625e-01 3.451690673828125000e-01
2.845768928527832031e-01 3.106510639190673828e-01
3.050704002380371094e-01 3.201076984405517578e-01
2.837808132171630859e-01 2.957847118377685547e-01
2.634813785552978516e-01 3.300471305847167969e-01
2.587864398956298828e-01 3.317246437072753906e-01
2.885923385620117188e-01 3.322870731353759766e-01
2.863838672637939453e-01 3.290636539459228516e-01
2.468740940093994141e-01 3.033635616302490234e-01
2.870626449584960938e-01 3.329904079437255859e-01
2.851700782775878906e-01 3.186192512512207031e-01
3.006584644317626953e-01 3.376970291137695312e-01
2.664513587951660156e-01 3.365597724914550781e-01
2.640485763549804688e-01 3.223662376403808594e-01
3.003146648406982422e-01 3.245880603790283203e-01
2.797293663024902344e-01 3.466651439666748047e-01
2.753715515136718750e-01 3.249528408050537109e-01
3.016531467437744141e-01 3.269729614257812500e-01
3.000521659851074219e-01 3.304972648620605469e-01
3.021731376647949219e-01 3.181235790252685547e-01
2.945990562438964844e-01 3.375554084777832031e-01
2.783918380737304688e-01 3.105733394622802734e-01
2.612566947937011719e-01 3.199391365051269531e-01
3.069546222686767578e-01 3.116965293884277344e-01
2.963523864746093750e-01 3.401012420654296875e-01
