5.074405670166015625e-02 5.851731300354003906e-01 1.967425346374511719e-01
3.830313682556152344e-02 5.567958354949951172e-01 2.056031227111816406e-01
3.408432006835937500e-02 5.521316528320312500e-01 2.014758586883544922e-01
3.432607650756835938e-02 5.454750061035156250e-01 2.054870128631591797e-01
3.463363647460937500e-02 5.503127574920654297e-01 2.025134563446044922e-01
3.462481498718261719e-02 5.448718070983886719e-01 2.044150829315185547e-01
3.490090370178222656e-02 5.625274181365966797e-01 1.994576454162597656e-01
3.511619567871093750e-02 5.604469776153564453e-01 2.134358882904052734e-01
3.530001640319824219e-02 5.745029449462890625e-01 1.980066299438476562e-01
3.575396537780761719e-02 5.660550594329833984e-01 2.092437744140625000e-01
3.511500358581542969e-02 5.675868988037109375e-01 1.971576213836669922e-01
3.493785858154296875e-02 5.619108676910400391e-01 2.081663608551025391e-01
3.460502624511718750e-02 5.660252571105957031e-01 2.022247314453125000e-01
3.485918045043945312e-02 5.611813068389892578e-01 2.023069858551025391e-01
3.496003150939941406e-02 5.734329223632812500e-01 1.966161727905273438e-01
3.429818153381347656e-02 5.591354370117187500e-01 2.104556560516357422e-01
3.418564796447753906e-02 5.570259094238281250e-01 1.963660717010498047e-01
3.477406501770019531e-02 5.526151657104492188e-01 2.003231048583984375e-01
