4.826450347900390625e-02 3.509912490844726562e-01 2.094802856445312500e-01
4.618382453918457031e-02 3.839166164398193359e-01 2.116465568542480469e-01
4.745626449584960938e-02 3.821766376495361328e-01 2.108526229858398438e-01
4.848051071166992188e-02 4.009859561920166016e-01 1.936066150665283203e-01
4.750800132751464844e-02 4.559235572814941406e-01 2.165398597717285156e-01
4.735732078552246094e-02 4.833011627197265625e-01 2.022562026977539062e-01
4.807400703430175781e-02 5.408232212066650391e-01 2.098407745361328125e-01
4.802203178405761719e-02 5.399563312530517578e-01 2.038128376007080078e-01
4.781794548034667969e-02 5.128538608551025391e-01 2.089920043945312500e-01
4.799342155456542969e-02 4.971530437469482422e-01 2.138524055480957031e-01
4.904651641845703125e-02 5.481729507446289062e-01 2.105343341827392578e-01
4.875254631042480469e-02 5.555756092071533203e-01 2.047026157379150391e-01
4.884481430053710938e-02 5.386352539062500000e-01 2.226784229278564453e-01
