6.664752960205078125e-02 1.019506454467773438e-01 5.618817806243896484e-01
6.772089004516601562e-02 9.516119956970214844e-02 5.640201568603515625e-01
6.707358360290527344e-02 9.348011016845703125e-02 5.512089729309082031e-01
6.746482849121093750e-02 9.394383430480957031e-02 5.552463531494140625e-01
6.710886955261230469e-02 9.023976325988769531e-02 5.502254962921142578e-01
6.715846061706542969e-02 8.772993087768554688e-02 5.469660758972167969e-01
6.684875488281250000e-02 8.196568489074707031e-02 4.447135925292968750e-01
6.689023971557617188e-02 8.012652397155761719e-02 4.059920310974121094e-01
6.694722175598144531e-02 7.715439796447753906e-02 3.669764995574951172e-01
6.705689430236816406e-02 7.684373855590820312e-02 3.530013561248779297e-01
6.678056716918945312e-02 7.581710815429687500e-02 3.453001976013183594e-01
