3.093409538269042969e-02 6.199927330017089844e-01 2.151052951812744141e-01
2.975773811340332031e-02 5.262484550476074219e-01 2.201626300811767578e-01
2.920198440551757812e-02 4.808254241943359375e-01 2.055451869964599609e-01
2.980756759643554688e-02 4.196631908416748047e-01 2.075531482696533203e-01
3.017330169677734375e-02 4.528083801269531250e-01 2.198214530944824219e-01
2.959370613098144531e-02 4.453394412994384766e-01 2.066895961761474609e-01
2.945184707641601562e-02 4.612829685211181641e-01 2.042577266693115234e-01
2.931022644042968750e-02 4.822735786437988281e-01 2.074427604675292969e-01
2.970385551452636719e-02 4.863898754119873047e-01 2.144894599914550781e-01
2.992916107177734375e-02 5.503220558166503906e-01 2.186663150787353516e-01
2.846312522888183594e-02 5.556287765502929688e-01 2.172701358795166016e-01
2.801227569580078125e-02 5.826268196105957031e-01 2.082819938659667969e-01
