4.019355773925781250e-02 3.977961540222167969e-01 4.497656822204589844e-01
3.639841079711914062e-02 3.221876621246337891e-01 4.612929821014404297e-01
3.850030899047851562e-02 3.221330642700195312e-01 4.723365306854248047e-01
3.708934783935546875e-02 3.349418640136718750e-01 4.466712474822998047e-01
3.695178031921386719e-02 3.152825832366943359e-01 4.466359615325927734e-01
3.698134422302246094e-02 3.178677558898925781e-01 4.570620059967041016e-01
3.888726234436035156e-02 3.252272605895996094e-01 4.494581222534179688e-01
3.974223136901855469e-02 3.440930843353271484e-01 4.490692615509033203e-01
3.928923606872558594e-02 3.400406837463378906e-01 4.554562568664550781e-01
3.826689720153808594e-02 3.248472213745117188e-01 4.477987289428710938e-01
3.824210166931152344e-02 3.208963871002197266e-01 4.551684856414794922e-01
3.728413581848144531e-02 3.169629573822021484e-01 4.447844028472900391e-01
3.744196891784667969e-02 3.332424163818359375e-01 4.528012275695800781e-01
3.780651092529296875e-02 3.172514438629150391e-01 4.582579135894775391e-01
3.794217109680175781e-02 3.356041908264160156e-01 4.492185115814208984e-01
