5.689620971679687500e-02 3.549914360046386719e-01 2.005259990692138672e-01
4.465627670288085938e-02 3.351211547851562500e-01 1.941998004913330078e-01
4.360365867614746094e-02 3.241915702819824219e-01 1.964869499206542969e-01
4.428625106811523438e-02 3.267071247100830078e-01 1.989083290100097656e-01
4.384922981262207031e-02 3.240010738372802734e-01 1.948792934417724609e-01
4.424548149108886719e-02 3.176140785217285156e-01 1.959886550903320312e-01
4.504680633544921875e-02 3.121342658996582031e-01 1.938927173614501953e-01
4.638195037841796875e-02 3.188450336456298828e-01 1.965482234954833984e-01
4.519152641296386719e-02 3.171796798706054688e-01 1.964585781097412109e-01
4.480481147766113281e-02 3.062655925750732422e-01 1.967763900756835938e-01
4.339218139648437500e-02 2.974066734313964844e-01 1.936340332031250000e-01
4.388523101806640625e-02 2.865326404571533203e-01 1.978218555450439453e-01
4.425501823425292969e-02 2.822329998016357422e-01 1.956682205200195312e-01
4.805684089660644531e-02 2.961177825927734375e-01 1.942336559295654297e-01
4.555559158325195312e-02 2.855474948883056641e-01 1.962871551513671875e-01
4.545998573303222656e-02 2.884175777435302734e-01 1.969442367553710938e-01
4.476404190063476562e-02 2.816193103790283203e-01 1.961717605590820312e-01
4.574704170227050781e-02 2.919762134552001953e-01 1.956474781036376953e-01
4.473400115966796875e-02 2.930552959442138672e-01 1.973564624786376953e-01
4.471921920776367188e-02 2.940065860748291016e-01 1.998357772827148438e-01
4.404592514038085938e-02 2.875535488128662109e-01 1.994032859802246094e-01
4.461193084716796875e-02 2.913215160369873047e-01 1.945202350616455078e-01
