7.448005676269531250e-02 4.654755592346191406e-01 2.118706703186035156e-01
4.609966278076171875e-02 4.448843002319335938e-01 2.201142311096191406e-01
4.684329032897949219e-02 4.574353694915771484e-01 2.155275344848632812e-01
4.786324501037597656e-02 4.431290626525878906e-01 2.214248180389404297e-01
4.636931419372558594e-02 4.243342876434326172e-01 2.113933563232421875e-01
4.741692543029785156e-02 4.257748126983642578e-01 2.191059589385986328e-01
4.669404029846191406e-02 4.285006523132324219e-01 2.146995067596435547e-01
4.662489891052246094e-02 4.252510070800781250e-01 2.194681167602539062e-01
4.611659049987792969e-02 4.322054386138916016e-01 2.120347023010253906e-01
4.701590538024902344e-02 4.365990161895751953e-01 2.224426269531250000e-01
4.752969741821289062e-02 4.588146209716796875e-01 2.131204605102539062e-01
4.822421073913574219e-02 4.487884044647216797e-01 2.256157398223876953e-01
4.639291763305664062e-02 4.459929466247558594e-01 2.152297496795654297e-01
4.632258415222167969e-02 4.552223682403564453e-01 2.177941799163818359e-01
4.678511619567871094e-02 4.628243446350097656e-01 2.147169113159179688e-01
4.664969444274902344e-02 4.539604187011718750e-01 2.197484970092773438e-01
4.689431190490722656e-02 4.716455936431884766e-01 2.107765674591064453e-01
4.696989059448242188e-02 4.657886028289794922e-01 2.185184955596923828e-01
4.587459564208984375e-02 4.668579101562500000e-01 2.110264301300048828e-01
4.711556434631347656e-02 4.713847637176513672e-01 2.265992164611816406e-01
4.691720008850097656e-02 4.812512397766113281e-01 2.116448879241943359e-01
4.744482040405273438e-02 4.860455989837646484e-01 2.198243141174316406e-01
4.706907272338867188e-02 4.935984611511230469e-01 2.136321067810058594e-01
