6.764435768127441406e-02 1.960306167602539062e-01 5.794677734375000000e-01
6.638097763061523438e-02 2.235372066497802734e-01 5.567800998687744141e-01
6.658720970153808594e-02 2.624468803405761719e-01 5.614230632781982422e-01
6.688070297241210938e-02 3.120567798614501953e-01 6.105084419250488281e-01
6.854939460754394531e-02 3.738543987274169922e-01 6.124236583709716797e-01
6.745362281799316406e-02 4.282886981964111328e-01 6.480302810668945312e-01
6.691884994506835938e-02 4.697742462158203125e-01 6.582665443420410156e-01
6.678080558776855469e-02 5.234205722808837891e-01 6.704936027526855469e-01
6.673860549926757812e-02 5.665962696075439453e-01 6.780319213867187500e-01
6.670975685119628906e-02 6.186785697937011719e-01 6.695616245269775391e-01
6.673455238342285156e-02 6.500241756439208984e-01 6.920969486236572266e-01
6.675314903259277344e-02 6.721124649047851562e-01 7.026360034942626953e-01
