7.545328140258789062e-02 1.197621822357177734e-01 1.338920593261718750e-01
4.279804229736328125e-02 6.971120834350585938e-02 1.215217113494873047e-01
4.253911972045898438e-02 7.011938095092773438e-02 1.199088096618652344e-01
4.220414161682128906e-02 6.838512420654296875e-02 1.181461811065673828e-01
4.327869415283203125e-02 6.797218322753906250e-02 1.001734733581542969e-01
4.622721672058105469e-02 7.026576995849609375e-02 9.757590293884277344e-02
4.672622680664062500e-02 7.271480560302734375e-02 9.165716171264648438e-02
4.399609565734863281e-02 6.820225715637207031e-02 9.801363945007324219e-02
4.592514038085937500e-02 7.112812995910644531e-02 9.667277336120605469e-02
4.682612419128417969e-02 7.140755653381347656e-02 9.104228019714355469e-02
4.421639442443847656e-02 6.985306739807128906e-02 8.974337577819824219e-02
4.414510726928710938e-02 6.731033325195312500e-02 8.685755729675292969e-02
4.428315162658691406e-02 6.862020492553710938e-02 8.568882942199707031e-02
4.413366317749023438e-02 6.871914863586425781e-02 8.778095245361328125e-02
4.420876502990722656e-02 6.688809394836425781e-02 8.562755584716796875e-02
4.599213600158691406e-02 6.938838958740234375e-02 8.796858787536621094e-02
4.772329330444335938e-02 8.368515968322753906e-02 9.280014038085937500e-02
5.007719993591308594e-02 7.993102073669433594e-02 9.173369407653808594e-02
