6.180977821350097656e-02 1.116390228271484375e-01 2.128882408142089844e-01
4.667091369628906250e-02 8.711481094360351562e-02 2.054562568664550781e-01
4.494714736938476562e-02 8.423566818237304688e-02 2.090764045715332031e-01
4.568719863891601562e-02 8.633828163146972656e-02 2.103018760681152344e-01
4.548883438110351562e-02 9.904003143310546875e-02 2.156732082366943359e-01
4.565477371215820312e-02 1.051099300384521484e-01 2.122683525085449219e-01
4.629516601562500000e-02 1.112487316131591797e-01 2.117662429809570312e-01
4.544162750244140625e-02 9.848046302795410156e-02 2.188794612884521484e-01
4.621243476867675781e-02 9.995937347412109375e-02 2.141110897064208984e-01
4.597473144531250000e-02 1.147491931915283203e-01 2.135238647460937500e-01
4.674768447875976562e-02 1.171271800994873047e-01 2.139055728912353516e-01
4.614305496215820312e-02 1.066331863403320312e-01 2.142355442047119141e-01
4.573988914489746094e-02 1.029884815216064453e-01 2.104029655456542969e-01
4.549980163574218750e-02 9.784960746765136719e-02 2.108273506164550781e-01
4.571557044982910156e-02 9.042406082153320312e-02 2.121310234069824219e-01
