7.954263687133789062e-02 1.278157234191894531e-01 4.310724735260009766e-01
5.751323699951171875e-02 9.409666061401367188e-02 4.451825618743896484e-01
6.204724311828613281e-02 1.252503395080566406e-01 4.359579086303710938e-01
5.850195884704589844e-02 1.043884754180908203e-01 4.392607212066650391e-01
5.767774581909179688e-02 1.073722839355468750e-01 4.387514591217041016e-01
5.898547172546386719e-02 1.059665679931640625e-01 4.378132820129394531e-01
6.200027465820312500e-02 1.316440105438232422e-01 4.359118938446044922e-01
6.216073036193847656e-02 1.327426433563232422e-01 4.413208961486816406e-01
5.821490287780761719e-02 1.133916378021240234e-01 4.347720146179199219e-01
5.908727645874023438e-02 1.162590980529785156e-01 4.431645870208740234e-01
6.024909019470214844e-02 1.375231742858886719e-01 4.342312812805175781e-01
5.912923812866210938e-02 1.374354362487792969e-01 4.391143321990966797e-01
6.177210807800292969e-02 1.721100807189941406e-01 4.413230419158935547e-01
6.102752685546875000e-02 1.697402000427246094e-01 4.422054290771484375e-01
