5.200147628784179688e-02 1.621775627136230469e-01 2.252719402313232422e-01
5.027532577514648438e-02 1.845271587371826172e-01 2.313511371612548828e-01
5.109786987304687500e-02 2.180910110473632812e-01 2.314221858978271484e-01
5.143857002258300781e-02 2.450246810913085938e-01 2.287189960479736328e-01
5.064129829406738281e-02 2.749078273773193359e-01 2.309534549713134766e-01
4.950833320617675781e-02 3.091368675231933594e-01 2.188920974731445312e-01
4.927873611450195312e-02 3.420779705047607422e-01 2.362298965454101562e-01
5.066227912902832031e-02 3.715071678161621094e-01 2.222557067871093750e-01
5.022621154785156250e-02 3.923032283782958984e-01 2.222142219543457031e-01
6.825399398803710938e-02 4.307224750518798828e-01 2.361776828765869141e-01
5.005908012390136719e-02 4.327430725097656250e-01 2.173283100128173828e-01
5.015492439270019531e-02 4.560492038726806641e-01 2.288758754730224609e-01
5.092191696166992188e-02 4.876258373260498047e-01 2.271971702575683594e-01
5.060148239135742188e-02 4.988372325897216797e-01 2.398188114166259766e-01
5.129241943359375000e-02 5.205218791961669922e-01 2.212705612182617188e-01
5.122065544128417969e-02 5.286734104156494141e-01 2.266845703125000000e-01
5.116796493530273438e-02 5.404603481292724609e-01 2.313449382781982422e-01
5.080652236938476562e-02 5.531132221221923828e-01 2.354795932769775391e-01
5.075025558471679688e-02 5.482044219970703125e-01 2.348659038543701172e-01
