6.881523132324218750e-02 1.402101516723632812e-01 4.298536777496337891e-01
5.879831314086914062e-02 9.295439720153808594e-02 4.236707687377929688e-01
5.920267105102539062e-02 1.060867309570312500e-01 4.280831813812255859e-01
5.963945388793945312e-02 1.251914501190185547e-01 4.293599128723144531e-01
6.282806396484375000e-02 1.397864818572998047e-01 4.293956756591796875e-01
6.331610679626464844e-02 1.680431365966796875e-01 4.248657226562500000e-01
6.232595443725585938e-02 2.211904525756835938e-01 4.388978481292724609e-01
5.918669700622558594e-02 1.858978271484375000e-01 4.331884384155273438e-01
6.045317649841308594e-02 2.295861244201660156e-01 4.362430572509765625e-01
6.163597106933593750e-02 2.447352409362792969e-01 4.413084983825683594e-01
5.828928947448730469e-02 2.598721981048583984e-01 4.362738132476806641e-01
5.912160873413085938e-02 2.938222885131835938e-01 4.353108406066894531e-01
