6.572866439819335938e-02 8.577833175659179688e-01 7.129204273223876953e-01
7.019948959350585938e-02 9.194965362548828125e-01 7.285001277923583984e-01
6.661701202392578125e-02 9.358301162719726562e-01 7.189800739288330078e-01
6.916832923889160156e-02 9.751868247985839844e-01 7.331235408782958984e-01
6.760549545288085938e-02 9.704589843750000000e-01 7.202570438385009766e-01
6.723976135253906250e-02 9.649808406829833984e-01 7.197334766387939453e-01
6.722664833068847656e-02 9.641277790069580078e-01 7.089025974273681641e-01
6.715512275695800781e-02 9.700300693511962891e-01 7.154448032379150391e-01
6.731081008911132812e-02 9.698197841644287109e-01 7.067811489105224609e-01
6.735491752624511719e-02 9.787325859069824219e-01 7.322547435760498047e-01
6.670784950256347656e-02 9.554855823516845703e-01 6.893272399902343750e-01
6.685972213745117188e-02 9.568574428558349609e-01 7.198629379272460938e-01
6.666970252990722656e-02 9.585962295532226562e-01 7.189967632293701172e-01
6.705904006958007812e-02 9.698979854583740234e-01 7.204244136810302734e-01
6.662511825561523438e-02 9.628348350524902344e-01 7.013397216796875000e-01
