7.922983169555664062e-02 1.136260032653808594e-01 1.316061019897460938e-01
4.426312446594238281e-02 7.036375999450683594e-02 1.224937438964843750e-01
4.600691795349121094e-02 7.232522964477539062e-02 1.120119094848632812e-01
4.471182823181152344e-02 7.177114486694335938e-02 1.148324012756347656e-01
4.545688629150390625e-02 7.470583915710449219e-02 1.128592491149902344e-01
4.416441917419433594e-02 7.062697410583496094e-02 1.145334243774414062e-01
4.571580886840820312e-02 7.296657562255859375e-02 1.119661331176757812e-01
4.483008384704589844e-02 7.016372680664062500e-02 1.153452396392822266e-01
4.625010490417480469e-02 7.906198501586914062e-02 1.131348609924316406e-01
4.410219192504882812e-02 7.216525077819824219e-02 1.165373325347900391e-01
4.666900634765625000e-02 7.667326927185058594e-02 1.137499809265136719e-01
4.612421989440917969e-02 7.922172546386718750e-02 1.168510913848876953e-01
4.725313186645507812e-02 7.936954498291015625e-02 1.199333667755126953e-01
4.620766639709472656e-02 7.353663444519042969e-02 1.173968315124511719e-01
4.625749588012695312e-02 7.452154159545898438e-02 1.125562191009521484e-01
4.498457908630371094e-02 7.171106338500976562e-02 1.159226894378662109e-01
4.562997817993164062e-02 7.290959358215332031e-02 1.131989955902099609e-01
4.604578018188476562e-02 7.373428344726562500e-02 1.180696487426757812e-01
4.676580429077148438e-02 7.559990882873535156e-02 1.135687828063964844e-01
4.572296142578125000e-02 7.185626029968261719e-02 1.158812046051025391e-01
