6.824970245361328125e-02 2.745959758758544922e-01 2.158007621765136719e-01
4.572892189025878906e-02 2.191600799560546875e-01 2.074971199035644531e-01
4.691886901855468750e-02 2.249863147735595703e-01 2.122039794921875000e-01
4.580521583557128906e-02 2.199909687042236328e-01 2.105116844177246094e-01
4.691839218139648438e-02 2.256276607513427734e-01 2.132658958435058594e-01
4.637813568115234375e-02 2.118289470672607422e-01 2.109072208404541016e-01
4.595851898193359375e-02 1.576087474822998047e-01 2.172212600708007812e-01
4.639744758605957031e-02 1.363170146942138672e-01 2.055037021636962891e-01
4.605269432067871094e-02 1.212406158447265625e-01 2.088170051574707031e-01
4.618453979492187500e-02 1.056857109069824219e-01 2.077951431274414062e-01
4.641747474670410156e-02 1.030299663543701172e-01 2.085769176483154297e-01
4.527616500854492188e-02 9.153008460998535156e-02 2.056267261505126953e-01
4.671001434326171875e-02 9.469413757324218750e-02 2.074496746063232422e-01
