3.101968765258789062e-02 2.536425590515136719e-01 4.521300792694091797e-01
3.487420082092285156e-02 2.188286781311035156e-01 4.510462284088134766e-01
3.453302383422851562e-02 1.813814640045166016e-01 4.537544250488281250e-01
3.823971748352050781e-02 1.540455818176269531e-01 4.451324939727783203e-01
3.848290443420410156e-02 1.516401767730712891e-01 4.434945583343505859e-01
3.888583183288574219e-02 1.387398242950439453e-01 4.423453807830810547e-01
3.880691528320312500e-02 1.077506542205810547e-01 4.443609714508056641e-01
3.770160675048828125e-02 1.027910709381103516e-01 4.447171688079833984e-01
3.846573829650878906e-02 1.272146701812744141e-01 4.390738010406494141e-01
3.793549537658691406e-02 1.283934116363525391e-01 4.416115283966064453e-01
3.785252571105957031e-02 1.264278888702392578e-01 4.454133510589599609e-01
3.760170936584472656e-02 1.109631061553955078e-01 4.403362274169921875e-01
