7.251882553100585938e-02 6.018402576446533203e-01 2.039508819580078125e-01
5.318212509155273438e-02 5.867807865142822266e-01 1.977550983428955078e-01
5.189108848571777344e-02 5.759527683258056641e-01 1.939091682434082031e-01
5.303812026977539062e-02 5.548005104064941406e-01 1.994216442108154297e-01
5.223870277404785156e-02 5.262651443481445312e-01 1.980016231536865234e-01
5.356979370117187500e-02 5.294973850250244141e-01 1.976971626281738281e-01
5.277323722839355469e-02 5.179197788238525391e-01 2.004311084747314453e-01
5.249810218811035156e-02 4.963042736053466797e-01 1.964347362518310547e-01
5.303668975830078125e-02 4.750020503997802734e-01 1.946830749511718750e-01
5.319070816040039062e-02 4.712722301483154297e-01 1.959326267242431641e-01
5.365943908691406250e-02 4.484453201293945312e-01 1.958286762237548828e-01
5.452537536621093750e-02 3.461065292358398438e-01 1.976675987243652344e-01
5.194807052612304688e-02 3.010866641998291016e-01 1.936104297637939453e-01
5.414652824401855469e-02 3.237359523773193359e-01 1.942436695098876953e-01
5.471444129943847656e-02 3.005893230438232422e-01 1.965484619140625000e-01
5.262947082519531250e-02 2.925009727478027344e-01 1.997950077056884766e-01
5.222749710083007812e-02 2.856416702270507812e-01 1.951897144317626953e-01
