7.096815109252929688e-02 6.139667034149169922e-01 4.687297344207763672e-01
6.534385681152343750e-02 5.985088348388671875e-01 4.834232330322265625e-01
6.876134872436523438e-02 6.293342113494873047e-01 4.741382598876953125e-01
6.789088249206542969e-02 6.347210407257080078e-01 4.740638732910156250e-01
7.100129127502441406e-02 6.594424247741699219e-01 4.850368499755859375e-01
6.681752204895019531e-02 6.609528064727783203e-01 4.807236194610595703e-01
6.439447402954101562e-02 6.730208396911621094e-01 4.845061302185058594e-01
6.461572647094726562e-02 6.782720088958740234e-01 4.836266040802001953e-01
6.651926040649414062e-02 7.078945636749267578e-01 4.889802932739257812e-01
7.192611694335937500e-02 7.102599143981933594e-01 4.825544357299804688e-01
7.061982154846191406e-02 7.241623401641845703e-01 4.861197471618652344e-01
7.241106033325195312e-02 7.212543487548828125e-01 4.709820747375488281e-01
6.832265853881835938e-02 7.092943191528320312e-01 4.812397956848144531e-01
7.368779182434082031e-02 7.266097068786621094e-01 4.807159900665283203e-01
7.243990898132324219e-02 7.380437850952148438e-01 4.761776924133300781e-01
7.300472259521484375e-02 7.262713909149169922e-01 4.816439151763916016e-01
7.331323623657226562e-02 7.411184310913085938e-01 4.871869087219238281e-01
7.222199440002441406e-02 7.330152988433837891e-01 4.808974266052246094e-01
6.759643554687500000e-02 7.256259918212890625e-01 4.843087196350097656e-01
6.625699996948242188e-02 7.040231227874755859e-01 4.888286590576171875e-01
6.766963005065917969e-02 7.097661495208740234e-01 4.937145709991455078e-01
6.917858123779296875e-02 7.150011062622070312e-01 4.838836193084716797e-01
6.763696670532226562e-02 7.258086204528808594e-01 4.846839904785156250e-01
7.197260856628417969e-02 7.288599014282226562e-01 4.737937450408935547e-01
6.714534759521484375e-02 7.213292121887207031e-01 4.789469242095947266e-01
6.763768196105957031e-02 7.147085666656494141e-01 4.743461608886718750e-01
7.137870788574218750e-02 7.425408363342285156e-01 4.971487522125244141e-01
6.843113899230957031e-02 7.321774959564208984e-01 4.859712123870849609e-01
7.582402229309082031e-02 7.511737346649169922e-01 4.872980117797851562e-01
