6.636524200439453125e-02 4.515154361724853516e-01 2.228193283081054688e-01
4.537487030029296875e-02 3.014392852783203125e-01 2.138190269470214844e-01
4.715299606323242188e-02 2.697575092315673828e-01 2.250735759735107422e-01
4.716324806213378906e-02 2.417597770690917969e-01 2.115192413330078125e-01
4.789710044860839844e-02 2.423324584960937500e-01 2.229335308074951172e-01
4.784536361694335938e-02 2.350549697875976562e-01 2.106072902679443359e-01
4.756808280944824219e-02 2.375721931457519531e-01 2.154998779296875000e-01
4.679036140441894531e-02 2.324690818786621094e-01 2.098217010498046875e-01
4.688477516174316406e-02 2.324781417846679688e-01 2.156434059143066406e-01
4.655241966247558594e-02 2.305438518524169922e-01 2.079463005065917969e-01
4.489660263061523438e-02 2.174227237701416016e-01 2.213122844696044922e-01
4.426002502441406250e-02 2.114932537078857422e-01 2.088901996612548828e-01
4.706811904907226562e-02 2.190537452697753906e-01 2.256386280059814453e-01
4.726433753967285156e-02 2.172350883483886719e-01 2.132670879364013672e-01
4.619336128234863281e-02 2.123825550079345703e-01 2.174160480499267578e-01
4.671216011047363281e-02 2.164547443389892578e-01 2.114851474761962891e-01
4.641604423522949219e-02 2.205784320831298828e-01 2.215867042541503906e-01
4.741168022155761719e-02 2.364788055419921875e-01 2.114140987396240234e-01
4.585647583007812500e-02 2.277643680572509766e-01 2.175209522247314453e-01
4.698967933654785156e-02 2.264730930328369141e-01 2.092919349670410156e-01
4.577827453613281250e-02 2.289764881134033203e-01 2.208938598632812500e-01
4.762744903564453125e-02 2.418730258941650391e-01 2.085144519805908203e-01
4.802560806274414062e-02 2.465147972106933594e-01 2.173836231231689453e-01
4.742240905761718750e-02 2.498102188110351562e-01 2.085616588592529297e-01
4.707002639770507812e-02 2.538836002349853516e-01 2.138729095458984375e-01
4.701328277587890625e-02 2.554676532745361328e-01 2.087485790252685547e-01
4.626035690307617188e-02 2.609217166900634766e-01 2.145063877105712891e-01
4.665637016296386719e-02 2.562980651855468750e-01 2.111539840698242188e-01
4.683065414428710938e-02 2.527761459350585938e-01 2.131855487823486328e-01
4.688954353332519531e-02 2.390263080596923828e-01 2.127356529235839844e-01
4.709434509277343750e-02 2.336866855621337891e-01 2.150938510894775391e-01
4.645347595214843750e-02 2.220304012298583984e-01 2.196707725524902344e-01
4.647994041442871094e-02 2.160160541534423828e-01 2.141966819763183594e-01
