6.628084182739257812e-02 1.416137218475341797e-01 4.555177688598632812e-01
5.801177024841308594e-02 1.497566699981689453e-01 4.443311691284179688e-01
5.874133110046386719e-02 1.818847656250000000e-01 4.395961761474609375e-01
5.960035324096679688e-02 2.061903476715087891e-01 4.442510604858398438e-01
6.124806404113769531e-02 2.394137382507324219e-01 4.563095569610595703e-01
5.819773674011230469e-02 2.181012630462646484e-01 4.526777267456054688e-01
5.900716781616210938e-02 2.173576354980468750e-01 4.485116004943847656e-01
6.126284599304199219e-02 2.264122962951660156e-01 4.541230201721191406e-01
5.841398239135742188e-02 2.064716815948486328e-01 4.551808834075927734e-01
5.803561210632324219e-02 1.893880367279052734e-01 4.444644451141357422e-01
5.880546569824218750e-02 1.874876022338867188e-01 4.574503898620605469e-01
