5.040264129638671875e-02 1.168785095214843750e-01 2.268145084381103516e-01
4.886221885681152344e-02 9.196829795837402344e-02 2.209334373474121094e-01
4.917073249816894531e-02 8.711075782775878906e-02 2.202470302581787109e-01
4.958868026733398438e-02 8.509731292724609375e-02 2.070646286010742188e-01
4.931020736694335938e-02 8.004140853881835938e-02 2.046401500701904297e-01
6.601309776306152344e-02 8.434224128723144531e-02 1.813385486602783203e-01
4.940724372863769531e-02 7.965087890625000000e-02 1.744918823242187500e-01
4.929804801940917969e-02 7.904577255249023438e-02 1.859071254730224609e-01
5.115485191345214844e-02 7.784748077392578125e-02 1.623277664184570312e-01
5.127716064453125000e-02 8.344006538391113281e-02 1.466066837310791016e-01
4.939889907836914062e-02 7.768106460571289062e-02 1.651604175567626953e-01
5.087733268737792969e-02 7.920742034912109375e-02 1.667318344116210938e-01
5.005741119384765625e-02 7.956337928771972656e-02 1.502716541290283203e-01
4.913759231567382812e-02 7.937288284301757812e-02 1.604740619659423828e-01
5.054974555969238281e-02 8.319473266601562500e-02 1.536438465118408203e-01
4.957866668701171875e-02 8.124589920043945312e-02 1.590294837951660156e-01
5.109119415283203125e-02 8.387136459350585938e-02 1.657853126525878906e-01
4.898691177368164062e-02 8.350133895874023438e-02 1.639115810394287109e-01
4.874897003173828125e-02 8.405184745788574219e-02 1.541388034820556641e-01
