1.438884735107421875e-01 0.000000000000000000e+00
7.541038990020751953e-01 4.338700771331787109e-01
7.660517692565917969e-01 4.491939544677734375e-01
7.892668247222900391e-01 4.689519405364990234e-01
7.457447052001953125e-01 4.473309516906738281e-01
7.551746368408203125e-01 4.348752498626708984e-01
7.582776546478271484e-01 4.449508190155029297e-01
7.718436717987060547e-01 4.398913383483886719e-01
7.757437229156494141e-01 4.395051002502441406e-01
7.558395862579345703e-01 4.354074001312255859e-01
7.663855552673339844e-01 4.470510482788085938e-01
7.776069641113281250e-01 4.422762393951416016e-01
7.673673629760742188e-01 4.471981525421142578e-01
7.670824527740478516e-01 4.421668052673339844e-01
7.983982563018798828e-01 4.371173381805419922e-01
7.848222255706787109e-01 4.353644847869873047e-01
7.702331542968750000e-01 4.373757839202880859e-01
7.626342773437500000e-01 4.345028400421142578e-01
7.864487171173095703e-01 4.452047348022460938e-01
7.634420394897460938e-01 4.345066547393798828e-01
7.712242603302001953e-01 4.450199604034423828e-01
7.833909988403320312e-01 4.386627674102783203e-01
7.787408828735351562e-01 4.394598007202148438e-01
7.558794021606445312e-01 4.426860809326171875e-01
7.838842868804931641e-01 4.479639530181884766e-01
7.685129642486572266e-01 4.350481033325195312e-01
7.871184349060058594e-01 4.488894939422607422e-01
7.653651237487792969e-01 4.532208442687988281e-01
7.687945365905761719e-01 4.461970329284667969e-01
7.814540863037109375e-01 4.429552555084228516e-01
7.552313804626464844e-01 4.453930854797363281e-01
7.852406501770019531e-01 4.359629154205322266e-01
7.756030559539794922e-01 4.465348720550537109e-01
7.742733955383300781e-01 4.443299770355224609e-01
7.717673778533935547e-01 4.482781887054443359e-01
7.802851200103759766e-01 4.471509456634521484e-01
7.813150882720947266e-01 4.415917396545410156e-01
7.883765697479248047e-01 4.448671340942382812e-01
7.764034271240234375e-01 4.402859210968017578e-01
7.814850807189941406e-01 4.350080490112304688e-01
7.825412750244140625e-01 4.407162666320800781e-01
7.747611999511718750e-01 4.411418437957763672e-01
7.834496498107910156e-01 4.359090328216552734e-01
7.713532447814941406e-01 4.356193542480468750e-01
7.563917636871337891e-01 4.459865093231201172e-01
7.728378772735595703e-01 4.358868598937988281e-01
7.881271839141845703e-01 4.458706378936767578e-01
7.665410041809082031e-01 4.423089027404785156e-01
7.933986186981201172e-01 4.395234584808349609e-01
7.710907459259033203e-01 4.352202415466308594e-01
7.713291645050048828e-01 4.426810741424560547e-01
7.658848762512207031e-01 4.426176548004150391e-01
7.728211879730224609e-01 4.435808658599853516e-01
7.754347324371337891e-01 4.395964145660400391e-01
7.797970771789550781e-01 4.406974315643310547e-01
7.530348300933837891e-01 4.434456825256347656e-01
7.981677055358886719e-01 4.368462562561035156e-01
7.769887447357177734e-01 4.367542266845703125e-01
7.920291423797607422e-01 4.455947875976562500e-01
7.518529891967773438e-01 4.357066154479980469e-01
7.633991241455078125e-01 4.439167976379394531e-01
7.566039562225341797e-01 4.457690715789794922e-01
7.635371685028076172e-01 4.449822902679443359e-01
7.764854431152343750e-01 4.423201084136962891e-01
7.907261848449707031e-01 4.486498832702636719e-01
7.743179798126220703e-01 4.355435371398925781e-01
7.770259380340576172e-01 4.418077468872070312e-01
7.811582088470458984e-01 4.440453052520751953e-01
7.791495323181152344e-01 4.407186508178710938e-01
7.799100875854492188e-01 4.419038295745849609e-01
7.736170291900634766e-01 4.384794235229492188e-01
