6.635618209838867188e-02 1.208288669586181641e-01 1.592762470245361328e-01
4.786992073059082031e-02 8.561348915100097656e-02 1.538970470428466797e-01
4.428434371948242188e-02 7.869815826416015625e-02 1.571161746978759766e-01
4.462122917175292969e-02 7.697033882141113281e-02 1.552546024322509766e-01
4.459810256958007812e-02 7.937359809875488281e-02 1.577873229980468750e-01
4.681420326232910156e-02 8.455014228820800781e-02 1.557135581970214844e-01
4.666876792907714844e-02 8.670282363891601562e-02 1.585254669189453125e-01
4.479765892028808594e-02 7.888913154602050781e-02 1.533114910125732422e-01
4.357719421386718750e-02 8.078098297119140625e-02 1.601250171661376953e-01
4.454135894775390625e-02 8.083319664001464844e-02 1.583809852600097656e-01
4.443168640136718750e-02 8.141183853149414062e-02 1.591374874114990234e-01
4.568839073181152344e-02 8.820343017578125000e-02 1.670925617218017578e-01
4.402112960815429688e-02 8.155393600463867188e-02 1.569671630859375000e-01
4.360318183898925781e-02 8.045959472656250000e-02 1.584658622741699219e-01
4.437971115112304688e-02 8.165049552917480469e-02 1.597473621368408203e-01
4.485034942626953125e-02 7.875728607177734375e-02 1.586530208587646484e-01
4.591774940490722656e-02 8.632230758666992188e-02 1.605460643768310547e-01
4.535317420959472656e-02 8.233189582824707031e-02 1.624476909637451172e-01
4.572343826293945312e-02 8.476424217224121094e-02 1.642992496490478516e-01
4.542994499206542969e-02 8.720397949218750000e-02 1.565458774566650391e-01
4.494786262512207031e-02 8.545279502868652344e-02 1.575965881347656250e-01
4.478096961975097656e-02 8.470320701599121094e-02 1.640236377716064453e-01
4.542922973632812500e-02 9.043645858764648438e-02 1.649596691131591797e-01
4.516172409057617188e-02 8.950471878051757812e-02 1.580884456634521484e-01
