6.467700004577636719e-02 1.006722450256347656e-01 2.998349666595458984e-01
5.881810188293457031e-02 7.092356681823730469e-02 2.711346149444580078e-01
6.226801872253417969e-02 9.306335449218750000e-02 2.795529365539550781e-01
6.012392044067382812e-02 7.083821296691894531e-02 2.739334106445312500e-01
6.196665763854980469e-02 8.794546127319335938e-02 2.689814567565917969e-01
5.839014053344726562e-02 6.572318077087402344e-02 2.035973072052001953e-01
5.945515632629394531e-02 6.399822235107421875e-02 1.776254177093505859e-01
5.938768386840820312e-02 6.352019309997558594e-02 1.744506359100341797e-01
5.875349044799804688e-02 6.180524826049804688e-02 1.657772064208984375e-01
5.900669097900390625e-02 6.152224540710449219e-02 1.693692207336425781e-01
6.139874458312988281e-02 8.119702339172363281e-02 1.580364704132080078e-01
