7.148599624633789062e-02 2.822422981262207031e-01 2.054078578948974609e-01
4.373407363891601562e-02 2.368593215942382812e-01 2.095081806182861328e-01
4.558396339416503906e-02 2.326343059539794922e-01 1.964046955108642578e-01
4.581093788146972656e-02 1.993579864501953125e-01 2.050666809082031250e-01
4.405999183654785156e-02 1.611552238464355469e-01 1.948671340942382812e-01
4.394364356994628906e-02 1.497461795806884766e-01 2.047281265258789062e-01
4.392576217651367188e-02 1.410956382751464844e-01 1.955471038818359375e-01
4.388213157653808594e-02 1.430022716522216797e-01 2.063074111938476562e-01
4.425001144409179688e-02 1.428692340850830078e-01 1.979086399078369141e-01
4.494643211364746094e-02 1.528327465057373047e-01 2.045168876647949219e-01
4.472327232360839844e-02 1.506850719451904297e-01 2.002446651458740234e-01
