7.586383819580078125e-02 3.964214324951171875e-01 2.194244861602783203e-01
4.700207710266113281e-02 3.421206474304199219e-01 2.181079387664794922e-01
4.852724075317382812e-02 3.381032943725585938e-01 2.215878963470458984e-01
4.795622825622558594e-02 3.290638923645019531e-01 2.218329906463623047e-01
4.679608345031738281e-02 3.150482177734375000e-01 2.208888530731201172e-01
4.595637321472167969e-02 3.122472763061523438e-01 2.211186885833740234e-01
4.693555831909179688e-02 3.194155693054199219e-01 2.189540863037109375e-01
4.636931419372558594e-02 3.162868022918701172e-01 2.180385589599609375e-01
4.700851440429687500e-02 3.143966197967529297e-01 2.191991806030273438e-01
4.706645011901855469e-02 3.175477981567382812e-01 2.159898281097412109e-01
4.642581939697265625e-02 3.142850399017333984e-01 2.226765155792236328e-01
