1.127505302429199219e-01 1.458816528320312500e-01 4.354455471038818359e-01
1.245911121368408203e-01 1.459891796112060547e-01 4.465839862823486328e-01
7.245063781738281250e-02 1.275880336761474609e-01 4.459745883941650391e-01
6.496906280517578125e-02 1.025743484497070312e-01 4.438760280609130859e-01
6.793260574340820312e-02 1.049559116363525391e-01 4.385681152343750000e-01
7.219910621643066406e-02 1.217744350433349609e-01 4.486665725708007812e-01
6.538462638854980469e-02 1.005125045776367188e-01 4.413888454437255859e-01
6.638956069946289062e-02 9.899902343750000000e-02 4.341781139373779297e-01
7.173562049865722656e-02 1.179580688476562500e-01 4.343266487121582031e-01
6.882429122924804688e-02 9.978103637695312500e-02 4.372074604034423828e-01
6.579327583312988281e-02 1.008095741271972656e-01 4.375834465026855469e-01
7.239389419555664062e-02 1.152036190032958984e-01 4.375596046447753906e-01
7.015204429626464844e-02 1.141862869262695312e-01 4.370989799499511719e-01
6.991219520568847656e-02 1.133937835693359375e-01 4.360518455505371094e-01
6.871962547302246094e-02 1.097831726074218750e-01 4.442257881164550781e-01
6.708264350891113281e-02 9.685921669006347656e-02 4.330193996429443359e-01
7.143115997314453125e-02 1.163434982299804688e-01 4.439249038696289062e-01
6.732153892517089844e-02 1.007742881774902344e-01 4.355862140655517578e-01
6.952595710754394531e-02 1.158769130706787109e-01 4.350767135620117188e-01
6.975221633911132812e-02 1.122338771820068359e-01 4.406890869140625000e-01
