6.694889068603515625e-02 9.248805046081542969e-02 3.805928230285644531e-01
6.045532226562500000e-02 9.932374954223632812e-02 3.760035037994384766e-01
6.152009963989257812e-02 1.056029796600341797e-01 3.737940788269042969e-01
6.222701072692871094e-02 1.107423305511474609e-01 3.785877227783203125e-01
6.287193298339843750e-02 1.188175678253173828e-01 3.858394622802734375e-01
6.201386451721191406e-02 1.213085651397705078e-01 3.834419250488281250e-01
6.050992012023925781e-02 1.083936691284179688e-01 3.822884559631347656e-01
6.209230422973632812e-02 1.343710422515869141e-01 3.778753280639648438e-01
6.043648719787597656e-02 1.205756664276123047e-01 3.816781044006347656e-01
5.601072311401367188e-02 1.258842945098876953e-01 3.822267055511474609e-01
6.236219406127929688e-02 1.493685245513916016e-01 3.798131942749023438e-01
5.960583686828613281e-02 1.335651874542236328e-01 3.782308101654052734e-01
5.927371978759765625e-02 1.398558616638183594e-01 3.822512626647949219e-01
6.125593185424804688e-02 1.628603935241699219e-01 3.831110000610351562e-01
6.074213981628417969e-02 1.692104339599609375e-01 3.825705051422119141e-01
5.803394317626953125e-02 1.568570137023925781e-01 3.856880664825439453e-01
5.728411674499511719e-02 1.618275642395019531e-01 3.766932487487792969e-01
6.000685691833496094e-02 1.884288787841796875e-01 3.820602893829345703e-01
5.853438377380371094e-02 1.748414039611816406e-01 3.890986442565917969e-01
6.005764007568359375e-02 1.996223926544189453e-01 3.772234916687011719e-01
5.954480171203613281e-02 1.967403888702392578e-01 3.843736648559570312e-01
5.843830108642578125e-02 2.054538726806640625e-01 3.861889839172363281e-01
6.130719184875488281e-02 2.390284538269042969e-01 3.953816890716552734e-01
5.919408798217773438e-02 2.282423973083496094e-01 3.901860713958740234e-01
5.935072898864746094e-02 2.343626022338867188e-01 3.920147418975830078e-01
6.300520896911621094e-02 2.690360546112060547e-01 3.984043598175048828e-01
6.001663208007812500e-02 2.623264789581298828e-01 3.987932205200195312e-01
