7.019209861755371094e-02 1.228833198547363281e-01 2.093322277069091797e-01
5.317139625549316406e-02 8.177495002746582031e-02 2.061510086059570312e-01
5.433821678161621094e-02 7.744789123535156250e-02 2.012705802917480469e-01
5.588150024414062500e-02 8.028888702392578125e-02 1.820940971374511719e-01
5.473208427429199219e-02 7.476091384887695312e-02 1.683220863342285156e-01
5.583548545837402344e-02 8.183455467224121094e-02 1.623368263244628906e-01
5.376219749450683594e-02 7.326102256774902344e-02 1.371850967407226562e-01
5.328106880187988281e-02 7.215833663940429688e-02 1.356523036956787109e-01
5.463314056396484375e-02 7.568383216857910156e-02 1.338396072387695312e-01
5.467033386230468750e-02 7.732462882995605469e-02 1.358864307403564453e-01
5.484437942504882812e-02 7.763385772705078125e-02 1.226615905761718750e-01
5.279159545898437500e-02 6.946659088134765625e-02 1.206693649291992188e-01
5.209827423095703125e-02 6.945133209228515625e-02 1.198770999908447266e-01
5.467391014099121094e-02 7.933950424194335938e-02 1.284775733947753906e-01
5.549860000610351562e-02 8.168959617614746094e-02 1.238570213317871094e-01
5.358195304870605469e-02 7.508850097656250000e-02 1.228153705596923828e-01
5.481934547424316406e-02 7.957839965820312500e-02 1.233563423156738281e-01
5.465435981750488281e-02 7.293796539306640625e-02 1.202719211578369141e-01
5.385971069335937500e-02 7.207441329956054688e-02 1.211304664611816406e-01
5.757641792297363281e-02 8.046865463256835938e-02 1.277425289154052734e-01
5.610251426696777344e-02 7.293224334716796875e-02 1.266441345214843750e-01
5.494308471679687500e-02 7.200360298156738281e-02 1.208560466766357422e-01
