7.248973846435546875e-02 1.180324554443359375e-01 1.662995815277099609e-01
4.525661468505859375e-02 7.775878906250000000e-02 1.717164516448974609e-01
4.396438598632812500e-02 7.938218116760253906e-02 1.657929420471191406e-01
4.606652259826660156e-02 8.666563034057617188e-02 1.777775287628173828e-01
4.434609413146972656e-02 7.988262176513671875e-02 1.785731315612792969e-01
4.434537887573242188e-02 8.268952369689941406e-02 1.729946136474609375e-01
4.469680786132812500e-02 8.469462394714355469e-02 1.686716079711914062e-01
4.474949836730957031e-02 8.663368225097656250e-02 1.748764514923095703e-01
4.493927955627441406e-02 8.775782585144042969e-02 1.718988418579101562e-01
4.443883895874023438e-02 8.471393585205078125e-02 1.764652729034423828e-01
4.459834098815917969e-02 8.403611183166503906e-02 1.680424213409423828e-01
4.463553428649902344e-02 8.256530761718750000e-02 1.764714717864990234e-01
