5.088615417480468750e-02 6.578888893127441406e-01 2.279987335205078125e-01
4.966521263122558594e-02 6.685061454772949219e-01 2.276782989501953125e-01
5.034065246582031250e-02 6.804800033569335938e-01 2.382729053497314453e-01
4.993152618408203125e-02 6.912055015563964844e-01 2.337298393249511719e-01
5.057716369628906250e-02 6.954202651977539062e-01 2.261250019073486328e-01
4.937791824340820312e-02 7.088127136230468750e-01 2.282025814056396484e-01
4.955720901489257812e-02 7.044255733489990234e-01 2.396321296691894531e-01
5.683779716491699219e-02 7.218616008758544922e-01 2.379941940307617188e-01
4.876685142517089844e-02 7.042982578277587891e-01 2.411680221557617188e-01
4.938960075378417969e-02 7.291309833526611328e-01 2.298178672790527344e-01
5.046200752258300781e-02 7.249667644500732422e-01 2.257206439971923828e-01
5.048704147338867188e-02 7.269833087921142578e-01 2.299182415008544922e-01
5.068325996398925781e-02 7.349753379821777344e-01 2.307503223419189453e-01
5.060029029846191406e-02 7.342004776000976562e-01 2.366662025451660156e-01
5.048441886901855469e-02 7.372040748596191406e-01 2.395706176757812500e-01
5.004596710205078125e-02 7.321228981018066406e-01 2.268037796020507812e-01
5.033278465270996094e-02 7.373888492584228516e-01 2.402768135070800781e-01
5.047488212585449219e-02 7.535877227783203125e-01 2.298533916473388672e-01
5.049133300781250000e-02 7.443168163299560547e-01 2.227714061737060547e-01
