6.258010864257812500e-02 6.836042404174804688e-01 2.416632175445556641e-01
4.989933967590332031e-02 6.925711631774902344e-01 2.292926311492919922e-01
4.972410202026367188e-02 6.899821758270263672e-01 2.361392974853515625e-01
5.004382133483886719e-02 6.988894939422607422e-01 2.255525588989257812e-01
4.981470108032226562e-02 7.033319473266601562e-01 2.256734371185302734e-01
4.989933967590332031e-02 7.100830078125000000e-01 2.387731075286865234e-01
4.953694343566894531e-02 7.107169628143310547e-01 2.370944023132324219e-01
5.022454261779785156e-02 7.091381549835205078e-01 2.189998626708984375e-01
5.077052116394042969e-02 7.143657207489013672e-01 2.279300689697265625e-01
5.090713500976562500e-02 7.292888164520263672e-01 2.288036346435546875e-01
5.076622962951660156e-02 7.336297035217285156e-01 2.397663593292236328e-01
5.082273483276367188e-02 7.348372936248779297e-01 2.374441623687744141e-01
5.015897750854492188e-02 7.350723743438720703e-01 2.262897491455078125e-01
5.014467239379882812e-02 7.319746017456054688e-01 2.385590076446533203e-01
5.036687850952148438e-02 7.430253028869628906e-01 2.281286716461181641e-01
5.049681663513183594e-02 7.449920177459716797e-01 2.383806705474853516e-01
5.095386505126953125e-02 7.580535411834716797e-01 2.401938438415527344e-01
5.135178565979003906e-02 7.468683719635009766e-01 2.395052909851074219e-01
5.082654953002929688e-02 7.445461750030517578e-01 2.305750846862792969e-01
