3.576040267944335938e-02 1.319868564605712891e-01 2.025914192199707031e-01
2.734303474426269531e-02 8.841252326965332031e-02 2.167747020721435547e-01
2.757859230041503906e-02 9.995174407958984375e-02 2.189612388610839844e-01
2.765989303588867188e-02 9.586310386657714844e-02 2.154440879821777344e-01
2.813863754272460938e-02 1.008307933807373047e-01 2.082831859588623047e-01
2.685499191284179688e-02 1.000723838806152344e-01 2.157869338989257812e-01
2.669167518615722656e-02 1.043801307678222656e-01 2.061054706573486328e-01
2.663803100585937500e-02 1.029241085052490234e-01 2.134318351745605469e-01
2.673435211181640625e-02 1.048316955566406250e-01 2.066993713378906250e-01
2.664232254028320312e-02 1.010115146636962891e-01 2.200806140899658203e-01
2.674770355224609375e-02 1.158096790313720703e-01 2.094790935516357422e-01
2.694177627563476562e-02 1.190979480743408203e-01 2.138035297393798828e-01
2.684974670410156250e-02 1.141777038574218750e-01 2.079429626464843750e-01
