7.778573036193847656e-02 1.191058158874511719e-01 1.026067733764648438e-01
4.461407661437988281e-02 7.303094863891601562e-02 1.008479595184326172e-01
4.369115829467773438e-02 7.073497772216796875e-02 1.045901775360107422e-01
4.612970352172851562e-02 8.382105827331542969e-02 1.140596866607666016e-01
4.890179634094238281e-02 8.879208564758300781e-02 1.006522178649902344e-01
4.334497451782226562e-02 6.934404373168945312e-02 1.003317832946777344e-01
4.463100433349609375e-02 7.240200042724609375e-02 1.004981994628906250e-01
4.398798942565917969e-02 6.855773925781250000e-02 1.000268459320068359e-01
4.589509963989257812e-02 7.157230377197265625e-02 1.003072261810302734e-01
4.499220848083496094e-02 7.390022277832031250e-02 1.130220890045166016e-01
4.971265792846679688e-02 7.464289665222167969e-02 1.028113365173339844e-01
4.537153244018554688e-02 7.259154319763183594e-02 1.053757667541503906e-01
4.452061653137207031e-02 7.032346725463867188e-02 1.006531715393066406e-01
4.624915122985839844e-02 7.369589805603027344e-02 1.056222915649414062e-01
4.559612274169921875e-02 7.196307182312011719e-02 1.067845821380615234e-01
