6.445002555847167969e-02 3.318364620208740234e-01 2.227804660797119141e-01
4.551100730895996094e-02 4.075539112091064453e-01 2.237420082092285156e-01
4.763674736022949219e-02 4.091260433197021484e-01 2.190709114074707031e-01
4.704070091247558594e-02 3.653128147125244141e-01 2.222716808319091797e-01
4.703187942504882812e-02 3.440265655517578125e-01 2.250573635101318359e-01
4.765391349792480469e-02 3.116440773010253906e-01 2.228939533233642578e-01
4.631233215332031250e-02 2.873883247375488281e-01 2.217631340026855469e-01
4.614043235778808594e-02 2.709259986877441406e-01 2.217304706573486328e-01
4.745602607727050781e-02 2.653682231903076172e-01 2.172491550445556641e-01
4.622054100036621094e-02 2.411086559295654297e-01 2.155935764312744141e-01
4.626131057739257812e-02 2.294285297393798828e-01 2.157137393951416016e-01
