6.724715232849121094e-02 1.431782245635986328e-01 4.457647800445556641e-01
5.821275711059570312e-02 1.530423164367675781e-01 4.520003795623779297e-01
5.997371673583984375e-02 1.832065582275390625e-01 4.471201896667480469e-01
6.007838249206542969e-02 1.944878101348876953e-01 4.469563961029052734e-01
6.310224533081054688e-02 2.260069847106933594e-01 4.534237384796142578e-01
6.147193908691406250e-02 2.298088073730468750e-01 4.558892250061035156e-01
5.767726898193359375e-02 2.241835594177246094e-01 4.469518661499023438e-01
6.136465072631835938e-02 2.803142070770263672e-01 4.485347270965576172e-01
5.885338783264160156e-02 2.830090522766113281e-01 4.577107429504394531e-01
5.946660041809082031e-02 3.004126548767089844e-01 4.510195255279541016e-01
6.125497817993164062e-02 3.000063896179199219e-01 4.608771800994873047e-01
5.925369262695312500e-02 3.082947731018066406e-01 4.477801322937011719e-01
5.940937995910644531e-02 3.294336795806884766e-01 4.603514671325683594e-01
6.199860572814941406e-02 3.455724716186523438e-01 4.497723579406738281e-01
6.102490425109863281e-02 3.431069850921630859e-01 4.404742717742919922e-01
5.953001976013183594e-02 3.763549327850341797e-01 4.654486179351806641e-01
