5.040478706359863281e-02 1.555521488189697266e-01 2.250409126281738281e-01
4.960823059082031250e-02 1.832187175750732422e-01 2.231166362762451172e-01
5.069255828857421875e-02 2.170894145965576172e-01 2.288739681243896484e-01
4.922127723693847656e-02 2.416427135467529297e-01 2.139425277709960938e-01
4.953980445861816406e-02 2.791552543640136719e-01 2.352511882781982422e-01
4.958486557006835938e-02 3.215668201446533203e-01 2.349510192871093750e-01
5.026149749755859375e-02 3.663609027862548828e-01 2.363584041595458984e-01
4.944634437561035156e-02 4.041092395782470703e-01 2.227609157562255859e-01
4.847002029418945312e-02 4.374551773071289062e-01 2.285139560699462891e-01
4.925513267517089844e-02 4.617333412170410156e-01 2.324821949005126953e-01
4.983329772949218750e-02 4.746947288513183594e-01 2.289419174194335938e-01
4.976820945739746094e-02 4.984233379364013672e-01 2.364685535430908203e-01
4.989337921142578125e-02 5.217700004577636719e-01 2.391152381896972656e-01
5.034089088439941406e-02 5.543293952941894531e-01 2.287557125091552734e-01
5.062890052795410156e-02 5.886569023132324219e-01 2.411823272705078125e-01
5.072212219238281250e-02 5.660424232482910156e-01 2.266008853912353516e-01
5.102753639221191406e-02 5.785250663757324219e-01 2.404522895812988281e-01
4.980063438415527344e-02 5.838990211486816406e-01 2.386562824249267578e-01
