7.298040390014648438e-02 4.122624397277832031e-01 4.578206539154052734e-01
6.018781661987304688e-02 3.903946876525878906e-01 4.435267448425292969e-01
5.713438987731933594e-02 3.707289695739746094e-01 4.440653324127197266e-01
6.032323837280273438e-02 3.933501243591308594e-01 4.584815502166748047e-01
6.144523620605468750e-02 3.992273807525634766e-01 4.457578659057617188e-01
6.312179565429687500e-02 4.035499095916748047e-01 4.499232769012451172e-01
6.284379959106445312e-02 4.010744094848632812e-01 4.536736011505126953e-01
6.197476387023925781e-02 3.950784206390380859e-01 4.448151588439941406e-01
6.177353858947753906e-02 3.917171955108642578e-01 4.533185958862304688e-01
5.841135978698730469e-02 3.703336715698242188e-01 4.436314105987548828e-01
5.935239791870117188e-02 3.719806671142578125e-01 4.445269107818603516e-01
5.859684944152832031e-02 3.726582527160644531e-01 4.465291500091552734e-01
6.128525733947753906e-02 3.898401260375976562e-01 4.471278190612792969e-01
