3.174686431884765625e-02 1.871161460876464844e-01 4.407546520233154297e-01
3.390264511108398438e-02 1.989874839782714844e-01 4.349551200866699219e-01
3.568577766418457031e-02 1.687803268432617188e-01 4.330151081085205078e-01
3.794574737548828125e-02 1.719729900360107422e-01 4.541811943054199219e-01
3.819513320922851562e-02 1.589870452880859375e-01 4.516978263854980469e-01
3.853726387023925781e-02 1.361074447631835938e-01 4.447875022888183594e-01
3.878211975097656250e-02 1.349945068359375000e-01 4.412860870361328125e-01
3.812503814697265625e-02 1.431794166564941406e-01 4.448354244232177734e-01
3.845310211181640625e-02 1.241636276245117188e-01 4.393205642700195312e-01
3.750634193420410156e-02 1.361644268035888672e-01 4.332165718078613281e-01
3.752136230468750000e-02 1.212656497955322266e-01 4.370672702789306641e-01
