6.640505790710449219e-02 2.013182640075683594e-01 1.997838020324707031e-01
4.538893699645996094e-02 1.464247703552246094e-01 2.070536613464355469e-01
4.456424713134765625e-02 1.537387371063232422e-01 2.013113498687744141e-01
4.440402984619140625e-02 1.702718734741210938e-01 2.057135105133056641e-01
4.739069938659667969e-02 2.021245956420898438e-01 1.988136768341064453e-01
4.599595069885253906e-02 2.375533580780029297e-01 2.038547992706298828e-01
4.537820816040039062e-02 2.649571895599365234e-01 2.009377479553222656e-01
4.474067687988281250e-02 2.581975460052490234e-01 2.017788887023925781e-01
4.574298858642578125e-02 2.189865112304687500e-01 1.971735954284667969e-01
4.511594772338867188e-02 1.886703968048095703e-01 2.056925296783447266e-01
4.435968399047851562e-02 1.808950901031494141e-01 1.947176456451416016e-01
4.404544830322265625e-02 1.763994693756103516e-01 2.053754329681396484e-01
4.449152946472167969e-02 1.763553619384765625e-01 1.988813877105712891e-01
