3.065633773803710938e-02 1.383769512176513672e-01 1.909565925598144531e-01
2.909350395202636719e-02 1.120507717132568359e-01 2.086684703826904297e-01
2.866029739379882812e-02 9.911131858825683594e-02 2.018854618072509766e-01
2.864933013916015625e-02 8.999109268188476562e-02 2.044620513916015625e-01
2.865791320800781250e-02 8.794116973876953125e-02 1.953730583190917969e-01
2.962923049926757812e-02 9.424161911010742188e-02 2.058987617492675781e-01
3.001141548156738281e-02 9.636354446411132812e-02 1.866493225097656250e-01
2.903532981872558594e-02 9.542632102966308594e-02 2.065575122833251953e-01
2.965641021728515625e-02 1.168394088745117188e-01 2.031722068786621094e-01
2.777361869812011719e-02 1.130754947662353516e-01 2.090651988983154297e-01
2.978277206420898438e-02 1.267931461334228516e-01 1.960797309875488281e-01
3.022003173828125000e-02 1.611514091491699219e-01 2.161900997161865234e-01
2.930855751037597656e-02 1.667823791503906250e-01 1.980969905853271484e-01
2.932596206665039062e-02 1.891229152679443359e-01 2.047863006591796875e-01
2.925372123718261719e-02 2.075321674346923828e-01 1.988859176635742188e-01
2.933335304260253906e-02 2.301442623138427734e-01 2.029883861541748047e-01
2.917432785034179688e-02 1.806306838989257812e-01 1.971209049224853516e-01
2.913141250610351562e-02 2.384922504425048828e-01 2.021985054016113281e-01
2.922940254211425781e-02 2.197294235229492188e-01 1.988785266876220703e-01
2.919435501098632812e-02 2.429821491241455078e-01 2.117304801940917969e-01
