4.380011558532714844e-02 1.482300758361816406e-01 5.456049442291259766e-01
3.981161117553710938e-02 1.345298290252685547e-01 5.551362037658691406e-01
3.983449935913085938e-02 1.256184577941894531e-01 5.373144149780273438e-01
3.993320465087890625e-02 1.142578125000000000e-01 5.473301410675048828e-01
4.014658927917480469e-02 1.104118824005126953e-01 5.351006984710693359e-01
4.014086723327636719e-02 1.082456111907958984e-01 5.584535598754882812e-01
4.038119316101074219e-02 1.084485054016113281e-01 5.516598224639892578e-01
4.053425788879394531e-02 1.082630157470703125e-01 5.389792919158935547e-01
4.068374633789062500e-02 1.097414493560791016e-01 5.453119277954101562e-01
3.968596458435058594e-02 1.075460910797119141e-01 5.346078872680664062e-01
3.983259201049804688e-02 1.110420227050781250e-01 5.200383663177490234e-01
3.974556922912597656e-02 1.112112998962402344e-01 5.528087615966796875e-01
