6.507039070129394531e-02 4.629020690917968750e-01 2.181701660156250000e-01
4.707312583923339844e-02 4.532768726348876953e-01 2.259547710418701172e-01
4.697823524475097656e-02 4.408192634582519531e-01 2.139720916748046875e-01
4.575467109680175781e-02 4.275989532470703125e-01 2.260227203369140625e-01
4.783272743225097656e-02 4.574105739593505859e-01 2.141501903533935547e-01
4.727363586425781250e-02 4.648308753967285156e-01 2.272789478302001953e-01
4.793548583984375000e-02 4.784970283508300781e-01 2.131054401397705078e-01
4.637098312377929688e-02 4.841110706329345703e-01 2.167272567749023438e-01
4.664993286132812500e-02 5.049130916595458984e-01 2.125151157379150391e-01
4.629135131835937500e-02 5.063948631286621094e-01 2.220411300659179688e-01
4.650878906250000000e-02 4.914832115173339844e-01 2.181985378265380859e-01
4.690265655517578125e-02 4.769072532653808594e-01 2.257587909698486328e-01
4.741239547729492188e-02 4.760780334472656250e-01 2.115752696990966797e-01
