5.064797401428222656e-02 6.151466369628906250e-01 2.229876518249511719e-01
5.003595352172851562e-02 6.376531124114990234e-01 2.370855808258056641e-01
4.992914199829101562e-02 6.356058120727539062e-01 2.273721694946289062e-01
5.083847045898437500e-02 6.315124034881591797e-01 2.299680709838867188e-01
4.979062080383300781e-02 6.209046840667724609e-01 2.331633567810058594e-01
4.967784881591796875e-02 6.110858917236328125e-01 2.280027866363525391e-01
5.272555351257324219e-02 6.204011440277099609e-01 2.272033691406250000e-01
4.967355728149414062e-02 6.157524585723876953e-01 2.376055717468261719e-01
5.020952224731445312e-02 6.233594417572021484e-01 2.223401069641113281e-01
4.969239234924316406e-02 6.142368316650390625e-01 2.267668247222900391e-01
5.054116249084472656e-02 6.193666458129882812e-01 2.355008125305175781e-01
5.008006095886230469e-02 6.250858306884765625e-01 2.400348186492919922e-01
4.952073097229003906e-02 6.266965866088867188e-01 2.419161796569824219e-01
5.034613609313964844e-02 6.172161102294921875e-01 2.363030910491943359e-01
4.983615875244140625e-02 6.248848438262939453e-01 2.236466407775878906e-01
5.014753341674804688e-02 6.265046596527099609e-01 2.361657619476318359e-01
5.120253562927246094e-02 6.226022243499755859e-01 2.389159202575683594e-01
4.934930801391601562e-02 6.107804775238037109e-01 2.279403209686279297e-01
5.055093765258789062e-02 6.161210536956787109e-01 2.239353656768798828e-01
4.961991310119628906e-02 6.203570365905761719e-01 2.385580539703369141e-01
5.073285102844238281e-02 6.341462135314941406e-01 2.272150516510009766e-01
4.962134361267089844e-02 6.281538009643554688e-01 2.413334846496582031e-01
5.137705802917480469e-02 6.338939666748046875e-01 2.399516105651855469e-01
5.145812034606933594e-02 6.440193653106689453e-01 2.304453849792480469e-01
4.989242553710937500e-02 6.253781318664550781e-01 2.363483905792236328e-01
4.997134208679199219e-02 6.343288421630859375e-01 2.401983737945556641e-01
5.024480819702148438e-02 6.296169757843017578e-01 2.391026020050048828e-01
5.096745491027832031e-02 6.323237419128417969e-01 2.322804927825927734e-01
5.093693733215332031e-02 6.328203678131103516e-01 2.342798709869384766e-01
5.109596252441406250e-02 6.361527442932128906e-01 2.364981174468994141e-01
4.942226409912109375e-02 6.332554817199707031e-01 2.234675884246826172e-01
