8.115959167480468750e-02 1.152215003967285156e-01 1.302573680877685547e-01
4.459404945373535156e-02 7.090544700622558594e-02 1.030426025390625000e-01
4.539632797241210938e-02 6.976246833801269531e-02 1.034257411956787109e-01
4.544758796691894531e-02 6.796908378601074219e-02 9.404611587524414062e-02
4.703998565673828125e-02 7.126450538635253906e-02 9.451460838317871094e-02
4.769945144653320312e-02 7.134771347045898438e-02 8.569383621215820312e-02
4.603481292724609375e-02 6.811308860778808594e-02 8.806872367858886719e-02
4.895663261413574219e-02 7.304072380065917969e-02 8.546566963195800781e-02
4.815173149108886719e-02 7.715463638305664062e-02 8.614015579223632812e-02
4.608726501464843750e-02 6.867051124572753906e-02 8.611822128295898438e-02
4.858279228210449219e-02 7.573580741882324219e-02 8.679223060607910156e-02
4.699325561523437500e-02 7.008528709411621094e-02 8.730649948120117188e-02
4.847669601440429688e-02 7.920551300048828125e-02 8.664369583129882812e-02
