4.191923141479492188e-02 1.259257793426513672e-01 2.807297706604003906e-01
3.806185722351074219e-02 7.266569137573242188e-02 2.499608993530273438e-01
3.935480117797851562e-02 9.403681755065917969e-02 2.415423393249511719e-01
3.956723213195800781e-02 9.256863594055175781e-02 2.397353649139404297e-01
3.862190246582031250e-02 8.978414535522460938e-02 2.368206977844238281e-01
3.816080093383789062e-02 9.094548225402832031e-02 2.377979755401611328e-01
3.752660751342773438e-02 9.273934364318847656e-02 2.378668785095214844e-01
3.811621665954589844e-02 8.860087394714355469e-02 2.301476001739501953e-01
3.768491744995117188e-02 7.378840446472167969e-02 2.314164638519287109e-01
3.766822814941406250e-02 7.308387756347656250e-02 2.302622795104980469e-01
3.767180442810058594e-02 7.426214218139648438e-02 2.300367355346679688e-01
3.794074058532714844e-02 9.095788002014160156e-02 2.320203781127929688e-01
3.786468505859375000e-02 7.426285743713378906e-02 2.307610511779785156e-01
3.844594955444335938e-02 9.211492538452148438e-02 2.321586608886718750e-01
3.849816322326660156e-02 7.550883293151855469e-02 2.333171367645263672e-01
3.897833824157714844e-02 7.441091537475585938e-02 2.428684234619140625e-01
