7.004237174987792969e-02 4.679496288299560547e-01 4.695420265197753906e-01
5.720090866088867188e-02 4.786491394042968750e-01 4.565625190734863281e-01
5.726718902587890625e-02 5.129296779632568359e-01 4.876744747161865234e-01
5.764126777648925781e-02 5.280544757843017578e-01 4.766359329223632812e-01
5.733466148376464844e-02 5.478913784027099609e-01 4.653661251068115234e-01
6.094646453857421875e-02 5.624861717224121094e-01 4.749913215637207031e-01
5.840826034545898438e-02 5.598673820495605469e-01 4.757957458496093750e-01
5.839109420776367188e-02 5.515837669372558594e-01 4.786586761474609375e-01
5.923080444335937500e-02 5.677456855773925781e-01 4.720661640167236328e-01
6.199121475219726562e-02 5.696902275085449219e-01 5.027034282684326172e-01
6.232380867004394531e-02 5.802333354949951172e-01 4.812297821044921875e-01
5.967402458190917969e-02 5.589528083801269531e-01 4.750897884368896484e-01
5.984115600585937500e-02 5.653314590454101562e-01 4.707283973693847656e-01
5.977988243103027344e-02 5.575857162475585938e-01 4.775905609130859375e-01
