3.727388381958007812e-02 1.344981193542480469e-01 1.734812259674072266e-01
2.626085281372070312e-02 8.444595336914062500e-02 1.739575862884521484e-01
2.809596061706542969e-02 9.398627281188964844e-02 1.783342361450195312e-01
2.711939811706542969e-02 9.445261955261230469e-02 1.748886108398437500e-01
2.716803550720214844e-02 9.611296653747558594e-02 1.758370399475097656e-01
2.802729606628417969e-02 1.040601730346679688e-01 1.805684566497802734e-01
2.721834182739257812e-02 1.087565422058105469e-01 1.722488403320312500e-01
2.712893486022949219e-02 9.043169021606445312e-02 1.740927696228027344e-01
2.725386619567871094e-02 9.626317024230957031e-02 1.715714931488037109e-01
2.703905105590820312e-02 1.030333042144775391e-01 1.817359924316406250e-01
2.749562263488769531e-02 1.042447090148925781e-01 1.782557964324951172e-01
