7.336020469665527344e-02 1.216378211975097656e-01 1.932897567749023438e-01
4.370021820068359375e-02 7.295727729797363281e-02 1.872053146362304688e-01
4.485821723937988281e-02 7.575106620788574219e-02 1.891260147094726562e-01
4.343175888061523438e-02 7.604265213012695312e-02 1.853384971618652344e-01
4.430389404296875000e-02 7.486605644226074219e-02 1.846337318420410156e-01
4.436111450195312500e-02 7.645392417907714844e-02 1.873376369476318359e-01
4.382467269897460938e-02 7.876110076904296875e-02 1.867311000823974609e-01
4.378938674926757812e-02 7.723045349121093750e-02 1.860222816467285156e-01
4.387903213500976562e-02 8.038640022277832031e-02 1.916356086730957031e-01
4.393196105957031250e-02 8.253359794616699219e-02 1.884460449218750000e-01
4.416728019714355469e-02 8.540010452270507812e-02 1.945588588714599609e-01
4.389739036560058594e-02 8.639645576477050781e-02 1.914739608764648438e-01
4.404020309448242188e-02 9.048748016357421875e-02 1.928770542144775391e-01
