4.210424423217773438e-02 1.087081432342529297e-01 1.995630264282226562e-01
3.786230087280273438e-02 6.641578674316406250e-02 1.928296089172363281e-01
3.724908828735351562e-02 6.570386886596679688e-02 1.731133460998535156e-01
3.892326354980468750e-02 6.491494178771972656e-02 1.615600585937500000e-01
3.830814361572265625e-02 6.726789474487304688e-02 1.555335521697998047e-01
3.893303871154785156e-02 6.660246849060058594e-02 1.623742580413818359e-01
3.828501701354980469e-02 8.185172080993652344e-02 1.582202911376953125e-01
3.818559646606445312e-02 6.783652305603027344e-02 1.733629703521728516e-01
4.057812690734863281e-02 7.774806022644042969e-02 1.582062244415283203e-01
3.942346572875976562e-02 7.485342025756835938e-02 1.664032936096191406e-01
3.844165802001953125e-02 7.212972640991210938e-02 1.580798625946044922e-01
3.809189796447753906e-02 7.291245460510253906e-02 1.618776321411132812e-01
3.718757629394531250e-02 7.511901855468750000e-02 1.548385620117187500e-01
3.776144981384277344e-02 7.298040390014648438e-02 1.660239696502685547e-01
3.708958625793457031e-02 7.840418815612792969e-02 1.584763526916503906e-01
3.830528259277343750e-02 9.452390670776367188e-02 1.565551757812500000e-01
3.815007209777832031e-02 7.630014419555664062e-02 1.629838943481445312e-01
