3.423023223876953125e-02 1.399815082550048828e-01 1.996159553527832031e-01
2.646398544311523438e-02 9.991168975830078125e-02 1.973452568054199219e-01
2.669286727905273438e-02 1.030511856079101562e-01 1.926660537719726562e-01
2.604579925537109375e-02 9.139537811279296875e-02 2.028803825378417969e-01
2.723455429077148438e-02 8.724570274353027344e-02 1.927444934844970703e-01
2.639365196228027344e-02 8.024001121520996094e-02 1.948595046997070312e-01
2.627110481262207031e-02 8.012342453002929688e-02 1.903522014617919922e-01
2.619171142578125000e-02 8.215928077697753906e-02 1.979644298553466797e-01
2.735757827758789062e-02 8.384776115417480469e-02 1.954460144042968750e-01
2.750778198242187500e-02 8.227014541625976562e-02 1.958477497100830078e-01
2.744054794311523438e-02 8.024835586547851562e-02 1.924104690551757812e-01
2.716875076293945312e-02 7.752513885498046875e-02 1.924831867218017578e-01
2.754259109497070312e-02 7.561969757080078125e-02 1.876101493835449219e-01
