6.731677055358886719e-02 3.887825012207031250e-01 2.170498371124267578e-01
4.643988609313964844e-02 3.765418529510498047e-01 2.124092578887939453e-01
4.587149620056152344e-02 3.685355186462402344e-01 2.247490882873535156e-01
4.644465446472167969e-02 3.351175785064697266e-01 2.210152149200439453e-01
4.622697830200195312e-02 3.248741626739501953e-01 2.208762168884277344e-01
4.666471481323242188e-02 2.986261844635009766e-01 2.179405689239501953e-01
4.637980461120605469e-02 2.949013710021972656e-01 2.195417881011962891e-01
4.617547988891601562e-02 2.734432220458984375e-01 2.234787940979003906e-01
4.697561264038085938e-02 2.658262252807617188e-01 2.148032188415527344e-01
4.698061943054199219e-02 2.570035457611083984e-01 2.165672779083251953e-01
4.640340805053710938e-02 2.441241741180419922e-01 2.165021896362304688e-01
