7.257485389709472656e-02 3.838429450988769531e-01 2.182836532592773438e-01
4.558372497558593750e-02 3.283905982971191406e-01 2.103316783905029297e-01
4.554271697998046875e-02 3.347339630126953125e-01 2.135665416717529297e-01
4.656624794006347656e-02 3.319337368011474609e-01 2.089736461639404297e-01
4.657459259033203125e-02 3.199732303619384766e-01 2.127950191497802734e-01
4.544186592102050781e-02 3.012993335723876953e-01 2.127850055694580078e-01
4.624438285827636719e-02 2.907941341400146484e-01 2.127377986907958984e-01
4.831314086914062500e-02 2.915461063385009766e-01 2.138185501098632812e-01
4.731249809265136719e-02 2.785353660583496094e-01 2.141621112823486328e-01
4.702806472778320312e-02 2.724266052246093750e-01 2.089500427246093750e-01
4.741406440734863281e-02 2.776370048522949219e-01 2.138240337371826172e-01
4.585933685302734375e-02 2.633774280548095703e-01 2.078008651733398438e-01
4.592943191528320312e-02 2.678668498992919922e-01 2.177622318267822266e-01
4.621672630310058594e-02 2.675170898437500000e-01 2.070295810699462891e-01
4.643559455871582031e-02 2.826638221740722656e-01 2.143318653106689453e-01
4.606866836547851562e-02 2.743172645568847656e-01 2.096662521362304688e-01
