7.116508483886718750e-02 1.516218185424804688e-01 1.978144645690917969e-01
4.568338394165039062e-02 1.552186012268066406e-01 1.986777782440185547e-01
4.527497291564941406e-02 1.611626148223876953e-01 1.990048885345458984e-01
4.515290260314941406e-02 1.581225395202636719e-01 1.955213546752929688e-01
4.540729522705078125e-02 1.671526432037353516e-01 1.998527050018310547e-01
4.515933990478515625e-02 1.628098487854003906e-01 1.960535049438476562e-01
4.510760307312011719e-02 1.725816726684570312e-01 2.025477886199951172e-01
4.463243484497070312e-02 1.703038215637207031e-01 1.951718330383300781e-01
4.479622840881347656e-02 1.640121936798095703e-01 1.996312141418457031e-01
4.512834548950195312e-02 1.597316265106201172e-01 1.947662830352783203e-01
4.403448104858398438e-02 1.509184837341308594e-01 1.976177692413330078e-01
