6.540417671203613281e-02 1.106748580932617188e-01 4.264178276062011719e-01
5.701017379760742188e-02 7.840156555175781250e-02 4.151532649993896484e-01
5.808258056640625000e-02 8.739495277404785156e-02 4.294946193695068359e-01
6.187939643859863281e-02 1.030716896057128906e-01 4.117171764373779297e-01
6.177043914794921875e-02 9.886384010314941406e-02 4.091041088104248047e-01
5.977964401245117188e-02 7.684373855590820312e-02 3.934264183044433594e-01
6.238293647766113281e-02 9.336948394775390625e-02 3.285615444183349609e-01
6.284117698669433594e-02 9.439969062805175781e-02 3.134150505065917969e-01
6.332325935363769531e-02 9.508633613586425781e-02 3.012657165527343750e-01
6.349825859069824219e-02 9.439539909362792969e-02 2.652165889739990234e-01
6.294512748718261719e-02 9.243249893188476562e-02 2.494075298309326172e-01
