4.862022399902343750e-02 6.077752113342285156e-01 2.228879928588867188e-01
5.015349388122558594e-02 6.420609951019287109e-01 2.000257968902587891e-01
4.748678207397460938e-02 5.916275978088378906e-01 2.212707996368408203e-01
4.870319366455078125e-02 6.031632423400878906e-01 2.071409225463867188e-01
4.827523231506347656e-02 5.704164505004882812e-01 2.130711078643798828e-01
4.833078384399414062e-02 5.573062896728515625e-01 2.015569210052490234e-01
4.801225662231445312e-02 5.506215095520019531e-01 2.084202766418457031e-01
4.755210876464843750e-02 5.452842712402343750e-01 2.067899703979492188e-01
4.834866523742675781e-02 5.573513507843017578e-01 2.123010158538818359e-01
4.907059669494628906e-02 5.550026893615722656e-01 2.145175933837890625e-01
4.902172088623046875e-02 5.490801334381103516e-01 2.088396549224853516e-01
4.894137382507324219e-02 5.485639572143554688e-01 2.078244686126708984e-01
4.786086082458496094e-02 5.479843616485595703e-01 2.167487144470214844e-01
4.892826080322265625e-02 5.546543598175048828e-01 2.076692581176757812e-01
4.828953742980957031e-02 5.497865676879882812e-01 2.112069129943847656e-01
4.868745803833007812e-02 5.522406101226806641e-01 2.157928943634033203e-01
4.820585250854492188e-02 5.475838184356689453e-01 2.103176116943359375e-01
4.852724075317382812e-02 5.480418205261230469e-01 2.128837108612060547e-01
4.714250564575195312e-02 5.457332134246826172e-01 2.084743976593017578e-01
4.740571975708007812e-02 5.419552326202392578e-01 2.042400836944580078e-01
4.751634597778320312e-02 5.389606952667236328e-01 2.098221778869628906e-01
4.723715782165527344e-02 5.415010452270507812e-01 2.154026031494140625e-01
4.847621917724609375e-02 5.485272407531738281e-01 2.114670276641845703e-01
4.735064506530761719e-02 5.481135845184326172e-01 2.062730789184570312e-01
4.749178886413574219e-02 5.462937355041503906e-01 2.110829353332519531e-01
4.723954200744628906e-02 5.549695491790771484e-01 2.167522907257080078e-01
4.875898361206054688e-02 5.664091110229492188e-01 2.225997447967529297e-01
4.802489280700683594e-02 5.549387931823730469e-01 2.019402980804443359e-01
4.773473739624023438e-02 5.428349971771240234e-01 2.072343826293945312e-01
4.762792587280273438e-02 5.594344139099121094e-01 2.051112651824951172e-01
4.755949974060058594e-02 5.562906265258789062e-01 2.038168907165527344e-01
4.733920097351074219e-02 5.570755004882812500e-01 2.196371555328369141e-01
4.840230941772460938e-02 5.699579715728759766e-01 2.117109298706054688e-01
4.839897155761718750e-02 5.697033405303955078e-01 2.149715423583984375e-01
4.723906517028808594e-02 5.544741153717041016e-01 2.114210128784179688e-01
4.767012596130371094e-02 5.563025474548339844e-01 2.154223918914794922e-01
4.811549186706542969e-02 5.499916076660156250e-01 2.177805900573730469e-01
4.692888259887695312e-02 5.492866039276123047e-01 2.042622566223144531e-01
4.686975479125976562e-02 5.475060939788818359e-01 2.127711772918701172e-01
4.651665687561035156e-02 5.516304969787597656e-01 2.058362960815429688e-01
4.645729064941406250e-02 5.521688461303710938e-01 2.184250354766845703e-01
4.834270477294921875e-02 5.492796897888183594e-01 2.003359794616699219e-01
4.747462272644042969e-02 5.473899841308593750e-01 2.131960391998291016e-01
4.832959175109863281e-02 5.504481792449951172e-01 2.150669097900390625e-01
4.758548736572265625e-02 5.508441925048828125e-01 2.235152721405029297e-01
4.814553260803222656e-02 5.753395557403564453e-01 2.163934707641601562e-01
4.910731315612792969e-02 5.723698139190673828e-01 2.173309326171875000e-01
4.749798774719238281e-02 5.488135814666748047e-01 2.144229412078857422e-01
4.797005653381347656e-02 5.664198398590087891e-01 2.120320796966552734e-01
4.828810691833496094e-02 5.637502670288085938e-01 2.162816524505615234e-01
4.806256294250488281e-02 5.610525608062744141e-01 2.108392715454101562e-01
4.809355735778808594e-02 5.737166404724121094e-01 2.157762050628662109e-01
4.799866676330566406e-02 5.680816173553466797e-01 2.106354236602783203e-01
