8.194708824157714844e-02 1.540939807891845703e-01 2.018761634826660156e-01
5.117201805114746094e-02 1.125776767730712891e-01 1.953866481781005859e-01
5.148386955261230469e-02 1.157977581024169922e-01 1.939005851745605469e-01
5.157923698425292969e-02 1.096479892730712891e-01 2.039077281951904297e-01
5.267381668090820312e-02 1.079683303833007812e-01 2.021293640136718750e-01
5.177164077758789062e-02 1.033172607421875000e-01 2.007725238800048828e-01
5.133271217346191406e-02 1.025698184967041016e-01 2.004833221435546875e-01
5.319952964782714844e-02 1.021101474761962891e-01 2.010691165924072266e-01
5.220627784729003906e-02 1.006162166595458984e-01 1.961107254028320312e-01
5.116510391235351562e-02 9.655499458312988281e-02 2.001099586486816406e-01
5.362153053283691406e-02 1.004338264465332031e-01 1.985068321228027344e-01
5.178022384643554688e-02 9.633183479309082031e-02 1.994042396545410156e-01
5.181574821472167969e-02 9.745979309082031250e-02 1.918201446533203125e-01
5.187940597534179688e-02 9.640836715698242188e-02 2.025849819183349609e-01
5.327868461608886719e-02 1.030061244964599609e-01 1.958129405975341797e-01
5.298924446105957031e-02 1.007678508758544922e-01 1.963627338409423828e-01
5.335259437561035156e-02 1.080088615417480469e-01 1.936361789703369141e-01
5.174565315246582031e-02 1.032888889312744141e-01 1.955001354217529297e-01
5.187010765075683594e-02 1.044595241546630859e-01 1.939563751220703125e-01
