6.985259056091308594e-02 2.075459957122802734e-01 4.526414871215820312e-01
6.089782714843750000e-02 2.237341403961181641e-01 4.470562934875488281e-01
6.051087379455566406e-02 2.041285037994384766e-01 4.527037143707275391e-01
5.931520462036132812e-02 1.816291809082031250e-01 4.432437419891357422e-01
5.919218063354492188e-02 1.973636150360107422e-01 4.443204402923583984e-01
6.158995628356933594e-02 2.359762191772460938e-01 4.428062438964843750e-01
6.086993217468261719e-02 2.509641647338867188e-01 4.452860355377197266e-01
6.176781654357910156e-02 2.628219127655029297e-01 4.610402584075927734e-01
5.989789962768554688e-02 2.737731933593750000e-01 4.565691947937011719e-01
5.924654006958007812e-02 3.103578090667724609e-01 4.483919143676757812e-01
5.953645706176757812e-02 3.169384002685546875e-01 4.470520019531250000e-01
5.865693092346191406e-02 3.210051059722900391e-01 4.491314888000488281e-01
