7.207107543945312500e-02 4.284622669219970703e-01 2.176992893218994141e-01
4.602169990539550781e-02 3.664596080780029297e-01 2.200279235839843750e-01
5.943822860717773438e-02 4.000353813171386719e-01 2.219474315643310547e-01
4.814147949218750000e-02 3.920316696166992188e-01 2.179105281829833984e-01
4.635548591613769531e-02 3.954267501831054688e-01 2.173109054565429688e-01
4.598689079284667969e-02 3.592469692230224609e-01 2.198240756988525391e-01
4.634356498718261719e-02 3.452339172363281250e-01 2.134990692138671875e-01
4.532432556152343750e-02 3.437128067016601562e-01 2.191009521484375000e-01
4.559206962585449219e-02 3.525247573852539062e-01 2.204768657684326172e-01
4.694342613220214844e-02 3.486177921295166016e-01 2.137994766235351562e-01
4.412913322448730469e-02 3.078675270080566406e-01 2.127718925476074219e-01
4.612445831298828125e-02 2.926158905029296875e-01 2.176358699798583984e-01
4.580235481262207031e-02 2.893726825714111328e-01 2.181897163391113281e-01
4.659175872802734375e-02 2.984201908111572266e-01 2.137675285339355469e-01
4.554677009582519531e-02 2.961184978485107422e-01 2.133660316467285156e-01
4.564976692199707031e-02 2.978339195251464844e-01 2.281374931335449219e-01
4.684066772460937500e-02 2.800853252410888672e-01 2.108566761016845703e-01
4.628038406372070312e-02 2.843861579895019531e-01 2.123258113861083984e-01
4.545259475708007812e-02 2.801363468170166016e-01 2.184522151947021484e-01
4.573297500610351562e-02 2.784695625305175781e-01 2.164762020111083984e-01
