6.095075607299804688e-02 1.044771671295166016e-01 1.306011676788330078e-01
4.447126388549804688e-02 6.578493118286132812e-02 1.016020774841308594e-01
4.503750801086425781e-02 6.635355949401855469e-02 1.009960174560546875e-01
4.722452163696289062e-02 6.813192367553710938e-02 8.341574668884277344e-02
4.680585861206054688e-02 7.231688499450683594e-02 8.181667327880859375e-02
5.842852592468261719e-02 8.568501472473144531e-02 7.321000099182128906e-02
4.907536506652832031e-02 7.051777839660644531e-02 6.779813766479492188e-02
4.580807685852050781e-02 6.217455863952636719e-02 6.621861457824707031e-02
4.641580581665039062e-02 6.564211845397949219e-02 6.143736839294433594e-02
5.039620399475097656e-02 6.840038299560546875e-02 4.785633087158203125e-02
4.739785194396972656e-02 6.698536872863769531e-02 4.716372489929199219e-02
4.753851890563964844e-02 6.766104698181152344e-02 4.848742485046386719e-02
4.731011390686035156e-02 6.825900077819824219e-02 4.753708839416503906e-02
4.488825798034667969e-02 6.105995178222656250e-02 4.843306541442871094e-02
