4.989719390869140625e-02 3.627123832702636719e-01 2.143120765686035156e-01
4.466819763183593750e-02 2.992038726806640625e-01 2.183408737182617188e-01
4.598426818847656250e-02 2.408130168914794922e-01 2.119662761688232422e-01
4.553127288818359375e-02 1.871523857116699219e-01 2.169251441955566406e-01
4.611063003540039062e-02 1.579248905181884766e-01 2.128715515136718750e-01
4.539752006530761719e-02 1.382746696472167969e-01 2.135231494903564453e-01
4.572319984436035156e-02 1.292002201080322266e-01 2.129597663879394531e-01
4.449677467346191406e-02 1.188857555389404297e-01 2.138237953186035156e-01
4.624247550964355469e-02 1.203134059906005859e-01 2.107269763946533203e-01
4.567623138427734375e-02 1.241018772125244141e-01 2.159528732299804688e-01
4.739212989807128906e-02 1.204669475555419922e-01 2.110853195190429688e-01
4.593086242675781250e-02 1.198530197143554688e-01 2.138447761535644531e-01
4.656481742858886719e-02 1.235527992248535156e-01 2.103991508483886719e-01
4.527521133422851562e-02 1.090614795684814453e-01 2.148351669311523438e-01
4.611539840698242188e-02 1.117174625396728516e-01 2.095153331756591797e-01
4.658031463623046875e-02 1.240108013153076172e-01 2.157847881317138672e-01
4.762268066406250000e-02 1.292843818664550781e-01 2.106332778930664062e-01
4.817485809326171875e-02 1.324985027313232422e-01 2.145411968231201172e-01
4.721140861511230469e-02 1.310954093933105469e-01 2.105429172515869141e-01
4.666113853454589844e-02 1.368165016174316406e-01 2.137420177459716797e-01
