6.501579284667968750e-02 1.015751361846923828e-01 2.859544754028320312e-01
5.787658691406250000e-02 7.073974609375000000e-02 2.776684761047363281e-01
5.790185928344726562e-02 7.132554054260253906e-02 2.876896858215332031e-01
5.912280082702636719e-02 7.264971733093261719e-02 2.791562080383300781e-01
5.920100212097167969e-02 7.154870033264160156e-02 2.792568206787109375e-01
5.926132202148437500e-02 7.250070571899414062e-02 2.797484397888183594e-01
6.036448478698730469e-02 7.110452651977539062e-02 2.754871845245361328e-01
6.057095527648925781e-02 8.883881568908691406e-02 2.688024044036865234e-01
6.031513214111328125e-02 8.888387680053710938e-02 2.684321403503417969e-01
5.943942070007324219e-02 7.133769989013671875e-02 2.700870037078857422e-01
5.953884124755859375e-02 7.191205024719238281e-02 2.747926712036132812e-01
6.032299995422363281e-02 8.806109428405761719e-02 2.769193649291992188e-01
5.912256240844726562e-02 7.133030891418457031e-02 2.685763835906982422e-01
6.180739402770996094e-02 9.286427497863769531e-02 2.705221176147460938e-01
6.116080284118652344e-02 9.098720550537109375e-02 2.771005630493164062e-01
6.183385848999023438e-02 9.125018119812011719e-02 2.726719379425048828e-01
6.372809410095214844e-02 9.360361099243164062e-02 2.789022922515869141e-01
6.198906898498535156e-02 9.284234046936035156e-02 2.718575000762939453e-01
6.251215934753417969e-02 9.301781654357910156e-02 2.710492610931396484e-01
6.172442436218261719e-02 9.831619262695312500e-02 2.749993801116943359e-01
5.916190147399902344e-02 7.834887504577636719e-02 2.744235992431640625e-01
6.142234802246093750e-02 9.656047821044921875e-02 2.723219394683837891e-01
5.929088592529296875e-02 7.923913002014160156e-02 2.759196758270263672e-01
5.944895744323730469e-02 8.068656921386718750e-02 2.852382659912109375e-01
