5.158066749572753906e-02 6.309454441070556641e-01 2.282049655914306641e-01
4.893779754638671875e-02 6.271696090698242188e-01 2.227444648742675781e-01
4.905939102172851562e-02 6.297423839569091797e-01 2.292270660400390625e-01
4.890704154968261719e-02 6.220541000366210938e-01 2.322964668273925781e-01
4.951262474060058594e-02 6.089594364166259766e-01 2.375035285949707031e-01
4.969930648803710938e-02 6.031110286712646484e-01 2.362337112426757812e-01
5.317616462707519531e-02 6.033389568328857422e-01 2.398748397827148438e-01
5.057430267333984375e-02 5.895326137542724609e-01 2.198154926300048828e-01
5.008697509765625000e-02 5.863399505615234375e-01 2.399861812591552734e-01
4.918622970581054688e-02 5.847549438476562500e-01 2.345924377441406250e-01
5.315113067626953125e-02 6.087021827697753906e-01 2.288422584533691406e-01
5.006718635559082031e-02 5.763254165649414062e-01 2.132458686828613281e-01
4.999375343322753906e-02 5.787310600280761719e-01 2.257494926452636719e-01
4.967880249023437500e-02 5.797545909881591797e-01 2.342631816864013672e-01
4.990291595458984375e-02 5.819151401519775391e-01 2.373023033142089844e-01
4.966378211975097656e-02 5.755360126495361328e-01 2.209279537200927734e-01
4.979014396667480469e-02 5.783910751342773438e-01 2.263741493225097656e-01
4.966592788696289062e-02 5.781593322753906250e-01 2.193019390106201172e-01
4.978227615356445312e-02 5.760104656219482422e-01 2.372860908508300781e-01
4.951500892639160156e-02 5.842232704162597656e-01 2.211132049560546875e-01
