4.939746856689453125e-02 6.440060138702392578e-01 2.185113430023193359e-01
4.832744598388671875e-02 6.521799564361572266e-01 2.231428623199462891e-01
4.738998413085937500e-02 6.757400035858154297e-01 2.120885848999023438e-01
4.763531684875488281e-02 6.806423664093017578e-01 2.124462127685546875e-01
5.024838447570800781e-02 6.895821094512939453e-01 2.225027084350585938e-01
4.888892173767089844e-02 7.024581432342529297e-01 2.137737274169921875e-01
5.199146270751953125e-02 7.199745178222656250e-01 2.111427783966064453e-01
4.828977584838867188e-02 6.949887275695800781e-01 2.030787467956542969e-01
4.826879501342773438e-02 6.991102695465087891e-01 2.229719161987304688e-01
4.775238037109375000e-02 7.086799144744873047e-01 2.107088565826416016e-01
5.010676383972167969e-02 7.303485870361328125e-01 2.233221530914306641e-01
4.917716979980468750e-02 7.114229202270507812e-01 2.049365043640136719e-01
4.942893981933593750e-02 7.117204666137695312e-01 2.249276638031005859e-01
4.767823219299316406e-02 7.119750976562500000e-01 2.151436805725097656e-01
4.756021499633789062e-02 7.179167270660400391e-01 2.225308418273925781e-01
4.824781417846679688e-02 7.353382110595703125e-01 2.052879333496093750e-01
4.909467697143554688e-02 7.223746776580810547e-01 2.241513729095458984e-01
4.831981658935546875e-02 7.141215801239013672e-01 2.172191143035888672e-01
4.770779609680175781e-02 7.378463745117187500e-01 2.110066413879394531e-01
