7.158207893371582031e-02 6.517109870910644531e-01 2.202396392822265625e-01
4.565334320068359375e-02 5.528302192687988281e-01 2.195060253143310547e-01
4.621648788452148438e-02 5.299031734466552734e-01 2.141063213348388672e-01
4.700160026550292969e-02 5.151906013488769531e-01 2.123639583587646484e-01
4.632973670959472656e-02 5.030269622802734375e-01 2.115197181701660156e-01
4.644179344177246094e-02 4.793288707733154297e-01 2.118740081787109375e-01
4.586601257324218750e-02 4.328052997589111328e-01 2.106904983520507812e-01
4.599452018737792969e-02 4.016034603118896484e-01 2.170383930206298828e-01
4.605889320373535156e-02 3.805813789367675781e-01 2.160587310791015625e-01
4.610967636108398438e-02 3.579111099243164062e-01 2.172422409057617188e-01
4.733037948608398438e-02 3.655762672424316406e-01 2.153534889221191406e-01
