7.335257530212402344e-02 1.196098327636718750e-01 4.212419986724853516e-01
5.831480026245117188e-02 7.933378219604492188e-02 4.311261177062988281e-01
6.081533432006835938e-02 1.018421649932861328e-01 4.248542785644531250e-01
5.866980552673339844e-02 8.261561393737792969e-02 4.781973361968994141e-01
5.948758125305175781e-02 8.389973640441894531e-02 4.327974319458007812e-01
5.858707427978515625e-02 8.198904991149902344e-02 4.246244430541992188e-01
5.838441848754882812e-02 8.404660224914550781e-02 4.388844966888427734e-01
5.930137634277343750e-02 8.380460739135742188e-02 4.379167556762695312e-01
5.800628662109375000e-02 8.646154403686523438e-02 4.290075302124023438e-01
6.308031082153320312e-02 1.036458015441894531e-01 4.357769489288330078e-01
5.943393707275390625e-02 8.431529998779296875e-02 4.344303607940673828e-01
6.272149085998535156e-02 1.051833629608154297e-01 4.343042373657226562e-01
5.879116058349609375e-02 8.506751060485839844e-02 4.264028072357177734e-01
6.249403953552246094e-02 1.052620410919189453e-01 4.321291446685791016e-01
6.029868125915527344e-02 1.003131866455078125e-01 4.355373382568359375e-01
6.099915504455566406e-02 1.039025783538818359e-01 4.259123802185058594e-01
6.126427650451660156e-02 1.014881134033203125e-01 4.375841617584228516e-01
6.097173690795898438e-02 1.021206378936767578e-01 4.307661056518554688e-01
