7.215452194213867188e-02 1.244060993194580078e-01 4.323008060455322266e-01
6.570339202880859375e-02 1.182208061218261719e-01 4.335765838623046875e-01
6.735754013061523438e-02 1.054842472076416016e-01 4.298484325408935547e-01
7.074189186096191406e-02 1.110706329345703125e-01 4.395096302032470703e-01
6.682419776916503906e-02 8.606648445129394531e-02 4.319458007812500000e-01
6.607818603515625000e-02 7.849931716918945312e-02 4.243931770324707031e-01
7.134413719177246094e-02 9.538722038269042969e-02 4.023373126983642578e-01
7.108640670776367188e-02 9.346818923950195312e-02 3.490700721740722656e-01
6.618809700012207031e-02 7.250142097473144531e-02 3.139019012451171875e-01
6.905555725097656250e-02 8.638405799865722656e-02 3.079454898834228516e-01
6.769609451293945312e-02 7.191967964172363281e-02 3.038480281829833984e-01
