6.556487083435058594e-02 1.026773452758789062e-01 3.160033226013183594e-01
5.937457084655761719e-02 7.322859764099121094e-02 2.969923019409179688e-01
5.937838554382324219e-02 7.426309585571289062e-02 2.980141639709472656e-01
6.096744537353515625e-02 7.322812080383300781e-02 2.966222763061523438e-01
5.941486358642578125e-02 7.281327247619628906e-02 2.975356578826904297e-01
6.196022033691406250e-02 9.017753601074218750e-02 2.947356700897216797e-01
6.251287460327148438e-02 9.279537200927734375e-02 3.015675544738769531e-01
6.286907196044921875e-02 9.399819374084472656e-02 2.875456809997558594e-01
5.955290794372558594e-02 7.090735435485839844e-02 2.805547714233398438e-01
5.848717689514160156e-02 7.081198692321777344e-02 2.768437862396240234e-01
6.205248832702636719e-02 9.127235412597656250e-02 2.765133380889892578e-01
5.889821052551269531e-02 7.306170463562011719e-02 2.713787555694580078e-01
6.093454360961914062e-02 8.923649787902832031e-02 2.716658115386962891e-01
5.979204177856445312e-02 7.296323776245117188e-02 2.717857360839843750e-01
5.914330482482910156e-02 7.167434692382812500e-02 2.764599323272705078e-01
5.831551551818847656e-02 7.205247879028320312e-02 2.703607082366943359e-01
5.918550491333007812e-02 7.342243194580078125e-02 2.825024127960205078e-01
6.137490272521972656e-02 9.283065795898437500e-02 2.722132205963134766e-01
6.142783164978027344e-02 9.420514106750488281e-02 2.852394580841064453e-01
