4.444479942321777344e-02 5.797157287597656250e-01 2.132030963897705078e+00
3.742957115173339844e-02 3.336644172668457031e-01 6.767880916595458984e-01
4.030752182006835938e-02 3.428263664245605469e-01 5.928344726562500000e-01
3.966069221496582031e-02 2.822735309600830078e-01 5.884511470794677734e-01
3.952383995056152344e-02 3.276169300079345703e-01 5.854475498199462891e-01
3.948450088500976562e-02 3.278007507324218750e-01 5.860600471496582031e-01
3.939986228942871094e-02 4.144392013549804688e-01 6.003296375274658203e-01
4.011583328247070312e-02 4.381134510040283203e-01 6.421182155609130859e-01
3.979849815368652344e-02 4.944877624511718750e-01 6.311881542205810547e-01
3.968954086303710938e-02 5.362782478332519531e-01 6.232590675354003906e-01
3.974509239196777344e-02 4.687836170196533203e-01 6.178195476531982422e-01
3.955650329589843750e-02 5.201966762542724609e-01 6.331629753112792969e-01
3.952598571777343750e-02 5.910959243774414062e-01 6.654324531555175781e-01
3.953814506530761719e-02 6.941974163055419922e-01 7.055513858795166016e-01
4.121565818786621094e-02 6.912260055541992188e-01 6.700649261474609375e-01
3.994107246398925781e-02 6.317920684814453125e-01 6.853258609771728516e-01
3.972196578979492188e-02 6.756329536437988281e-01 6.711719036102294922e-01
