3.697943687438964844e-02 6.602218151092529297e-01 2.086362838745117188e-01
2.911114692687988281e-02 6.600167751312255859e-01 1.991083621978759766e-01
2.920770645141601562e-02 6.648023128509521484e-01 2.188274860382080078e-01
2.956700325012207031e-02 6.587905883789062500e-01 2.035005092620849609e-01
2.939796447753906250e-02 6.558096408843994141e-01 2.100019454956054688e-01
2.817082405090332031e-02 6.480481624603271484e-01 2.123920917510986328e-01
3.001427650451660156e-02 6.442418098449707031e-01 1.998167037963867188e-01
2.948594093322753906e-02 6.414325237274169922e-01 2.063167095184326172e-01
2.885532379150390625e-02 6.413471698760986328e-01 1.946766376495361328e-01
2.946472167968750000e-02 6.447012424468994141e-01 2.114567756652832031e-01
2.975678443908691406e-02 6.308059692382812500e-01 2.019612789154052734e-01
2.896022796630859375e-02 6.346035003662109375e-01 2.029023170471191406e-01
2.954745292663574219e-02 6.434555053710937500e-01 2.115232944488525391e-01
2.904534339904785156e-02 6.500160694122314453e-01 1.953492164611816406e-01
2.868223190307617188e-02 6.501700878143310547e-01 2.010521888732910156e-01
2.892279624938964844e-02 6.510844230651855469e-01 2.011661529541015625e-01
2.908182144165039062e-02 6.691365242004394531e-01 2.017700672149658203e-01
2.892613410949707031e-02 6.791176795959472656e-01 2.098112106323242188e-01
2.850961685180664062e-02 6.651644706726074219e-01 2.069299221038818359e-01
2.889108657836914062e-02 6.578521728515625000e-01 2.110500335693359375e-01
2.872753143310546875e-02 6.582560539245605469e-01 1.962978839874267578e-01
2.888393402099609375e-02 6.627202033996582031e-01 2.114305496215820312e-01
2.927041053771972656e-02 6.922152042388916016e-01 2.122285366058349609e-01
2.937555313110351562e-02 6.644666194915771484e-01 2.114930152893066406e-01
2.929973602294921875e-02 6.762509346008300781e-01 2.026681900024414062e-01
2.875256538391113281e-02 6.707780361175537109e-01 2.020640373229980469e-01
2.864480018615722656e-02 6.728346347808837891e-01 2.153534889221191406e-01
3.067111968994140625e-02 7.010874748229980469e-01 2.047946453094482422e-01
3.055930137634277344e-02 7.014272212982177734e-01 2.133884429931640625e-01
2.978301048278808594e-02 6.950759887695312500e-01 2.059023380279541016e-01
2.796077728271484375e-02 6.796715259552001953e-01 2.130250930786132812e-01
2.947139739990234375e-02 6.869511604309082031e-01 2.040567398071289062e-01
2.937340736389160156e-02 6.907405853271484375e-01 2.137424945831298828e-01
3.008842468261718750e-02 7.048664093017578125e-01 2.024066448211669922e-01
2.981662750244140625e-02 7.014515399932861328e-01 2.045643329620361328e-01
2.982974052429199219e-02 7.075064182281494141e-01 2.025771141052246094e-01
