7.549977302551269531e-02 3.247501850128173828e-01 2.165272235870361328e-01
4.478740692138671875e-02 2.644617557525634766e-01 2.203743457794189453e-01
4.574513435363769531e-02 2.749965190887451172e-01 2.223389148712158203e-01
4.630851745605468750e-02 2.669069766998291016e-01 2.189571857452392578e-01
4.627561569213867188e-02 2.582862377166748047e-01 2.181572914123535156e-01
4.768109321594238281e-02 2.224094867706298828e-01 2.209050655364990234e-01
4.622530937194824219e-02 1.856844425201416016e-01 2.176063060760498047e-01
4.678654670715332031e-02 1.781315803527832031e-01 2.135581970214843750e-01
4.593348503112792969e-02 1.683812141418457031e-01 2.150635719299316406e-01
4.721093177795410156e-02 1.730005741119384766e-01 2.175583839416503906e-01
4.548716545104980469e-02 1.750812530517578125e-01 2.195923328399658203e-01
4.545354843139648438e-02 1.841402053833007812e-01 2.181453704833984375e-01
4.653787612915039062e-02 1.842384338378906250e-01 2.138977050781250000e-01
4.576992988586425781e-02 1.910831928253173828e-01 2.126944065093994141e-01
