6.405019760131835938e-02 3.019247055053710938e-01 1.927986145019531250e-01
4.395961761474609375e-02 2.686150074005126953e-01 2.074477672576904297e-01
4.491019248962402344e-02 2.653369903564453125e-01 1.944386959075927734e-01
4.536175727844238281e-02 2.638850212097167969e-01 2.064766883850097656e-01
4.478859901428222656e-02 2.535729408264160156e-01 1.939725875854492188e-01
4.595804214477539062e-02 2.653889656066894531e-01 2.013509273529052734e-01
4.631543159484863281e-02 2.632791996002197266e-01 1.955337524414062500e-01
4.470443725585937500e-02 2.548549175262451172e-01 2.088179588317871094e-01
4.464435577392578125e-02 2.573153972625732422e-01 1.986825466156005859e-01
4.440832138061523438e-02 2.613139152526855469e-01 2.052924633026123047e-01
4.545855522155761719e-02 2.705736160278320312e-01 1.935048103332519531e-01
4.645562171936035156e-02 2.867991924285888672e-01 1.996183395385742188e-01
