3.872919082641601562e-02 3.820276260375976562e-01 2.065272331237792969e-01
2.681493759155273438e-02 3.156630992889404297e-01 2.056133747100830078e-01
2.561640739440917969e-02 3.103196620941162109e-01 2.010004520416259766e-01
2.717041969299316406e-02 3.043403625488281250e-01 2.000541687011718750e-01
2.685570716857910156e-02 2.973308563232421875e-01 2.062630653381347656e-01
2.723526954650878906e-02 2.920696735382080078e-01 2.035257816314697266e-01
2.684712409973144531e-02 2.884507179260253906e-01 2.046084403991699219e-01
2.662682533264160156e-02 2.944145202636718750e-01 2.052309513092041016e-01
2.679586410522460938e-02 2.787041664123535156e-01 2.062988281250000000e-01
2.597784996032714844e-02 2.731926441192626953e-01 2.020854949951171875e-01
2.657556533813476562e-02 2.694540023803710938e-01 2.013390064239501953e-01
2.640938758850097656e-02 2.648446559906005859e-01 2.034986019134521484e-01
2.723813056945800781e-02 2.746016979217529297e-01 2.007982730865478516e-01
2.640342712402343750e-02 2.693758010864257812e-01 1.992206573486328125e-01
2.658343315124511719e-02 2.719974517822265625e-01 2.060840129852294922e-01
2.602171897888183594e-02 2.684259414672851562e-01 2.019474506378173828e-01
2.662253379821777344e-02 2.731497287750244141e-01 2.020695209503173828e-01
2.638292312622070312e-02 2.744288444519042969e-01 1.975030899047851562e-01
