3.089046478271484375e-02 5.490005016326904297e-01 2.258150577545166016e-01
4.078674316406250000e-02 4.113898277282714844e-01 2.255775928497314453e-01
2.990293502807617188e-02 3.207736015319824219e-01 2.185628414154052734e-01
2.990961074829101562e-02 3.370239734649658203e-01 2.157001495361328125e-01
2.966117858886718750e-02 3.533997535705566406e-01 2.221400737762451172e-01
3.000998497009277344e-02 3.658428192138671875e-01 2.192144393920898438e-01
2.908515930175781250e-02 3.424901962280273438e-01 2.182290554046630859e-01
2.905178070068359375e-02 2.883441448211669922e-01 2.244622707366943359e-01
3.010869026184082031e-02 2.943625450134277344e-01 2.276561260223388672e-01
2.904868125915527344e-02 3.481581211090087891e-01 2.190411090850830078e-01
3.090190887451171875e-02 3.880357742309570312e-01 2.234745025634765625e-01
3.072977066040039062e-02 4.876396656036376953e-01 2.324266433715820312e-01
3.096032142639160156e-02 4.931402206420898438e-01 2.309646606445312500e-01
3.103137016296386719e-02 5.219399929046630859e-01 2.303349971771240234e-01
