1.037585735321044922e-01 1.140718460083007812e-01 1.955990791320800781e-01
5.104255676269531250e-02 9.503197669982910156e-02 1.964161396026611328e-01
5.150294303894042969e-02 8.414030075073242188e-02 1.895394325256347656e-01
5.147862434387207031e-02 7.530355453491210938e-02 1.952717304229736328e-01
5.281758308410644531e-02 8.125305175781250000e-02 1.868281364440917969e-01
5.136203765869140625e-02 7.214808464050292969e-02 1.546399593353271484e-01
5.172610282897949219e-02 7.491755485534667969e-02 1.652321815490722656e-01
5.247807502746582031e-02 7.855653762817382812e-02 1.668479442596435547e-01
5.156278610229492188e-02 7.743358612060546875e-02 1.612069606781005859e-01
5.166530609130859375e-02 7.618927955627441406e-02 1.683588027954101562e-01
5.312776565551757812e-02 7.802534103393554688e-02 1.545169353485107422e-01
