7.939672470092773438e-02 2.639024257659912109e-01 2.218186855316162109e-01
5.384778976440429688e-02 2.150602340698242188e-01 2.080376148223876953e-01
5.497360229492187500e-02 2.123985290527343750e-01 2.143204212188720703e-01
5.456233024597167969e-02 2.128756046295166016e-01 2.157123088836669922e-01
5.452942848205566406e-02 2.040567398071289062e-01 2.150814533233642578e-01
5.321121215820312500e-02 2.183313369750976562e-01 2.184154987335205078e-01
5.501651763916015625e-02 2.302055358886718750e-01 2.211089134216308594e-01
5.468297004699707031e-02 2.035675048828125000e-01 2.198340892791748047e-01
5.552530288696289062e-02 2.009370326995849609e-01 2.166571617126464844e-01
5.402135848999023438e-02 1.966495513916015625e-01 2.205598354339599609e-01
5.483126640319824219e-02 1.986131668090820312e-01 2.148804664611816406e-01
