8.902931213378906250e-02 1.661915779113769531e-01 2.181735038757324219e-01
5.261611938476562500e-02 9.186768531799316406e-02 2.163295745849609375e-01
5.415630340576171875e-02 9.680676460266113281e-02 2.119662761688232422e-01
5.285811424255371094e-02 7.810354232788085938e-02 2.093157768249511719e-01
5.308651924133300781e-02 7.861900329589843750e-02 2.086682319641113281e-01
5.504751205444335938e-02 8.169078826904296875e-02 2.024443149566650391e-01
5.314874649047851562e-02 7.634902000427246094e-02 2.035632133483886719e-01
5.468869209289550781e-02 8.331346511840820312e-02 2.093458175659179688e-01
5.428218841552734375e-02 7.951426506042480469e-02 2.055733203887939453e-01
5.369114875793457031e-02 7.481026649475097656e-02 1.948196887969970703e-01
5.343866348266601562e-02 7.630157470703125000e-02 2.007091045379638672e-01
5.420494079589843750e-02 8.021640777587890625e-02 2.012877464294433594e-01
5.499219894409179688e-02 8.476495742797851562e-02 2.011940479278564453e-01
