7.953429222106933594e-02 1.470568180084228516e-01 1.986577510833740234e-01
5.268740653991699219e-02 1.135747432708740234e-01 1.911208629608154297e-01
5.173301696777343750e-02 1.187338829040527344e-01 2.020473480224609375e-01
5.209660530090332031e-02 1.138288974761962891e-01 1.912481784820556641e-01
5.192112922668457031e-02 1.147563457489013672e-01 2.036519050598144531e-01
5.133438110351562500e-02 1.174573898315429688e-01 1.907033920288085938e-01
5.139040946960449219e-02 1.225705146789550781e-01 2.039363384246826172e-01
5.154514312744140625e-02 1.302039623260498047e-01 1.909489631652832031e-01
5.198001861572265625e-02 1.354112625122070312e-01 2.068090438842773438e-01
5.220174789428710938e-02 1.402926445007324219e-01 1.919429302215576172e-01
4.998970031738281250e-02 1.464970111846923828e-01 2.035956382751464844e-01
5.058884620666503906e-02 1.406457424163818359e-01 1.967301368713378906e-01
5.168175697326660156e-02 1.379523277282714844e-01 2.016377449035644531e-01
5.193758010864257812e-02 1.350057125091552734e-01 1.958622932434082031e-01
5.282640457153320312e-02 1.371340751647949219e-01 1.988866329193115234e-01
5.278015136718750000e-02 1.325838565826416016e-01 1.919188499450683594e-01
5.270814895629882812e-02 1.345837116241455078e-01 1.978001594543457031e-01
5.173254013061523438e-02 1.346817016601562500e-01 1.906445026397705078e-01
5.288815498352050781e-02 1.367008686065673828e-01 1.972136497497558594e-01
5.281543731689453125e-02 1.373002529144287109e-01 1.937706470489501953e-01
5.455374717712402344e-02 1.482214927673339844e-01 2.032384872436523438e-01
5.190396308898925781e-02 1.301229000091552734e-01 1.945867538452148438e-01
5.545091629028320312e-02 1.450600624084472656e-01 2.016241550445556641e-01
5.251932144165039062e-02 1.327490806579589844e-01 1.907498836517333984e-01
5.294966697692871094e-02 1.351928710937500000e-01 2.003984451293945312e-01
5.164957046508789062e-02 1.342782974243164062e-01 1.930456161499023438e-01
5.233311653137207031e-02 1.336512565612792969e-01 2.027754783630371094e-01
