2.950596809387207031e-02 7.487010955810546875e-02 1.338484287261962891e-01
2.692413330078125000e-02 7.960295677185058594e-02 1.280496120452880859e-01
2.721905708312988281e-02 7.448172569274902344e-02 1.284449100494384766e-01
2.805519104003906250e-02 7.379293441772460938e-02 1.272113323211669922e-01
2.672576904296875000e-02 7.338070869445800781e-02 1.275529861450195312e-01
2.690124511718750000e-02 7.308936119079589844e-02 1.274006366729736328e-01
2.702665328979492188e-02 7.382345199584960938e-02 1.308026313781738281e-01
2.744913101196289062e-02 7.281303405761718750e-02 1.274600028991699219e-01
2.721047401428222656e-02 7.989430427551269531e-02 1.301877498626708984e-01
2.716374397277832031e-02 7.320141792297363281e-02 1.302549839019775391e-01
2.837705612182617188e-02 7.554960250854492188e-02 1.283497810363769531e-01
2.806997299194335938e-02 7.387781143188476562e-02 1.281027793884277344e-01
