8.485412597656250000e-02 6.206138134002685547e-01 4.681386947631835938e-01
7.103300094604492188e-02 6.031823158264160156e-01 4.659934043884277344e-01
7.183074951171875000e-02 5.972261428833007812e-01 4.715228080749511719e-01
7.173967361450195312e-02 5.854973793029785156e-01 4.624319076538085938e-01
7.098627090454101562e-02 5.748877525329589844e-01 4.694240093231201172e-01
7.191920280456542969e-02 5.615580081939697266e-01 4.711990356445312500e-01
7.178497314453125000e-02 5.681502819061279297e-01 4.581542015075683594e-01
6.684780120849609375e-02 5.365951061248779297e-01 4.572472572326660156e-01
6.787753105163574219e-02 5.409665107727050781e-01 4.616928100585937500e-01
7.251358032226562500e-02 5.434415340423583984e-01 4.571001529693603516e-01
6.798958778381347656e-02 5.294880867004394531e-01 4.549355506896972656e-01
7.249832153320312500e-02 5.405149459838867188e-01 4.595170021057128906e-01
7.272720336914062500e-02 5.481834411621093750e-01 4.616391658782958984e-01
6.862473487854003906e-02 5.196063518524169922e-01 4.614579677581787109e-01
7.345104217529296875e-02 5.484666824340820312e-01 4.619839191436767578e-01
7.294607162475585938e-02 5.361771583557128906e-01 4.547243118286132812e-01
7.023024559020996094e-02 5.291948318481445312e-01 4.657742977142333984e-01
6.734180450439453125e-02 5.194587707519531250e-01 4.638338088989257812e-01
7.066988945007324219e-02 5.328414440155029297e-01 4.605152606964111328e-01
7.140183448791503906e-02 5.300233364105224609e-01 4.521660804748535156e-01
7.099199295043945312e-02 5.339679718017578125e-01 4.533438682556152344e-01
7.044053077697753906e-02 5.279593467712402344e-01 4.654173851013183594e-01
7.174897193908691406e-02 5.266675949096679688e-01 4.592881202697753906e-01
7.199168205261230469e-02 5.187330245971679688e-01 4.522697925567626953e-01
6.724262237548828125e-02 4.974234104156494141e-01 4.508879184722900391e-01
7.260322570800781250e-02 5.075802803039550781e-01 4.534235000610351562e-01
7.335066795349121094e-02 5.293748378753662109e-01 4.559586048126220703e-01
6.922554969787597656e-02 5.124382972717285156e-01 4.609482288360595703e-01
7.377910614013671875e-02 5.354359149932861328e-01 4.590771198272705078e-01
7.390761375427246094e-02 5.387158393859863281e-01 4.562506675720214844e-01
6.821179389953613281e-02 5.148701667785644531e-01 4.567551612854003906e-01
