6.252312660217285156e-02 5.839769840240478516e-01 2.076878547668457031e-01
4.436230659484863281e-02 5.746228694915771484e-01 1.970396041870117188e-01
4.417204856872558594e-02 5.196082592010498047e-01 2.008259296417236328e-01
4.312229156494140625e-02 5.112218856811523438e-01 1.956357955932617188e-01
4.550075531005859375e-02 5.611310005187988281e-01 2.045300006866455078e-01
4.507684707641601562e-02 5.821888446807861328e-01 1.998047828674316406e-01
4.372763633728027344e-02 5.714757442474365234e-01 2.036931514739990234e-01
4.416751861572265625e-02 6.022863388061523438e-01 1.970560550689697266e-01
4.432487487792968750e-02 6.489899158477783203e-01 2.025518417358398438e-01
4.333758354187011719e-02 6.094868183135986328e-01 1.959047317504882812e-01
4.384064674377441406e-02 5.812838077545166016e-01 2.048640251159667969e-01
4.441070556640625000e-02 5.618150234222412109e-01 1.947605609893798828e-01
4.431509971618652344e-02 5.297389030456542969e-01 2.021520137786865234e-01
