6.264829635620117188e-02 8.694648742675781250e-02 2.050523757934570312e-01
6.120252609252929688e-02 8.293080329895019531e-02 1.932702064514160156e-01
6.274080276489257812e-02 8.488059043884277344e-02 1.859247684478759766e-01
6.360554695129394531e-02 8.511447906494140625e-02 1.948163509368896484e-01
6.012845039367675781e-02 6.602764129638671875e-02 1.823072433471679688e-01
6.104683876037597656e-02 6.410789489746093750e-02 1.761448383331298828e-01
6.007480621337890625e-02 6.259799003601074219e-02 1.585283279418945312e-01
6.101560592651367188e-02 6.114554405212402344e-02 1.516203880310058594e-01
6.290173530578613281e-02 7.826805114746093750e-02 1.342196464538574219e-01
6.008529663085937500e-02 5.939245223999023438e-02 1.407229900360107422e-01
6.135630607604980469e-02 7.751822471618652344e-02 1.330308914184570312e-01
