8.225965499877929688e-02 1.146814823150634766e-01 1.192269325256347656e-01
4.596138000488281250e-02 6.988263130187988281e-02 1.220645904541015625e-01
4.774188995361328125e-02 7.314085960388183594e-02 1.203792095184326172e-01
4.697227478027343750e-02 7.241916656494140625e-02 1.179790496826171875e-01
4.653549194335937500e-02 7.033658027648925781e-02 1.145737171173095703e-01
4.592823982238769531e-02 6.889963150024414062e-02 1.153120994567871094e-01
4.729151725769042969e-02 7.353115081787109375e-02 1.147818565368652344e-01
4.752516746520996094e-02 7.389235496520996094e-02 1.247100830078125000e-01
4.809284210205078125e-02 7.826948165893554688e-02 1.250231266021728516e-01
4.767107963562011719e-02 7.311654090881347656e-02 1.218385696411132812e-01
4.746103286743164062e-02 7.309031486511230469e-02 1.152982711791992188e-01
