6.890726089477539062e-02 1.127588748931884766e-01 1.304304599761962891e-01
4.538154602050781250e-02 7.150983810424804688e-02 1.203792095184326172e-01
4.574990272521972656e-02 6.957626342773437500e-02 1.124889850616455078e-01
4.618930816650390625e-02 7.037901878356933594e-02 1.163799762725830078e-01
4.763770103454589844e-02 7.085824012756347656e-02 1.096508502960205078e-01
4.555630683898925781e-02 6.937646865844726562e-02 1.110439300537109375e-01
4.795527458190917969e-02 7.272696495056152344e-02 1.106944084167480469e-01
4.586052894592285156e-02 7.066512107849121094e-02 1.105477809906005859e-01
4.611444473266601562e-02 6.984806060791015625e-02 1.099817752838134766e-01
4.615521430969238281e-02 6.997346878051757812e-02 1.112732887268066406e-01
4.588294029235839844e-02 6.964850425720214844e-02 1.109342575073242188e-01
