8.214855194091796875e-02 1.216521263122558594e-01 3.626370429992675781e-01
5.778098106384277344e-02 7.308149337768554688e-02 3.299374580383300781e-01
5.881857872009277344e-02 7.370519638061523438e-02 3.149023056030273438e-01
6.169176101684570312e-02 8.866906166076660156e-02 3.065862655639648438e-01
5.913352966308593750e-02 7.304835319519042969e-02 2.965090274810791016e-01
5.942440032958984375e-02 7.087373733520507812e-02 2.824637889862060547e-01
6.192469596862792969e-02 8.959150314331054688e-02 2.786285877227783203e-01
5.928540229797363281e-02 6.958985328674316406e-02 2.628166675567626953e-01
6.031394004821777344e-02 7.010746002197265625e-02 2.601253986358642578e-01
6.145453453063964844e-02 8.940815925598144531e-02 2.593958377838134766e-01
5.980968475341796875e-02 7.114481925964355469e-02 2.556335926055908203e-01
5.807089805603027344e-02 6.924009323120117188e-02 2.416069507598876953e-01
6.164789199829101562e-02 8.863735198974609375e-02 2.463991641998291016e-01
5.853343009948730469e-02 6.891417503356933594e-02 2.365407943725585938e-01
5.909466743469238281e-02 6.894350051879882812e-02 2.366330623626708984e-01
5.921888351440429688e-02 6.943058967590332031e-02 2.377817630767822266e-01
6.279301643371582031e-02 9.148430824279785156e-02 2.406818866729736328e-01
6.326413154602050781e-02 9.171891212463378906e-02 2.393155097961425781e-01
6.239342689514160156e-02 8.935928344726562500e-02 2.390599250793457031e-01
6.145071983337402344e-02 9.002208709716796875e-02 2.375645637512207031e-01
5.876016616821289062e-02 6.942582130432128906e-02 2.377564907073974609e-01
6.115198135375976562e-02 8.988523483276367188e-02 2.377557754516601562e-01
5.880355834960937500e-02 6.882882118225097656e-02 2.413687705993652344e-01
