5.068135261535644531e-02 3.023991584777832031e-01 2.312922477722167969e-01
4.957079887390136719e-02 3.284475803375244141e-01 2.280890941619873047e-01
5.024313926696777344e-02 3.181087970733642578e-01 2.208900451660156250e-01
5.059981346130371094e-02 3.423223495483398438e-01 2.213943004608154297e-01
5.077433586120605469e-02 3.917865753173828125e-01 2.337620258331298828e-01
4.996395111083984375e-02 3.876752853393554688e-01 2.354602813720703125e-01
5.119824409484863281e-02 4.596982002258300781e-01 2.235503196716308594e-01
4.994082450866699219e-02 4.379241466522216797e-01 2.241337299346923828e-01
5.011844635009765625e-02 4.626584053039550781e-01 2.328841686248779297e-01
5.115318298339843750e-02 4.960880279541015625e-01 2.285737991333007812e-01
5.086922645568847656e-02 4.927718639373779297e-01 2.260849475860595703e-01
5.068421363830566406e-02 4.910998344421386719e-01 2.281143665313720703e-01
5.101466178894042969e-02 5.350646972656250000e-01 2.277739048004150391e-01
5.106973648071289062e-02 5.437421798706054688e-01 2.278599739074707031e-01
5.081796646118164062e-02 5.760595798492431641e-01 2.410051822662353516e-01
5.197954177856445312e-02 5.473411083221435547e-01 2.303037643432617188e-01
