6.496953964233398438e-02 1.181159019470214844e-01 1.809799671173095703e-01
4.422616958618164062e-02 7.829189300537109375e-02 1.767773628234863281e-01
4.518198966979980469e-02 8.372092247009277344e-02 1.811432838439941406e-01
4.578304290771484375e-02 8.845257759094238281e-02 1.842098236083984375e-01
4.609680175781250000e-02 9.534192085266113281e-02 1.896691322326660156e-01
4.616689682006835938e-02 1.055450439453125000e-01 1.849653720855712891e-01
4.643344879150390625e-02 1.082415580749511719e-01 1.842684745788574219e-01
4.672145843505859375e-02 1.220228672027587891e-01 1.845419406890869141e-01
4.694247245788574219e-02 1.235058307647705078e-01 1.911811828613281250e-01
4.630088806152343750e-02 1.259689331054687500e-01 1.896827220916748047e-01
4.429268836975097656e-02 1.281192302703857422e-01 1.859965324401855469e-01
4.691147804260253906e-02 1.420326232910156250e-01 1.907446384429931641e-01
4.732179641723632812e-02 1.535336971282958984e-01 1.829018592834472656e-01
4.798722267150878906e-02 1.683838367462158203e-01 1.921358108520507812e-01
4.689145088195800781e-02 1.768150329589843750e-01 1.869494915008544922e-01
4.683637619018554688e-02 1.905262470245361328e-01 1.860997676849365234e-01
4.660677909851074219e-02 1.983935832977294922e-01 1.856486797332763672e-01
4.731273651123046875e-02 2.130558490753173828e-01 1.890666484832763672e-01
4.629898071289062500e-02 2.138862609863281250e-01 1.836562156677246094e-01
4.665613174438476562e-02 2.164096832275390625e-01 1.857810020446777344e-01
