5.977678298950195312e-02 4.703707695007324219e-01 2.079119682312011719e-01
4.455804824829101562e-02 4.868605136871337891e-01 1.974189281463623047e-01
4.489254951477050781e-02 5.106294155120849609e-01 2.092702388763427734e-01
4.484891891479492188e-02 5.035519599914550781e-01 1.929092407226562500e-01
4.486155509948730469e-02 4.500575065612792969e-01 1.994020938873291016e-01
4.472637176513671875e-02 4.169847965240478516e-01 1.947691440582275391e-01
4.544711112976074219e-02 4.022805690765380859e-01 2.038073539733886719e-01
4.419136047363281250e-02 3.870120048522949219e-01 1.962926387786865234e-01
4.571604728698730469e-02 4.031822681427001953e-01 1.969058513641357422e-01
4.506731033325195312e-02 3.837401866912841797e-01 1.929714679718017578e-01
4.531741142272949219e-02 3.775541782379150391e-01 2.045342922210693359e-01
