6.085205078125000000e-02 2.846057415008544922e-01 2.153630256652832031e-01
4.540371894836425781e-02 2.414870262145996094e-01 2.141876220703125000e-01
4.718399047851562500e-02 2.402942180633544922e-01 2.204585075378417969e-01
4.687905311584472656e-02 2.259633541107177734e-01 2.167310714721679688e-01
4.612970352172851562e-02 2.040300369262695312e-01 2.196006774902343750e-01
4.545378684997558594e-02 1.938331127166748047e-01 2.181725502014160156e-01
4.484248161315917969e-02 1.903574466705322266e-01 2.160308361053466797e-01
4.525446891784667969e-02 1.857395172119140625e-01 2.178926467895507812e-01
4.665899276733398438e-02 1.915073394775390625e-01 2.206690311431884766e-01
4.477596282958984375e-02 1.798858642578125000e-01 2.125852108001708984e-01
4.607224464416503906e-02 1.797549724578857422e-01 2.129213809967041016e-01
4.545950889587402344e-02 1.804502010345458984e-01 2.166225910186767578e-01
4.591107368469238281e-02 1.852595806121826172e-01 2.143366336822509766e-01
4.607868194580078125e-02 1.849272251129150391e-01 2.174856662750244141e-01
4.655861854553222656e-02 1.878638267517089844e-01 2.143397331237792969e-01
4.651045799255371094e-02 1.920671463012695312e-01 2.141771316528320312e-01
4.616761207580566406e-02 1.898622512817382812e-01 2.157511711120605469e-01
4.790782928466796875e-02 1.929318904876708984e-01 2.216174602508544922e-01
4.606938362121582031e-02 1.818926334381103516e-01 2.139737606048583984e-01
