6.880688667297363281e-02 1.373813152313232422e-01 2.130556106567382812e-01
4.452466964721679688e-02 8.757281303405761719e-02 2.146890163421630859e-01
4.662656784057617188e-02 9.129428863525390625e-02 2.165830135345458984e-01
4.668092727661132812e-02 9.729814529418945312e-02 2.090017795562744141e-01
4.580307006835937500e-02 9.620499610900878906e-02 2.163715362548828125e-01
4.505562782287597656e-02 8.660721778869628906e-02 2.092020511627197266e-01
4.584002494812011719e-02 9.385776519775390625e-02 2.162852287292480469e-01
4.620552062988281250e-02 9.364366531372070312e-02 2.081253528594970703e-01
4.587268829345703125e-02 9.288167953491210938e-02 2.125847339630126953e-01
4.647064208984375000e-02 9.236621856689453125e-02 2.135658264160156250e-01
4.618382453918457031e-02 8.366394042968750000e-02 2.087192535400390625e-01
