4.182171821594238281e-02 1.239087581634521484e-01 8.882665634155273438e-02
2.664256095886230469e-02 6.768321990966796875e-02 6.718540191650390625e-02
3.278446197509765625e-02 8.056521415710449219e-02 5.857634544372558594e-02
2.687668800354003906e-02 7.058286666870117188e-02 5.911993980407714844e-02
2.761340141296386719e-02 7.809376716613769531e-02 6.064772605895996094e-02
2.750945091247558594e-02 7.085776329040527344e-02 5.982708930969238281e-02
2.750635147094726562e-02 7.173180580139160156e-02 5.899930000305175781e-02
2.723264694213867188e-02 7.373809814453125000e-02 6.018853187561035156e-02
2.784895896911621094e-02 7.377600669860839844e-02 5.905818939208984375e-02
2.721929550170898438e-02 6.703925132751464844e-02 5.961513519287109375e-02
2.764368057250976562e-02 7.313489913940429688e-02 5.876088142395019531e-02
2.815747261047363281e-02 7.190418243408203125e-02 5.914068222045898438e-02
