4.332828521728515625e-02 1.243622303009033203e-01 2.541425228118896484e-01
3.623008728027343750e-02 7.071352005004882812e-02 2.336373329162597656e-01
3.711986541748046875e-02 7.108592987060546875e-02 2.283732891082763672e-01
3.868889808654785156e-02 9.028387069702148438e-02 2.461342811584472656e-01
3.861594200134277344e-02 7.172107696533203125e-02 2.164673805236816406e-01
3.862237930297851562e-02 7.118511199951171875e-02 2.262217998504638672e-01
3.872489929199218750e-02 7.097101211547851562e-02 2.150869369506835938e-01
3.747749328613281250e-02 7.046818733215332031e-02 2.166225910186767578e-01
3.794169425964355469e-02 8.755230903625488281e-02 2.155389785766601562e-01
3.763079643249511719e-02 6.994390487670898438e-02 2.187976837158203125e-01
3.842639923095703125e-02 7.105255126953125000e-02 2.121186256408691406e-01
3.849792480468750000e-02 7.042217254638671875e-02 2.096791267395019531e-01
