6.938648223876953125e-02 5.968940258026123047e-01 2.265377044677734375e-01
4.623556137084960938e-02 5.583689212799072266e-01 2.183568477630615234e-01
4.537391662597656250e-02 4.937555789947509766e-01 2.208812236785888672e-01
4.627823829650878906e-02 3.448777198791503906e-01 2.139501571655273438e-01
4.759263992309570312e-02 2.834439277648925781e-01 2.186548709869384766e-01
4.673886299133300781e-02 2.369222640991210938e-01 2.102861404418945312e-01
4.738545417785644531e-02 2.246980667114257812e-01 2.147850990295410156e-01
4.732489585876464844e-02 2.084541320800781250e-01 2.115926742553710938e-01
4.643011093139648438e-02 2.025845050811767578e-01 2.151424884796142578e-01
4.618549346923828125e-02 1.935391426086425781e-01 2.123234272003173828e-01
4.575467109680175781e-02 1.909468173980712891e-01 2.180235385894775391e-01
4.579758644104003906e-02 1.817588806152343750e-01 2.117500305175781250e-01
