6.002807617187500000e-02 6.726052761077880859e-01 2.269432544708251953e-01
5.054426193237304688e-02 6.730754375457763672e-01 2.204365730285644531e-01
5.038928985595703125e-02 6.728551387786865234e-01 2.200601100921630859e-01
5.057191848754882812e-02 6.676232814788818359e-01 2.205512523651123047e-01
5.112123489379882812e-02 6.758058071136474609e-01 2.260994911193847656e-01
5.052828788757324219e-02 6.915085315704345703e-01 2.213323116302490234e-01
5.048346519470214844e-02 6.962049007415771484e-01 2.195107936859130859e-01
5.040884017944335938e-02 6.970198154449462891e-01 2.225618362426757812e-01
5.055356025695800781e-02 7.131147384643554688e-01 2.283308506011962891e-01
5.047369003295898438e-02 7.148127555847167969e-01 2.191624641418457031e-01
5.070066452026367188e-02 7.192046642303466797e-01 2.311618328094482422e-01
4.951858520507812500e-02 7.023561000823974609e-01 2.335097789764404297e-01
5.043029785156250000e-02 7.322616577148437500e-01 2.333631515502929688e-01
5.063223838806152344e-02 7.148504257202148438e-01 2.219576835632324219e-01
