7.096529006958007812e-02 5.797512531280517578e-01 4.604840278625488281e-01
6.438159942626953125e-02 5.461077690124511719e-01 4.437129497528076172e-01
7.073616981506347656e-02 5.641474723815917969e-01 4.656445980072021484e-01
7.134127616882324219e-02 5.445220470428466797e-01 4.671790599822998047e-01
6.883811950683593750e-02 5.411214828491210938e-01 4.634208679199218750e-01
6.661510467529296875e-02 5.175771713256835938e-01 4.585895538330078125e-01
6.940650939941406250e-02 5.308697223663330078e-01 4.730987548828125000e-01
6.786513328552246094e-02 5.068366527557373047e-01 4.668395519256591797e-01
7.134437561035156250e-02 5.214462280273437500e-01 4.614973068237304688e-01
6.814265251159667969e-02 4.941344261169433594e-01 4.572179317474365234e-01
7.321071624755859375e-02 5.194363594055175781e-01 4.668686389923095703e-01
7.165646553039550781e-02 5.102410316467285156e-01 4.594352245330810547e-01
