7.026672363281250000e-02 1.172947883605957031e-01 1.774322986602783203e-01
4.494595527648925781e-02 7.864928245544433594e-02 1.848273277282714844e-01
4.636168479919433594e-02 8.208632469177246094e-02 1.828637123107910156e-01
4.604721069335937500e-02 9.141397476196289062e-02 1.879625320434570312e-01
4.646778106689453125e-02 9.558153152465820312e-02 1.835947036743164062e-01
4.641246795654296875e-02 1.000053882598876953e-01 1.913897991180419922e-01
4.584884643554687500e-02 1.010324954986572266e-01 1.896445751190185547e-01
4.599475860595703125e-02 1.012444496154785156e-01 1.886239051818847656e-01
4.628491401672363281e-02 1.042132377624511719e-01 1.840536594390869141e-01
4.539918899536132812e-02 9.591507911682128906e-02 1.866881847381591797e-01
4.598164558410644531e-02 1.058292388916015625e-01 1.861829757690429688e-01
