5.708384513854980469e-02 5.030112266540527344e-01 2.048678398132324219e-01
5.159306526184082031e-02 4.116103649139404297e-01 2.023782730102539062e-01
5.254888534545898438e-02 3.645405769348144531e-01 1.993534564971923828e-01
5.239295959472656250e-02 3.555295467376708984e-01 2.045636177062988281e-01
5.421423912048339844e-02 3.590645790100097656e-01 2.036108970642089844e-01
5.371117591857910156e-02 3.494441509246826172e-01 2.045683860778808594e-01
5.344414710998535156e-02 3.538608551025390625e-01 2.049193382263183594e-01
5.236148834228515625e-02 3.469948768615722656e-01 2.052624225616455078e-01
5.321311950683593750e-02 3.737566471099853516e-01 2.040262222290039062e-01
5.235075950622558594e-02 3.692388534545898438e-01 2.056031227111816406e-01
5.430340766906738281e-02 3.783562183380126953e-01 2.115416526794433594e-01
5.322051048278808594e-02 3.606934547424316406e-01 2.014656066894531250e-01
