5.089330673217773438e-02 5.648615360260009766e-01 2.264029979705810547e-01
4.751729965209960938e-02 4.932384490966796875e-01 2.176182270050048828e-01
4.811215400695800781e-02 3.780577182769775391e-01 2.099962234497070312e-01
4.825615882873535156e-02 2.873075008392333984e-01 2.013578414916992188e-01
4.780411720275878906e-02 2.487912178039550781e-01 2.176115512847900391e-01
4.734969139099121094e-02 2.344319820404052734e-01 2.163591384887695312e-01
4.719257354736328125e-02 2.433390617370605469e-01 2.079668045043945312e-01
4.742693901062011719e-02 2.394177913665771484e-01 2.049658298492431641e-01
4.721760749816894531e-02 2.716031074523925781e-01 2.154092788696289062e-01
4.788851737976074219e-02 2.545740604400634766e-01 2.187423706054687500e-01
4.568362236022949219e-02 2.757680416107177734e-01 2.170372009277343750e-01
4.769897460937500000e-02 2.946493625640869141e-01 2.078945636749267578e-01
4.733347892761230469e-02 3.009431362152099609e-01 2.090876102447509766e-01
4.756641387939453125e-02 3.157658576965332031e-01 2.082097530364990234e-01
