7.636451721191406250e-02 4.596009254455566406e-01 4.715640544891357422e-01
6.107425689697265625e-02 3.298149108886718750e-01 4.472277164459228516e-01
5.892515182495117188e-02 2.707750797271728516e-01 4.516069889068603516e-01
6.265211105346679688e-02 2.936966419219970703e-01 4.500863552093505859e-01
5.854249000549316406e-02 2.558295726776123047e-01 4.593825340270996094e-01
6.223034858703613281e-02 2.619962692260742188e-01 4.377396106719970703e-01
5.986166000366210938e-02 2.240433692932128906e-01 4.558806419372558594e-01
5.905079841613769531e-02 2.066705226898193359e-01 4.472587108612060547e-01
6.208348274230957031e-02 2.277512550354003906e-01 4.504766464233398438e-01
6.178712844848632812e-02 2.298703193664550781e-01 4.444069862365722656e-01
6.130623817443847656e-02 2.259922027587890625e-01 4.446928501129150391e-01
