7.884764671325683594e-02 1.214029788970947266e-01 1.448540687561035156e-01
4.328155517578125000e-02 7.261180877685546875e-02 1.405565738677978516e-01
4.385304450988769531e-02 7.265305519104003906e-02 1.312789916992187500e-01
4.392719268798828125e-02 7.265257835388183594e-02 1.290128231048583984e-01
4.386520385742187500e-02 7.049560546875000000e-02 1.283776760101318359e-01
4.458284378051757812e-02 7.261204719543457031e-02 1.317250728607177734e-01
4.563093185424804688e-02 7.257771492004394531e-02 1.287131309509277344e-01
4.408740997314453125e-02 7.103729248046875000e-02 1.209211349487304688e-01
4.356288909912109375e-02 7.030940055847167969e-02 1.218287944793701172e-01
4.375839233398437500e-02 7.095646858215332031e-02 1.233165264129638672e-01
4.319906234741210938e-02 6.998395919799804688e-02 1.159589290618896484e-01
4.474925994873046875e-02 7.218718528747558594e-02 1.130681037902832031e-01
4.427266120910644531e-02 7.085108757019042969e-02 1.138653755187988281e-01
4.373335838317871094e-02 7.159495353698730469e-02 1.235487461090087891e-01
4.398036003112792969e-02 6.941103935241699219e-02 1.140472888946533203e-01
4.444599151611328125e-02 7.410383224487304688e-02 1.329102516174316406e-01
4.653525352478027344e-02 7.202720642089843750e-02 1.148998737335205078e-01
4.582953453063964844e-02 7.238435745239257812e-02 1.084077358245849609e-01
4.423737525939941406e-02 6.861925125122070312e-02 1.066367626190185547e-01
4.558706283569335938e-02 7.695817947387695312e-02 1.319651603698730469e-01
4.648876190185546875e-02 7.114577293395996094e-02 1.037027835845947266e-01
4.548382759094238281e-02 7.410764694213867188e-02 1.009407043457031250e-01
4.614377021789550781e-02 7.460236549377441406e-02 1.021921634674072266e-01
4.495859146118164062e-02 7.037091255187988281e-02 1.053218841552734375e-01
4.712057113647460938e-02 8.471536636352539062e-02 1.157021522521972656e-01
