6.086397171020507812e-02 8.655619621276855469e-02 2.647109031677246094e-01
5.759668350219726562e-02 6.904149055480957031e-02 2.548761367797851562e-01
6.195235252380371094e-02 9.071469306945800781e-02 2.589318752288818359e-01
5.880570411682128906e-02 7.040429115295410156e-02 2.599437236785888672e-01
6.002283096313476562e-02 6.995129585266113281e-02 2.447524070739746094e-01
5.725979804992675781e-02 6.890511512756347656e-02 2.438514232635498047e-01
5.785727500915527344e-02 6.956577301025390625e-02 2.414090633392333984e-01
5.783963203430175781e-02 7.095432281494140625e-02 2.510316371917724609e-01
5.951070785522460938e-02 7.076573371887207031e-02 2.447421550750732422e-01
5.979418754577636719e-02 7.072114944458007812e-02 2.415416240692138672e-01
6.132912635803222656e-02 8.828830718994140625e-02 2.490999698638916016e-01
6.116580963134765625e-02 9.004235267639160156e-02 2.548422813415527344e-01
6.158804893493652344e-02 7.530689239501953125e-02 2.396209239959716797e-01
5.840325355529785156e-02 6.954503059387207031e-02 2.360880374908447266e-01
5.852055549621582031e-02 6.877088546752929688e-02 2.451784610748291016e-01
5.921196937561035156e-02 7.098007202148437500e-02 2.372951507568359375e-01
5.931115150451660156e-02 7.030653953552246094e-02 2.386007308959960938e-01
