7.477664947509765625e-02 1.108903884887695312e-01 2.864384651184082031e-01
5.820131301879882812e-02 7.118701934814453125e-02 2.748367786407470703e-01
5.951476097106933594e-02 7.121849060058593750e-02 2.761518955230712891e-01
6.050181388854980469e-02 7.115602493286132812e-02 2.671854496002197266e-01
6.186366081237792969e-02 9.044480323791503906e-02 2.651953697204589844e-01
6.154608726501464844e-02 9.096670150756835938e-02 2.733557224273681641e-01
6.199288368225097656e-02 8.999586105346679688e-02 2.650914192199707031e-01
5.832529067993164062e-02 7.152581214904785156e-02 2.624471187591552734e-01
5.927634239196777344e-02 7.152175903320312500e-02 2.623906135559082031e-01
6.231808662414550781e-02 9.133672714233398438e-02 2.631638050079345703e-01
5.852103233337402344e-02 7.115292549133300781e-02 2.550058364868164062e-01
6.304311752319335938e-02 9.035181999206542969e-02 2.599742412567138672e-01
6.343650817871093750e-02 9.181737899780273438e-02 2.622103691101074219e-01
6.007838249206542969e-02 7.149195671081542969e-02 2.528359889984130859e-01
5.977463722229003906e-02 7.102489471435546875e-02 2.558715343475341797e-01
6.312084197998046875e-02 9.169507026672363281e-02 2.541763782501220703e-01
6.031584739685058594e-02 7.330346107482910156e-02 2.546555995941162109e-01
5.971407890319824219e-02 7.106542587280273438e-02 2.519915103912353516e-01
6.235241889953613281e-02 9.069395065307617188e-02 2.631189823150634766e-01
5.958056449890136719e-02 7.130074501037597656e-02 2.633712291717529297e-01
5.783009529113769531e-02 7.187724113464355469e-02 2.539267539978027344e-01
6.208562850952148438e-02 9.211945533752441406e-02 2.528204917907714844e-01
6.153464317321777344e-02 9.175324440002441406e-02 2.543082237243652344e-01
6.151247024536132812e-02 9.075570106506347656e-02 2.605631351470947266e-01
6.161713600158691406e-02 9.149122238159179688e-02 2.545907497406005859e-01
6.200838088989257812e-02 9.293889999389648438e-02 2.580690383911132812e-01
5.991911888122558594e-02 7.635760307312011719e-02 2.547240257263183594e-01
6.115412712097167969e-02 9.495401382446289062e-02 2.554478645324707031e-01
6.322813034057617188e-02 9.523391723632812500e-02 2.554202079772949219e-01
6.337261199951171875e-02 9.491062164306640625e-02 2.593166828155517578e-01
6.334304809570312500e-02 9.664511680603027344e-02 2.660892009735107422e-01
6.264638900756835938e-02 9.721302986145019531e-02 2.560408115386962891e-01
6.200790405273437500e-02 9.567379951477050781e-02 2.547364234924316406e-01
6.151437759399414062e-02 9.776782989501953125e-02 2.567050457000732422e-01
6.134366989135742188e-02 9.545922279357910156e-02 2.548503875732421875e-01
6.143569946289062500e-02 9.885406494140625000e-02 2.590379714965820312e-01
5.960178375244140625e-02 8.163475990295410156e-02 2.565076351165771484e-01
