6.890273094177246094e-02 5.523955821990966797e-01 2.048892974853515625e-01
4.342579841613769531e-02 3.873360157012939453e-01 2.008724212646484375e-01
4.467272758483886719e-02 3.570299148559570312e-01 2.045009136199951172e-01
4.354214668273925781e-02 3.379004001617431641e-01 2.068960666656494141e-01
4.353952407836914062e-02 3.387863636016845703e-01 1.983227729797363281e-01
4.379224777221679688e-02 3.887369632720947266e-01 2.012720108032226562e-01
4.427957534790039062e-02 3.870871067047119141e-01 1.981091499328613281e-01
4.424071311950683594e-02 3.818418979644775391e-01 2.059652805328369141e-01
4.537296295166015625e-02 3.648021221160888672e-01 2.047135829925537109e-01
4.474592208862304688e-02 3.536877632141113281e-01 2.012155055999755859e-01
4.520678520202636719e-02 3.450810909271240234e-01 2.015042304992675781e-01
4.520177841186523438e-02 3.462824821472167969e-01 2.015407085418701172e-01
4.549765586853027344e-02 3.636109828948974609e-01 1.968393325805664062e-01
4.570317268371582031e-02 3.757615089416503906e-01 2.046303749084472656e-01
4.485940933227539062e-02 3.855473995208740234e-01 2.008235454559326172e-01
