5.028676986694335938e-02 6.555726528167724609e-01 2.148640155792236328e-01
4.820632934570312500e-02 6.680245399475097656e-01 2.027726173400878906e-01
4.768419265747070312e-02 6.808505058288574219e-01 2.216236591339111328e-01
4.734969139099121094e-02 6.956617832183837891e-01 2.152366638183593750e-01
4.884767532348632812e-02 7.088408470153808594e-01 2.120995521545410156e-01
4.888677597045898438e-02 7.111978530883789062e-01 2.065629959106445312e-01
4.899454116821289062e-02 7.062451839447021484e-01 2.213928699493408203e-01
4.734301567077636719e-02 7.058036327362060547e-01 2.029969692230224609e-01
4.750919342041015625e-02 6.892361640930175781e-01 2.211153507232666016e-01
4.755449295043945312e-02 6.870410442352294922e-01 2.045450210571289062e-01
4.762506484985351562e-02 6.902413368225097656e-01 2.100188732147216797e-01
4.765701293945312500e-02 6.892495155334472656e-01 1.976547241210937500e-01
