5.474638938903808594e-02 4.026191234588623047e-01 4.339919090270996094e-01
6.059813499450683594e-02 4.555795192718505859e-01 4.434955120086669922e-01
5.710434913635253906e-02 4.834539890289306641e-01 4.619438648223876953e-01
5.865502357482910156e-02 5.280606746673583984e-01 4.586846828460693359e-01
5.979824066162109375e-02 5.718109607696533203e-01 4.537892341613769531e-01
5.838561058044433594e-02 5.842633247375488281e-01 4.678361415863037109e-01
5.766177177429199219e-02 6.086115837097167969e-01 4.684495925903320312e-01
5.792045593261718750e-02 6.282253265380859375e-01 4.853739738464355469e-01
5.804109573364257812e-02 6.557097434997558594e-01 4.638571739196777344e-01
6.406760215759277344e-02 6.849725246429443359e-01 4.854378700256347656e-01
5.917572975158691406e-02 6.741752624511718750e-01 4.760670661926269531e-01
5.804109573364257812e-02 6.790080070495605469e-01 4.866607189178466797e-01
5.889248847961425781e-02 7.071063518524169922e-01 4.738268852233886719e-01
5.916881561279296875e-02 7.053537368774414062e-01 4.790830612182617188e-01
6.216502189636230469e-02 7.436962127685546875e-01 4.721477031707763672e-01
6.237888336181640625e-02 7.376034259796142578e-01 4.833872318267822266e-01
6.223773956298828125e-02 7.467989921569824219e-01 4.697394371032714844e-01
5.810475349426269531e-02 7.244861125946044922e-01 4.807040691375732422e-01
6.174182891845703125e-02 7.480180263519287109e-01 4.821472167968750000e-01
5.879545211791992188e-02 7.320671081542968750e-01 4.836244583129882812e-01
5.977630615234375000e-02 7.478783130645751953e-01 4.687285423278808594e-01
5.981945991516113281e-02 7.416999340057373047e-01 4.870576858520507812e-01
6.000208854675292969e-02 7.556760311126708984e-01 4.719145298004150391e-01
6.138396263122558594e-02 7.497804164886474609e-01 4.766862392425537109e-01
5.821585655212402344e-02 7.351243495941162109e-01 4.678812026977539062e-01
6.140613555908203125e-02 7.505137920379638672e-01 4.865634441375732422e-01
6.180334091186523438e-02 7.648034095764160156e-01 4.840099811553955078e-01
6.002545356750488281e-02 7.568001747131347656e-01 4.823021888732910156e-01
6.229853630065917969e-02 7.769179344177246094e-01 4.781382083892822266e-01
