5.051660537719726562e-02 5.311875343322753906e-01 2.067601680755615234e-01
4.463553428649902344e-02 3.968706130981445312e-01 2.016534805297851562e-01
4.507279396057128906e-02 3.131709098815917969e-01 1.978785991668701172e-01
4.525685310363769531e-02 2.708857059478759766e-01 1.976766586303710938e-01
4.396510124206542969e-02 2.478508949279785156e-01 1.997818946838378906e-01
4.410028457641601562e-02 2.420470714569091797e-01 1.955623626708984375e-01
4.405570030212402344e-02 2.444636821746826172e-01 1.964356899261474609e-01
4.498410224914550781e-02 2.432494163513183594e-01 1.970436573028564453e-01
4.343390464782714844e-02 2.399864196777343750e-01 1.952788829803466797e-01
4.357862472534179688e-02 2.387299537658691406e-01 2.021958827972412109e-01
4.420518875122070312e-02 2.431600093841552734e-01 1.964688301086425781e-01
4.406404495239257812e-02 2.445650100708007812e-01 2.028839588165283203e-01
4.486131668090820312e-02 2.553033828735351562e-01 1.976547241210937500e-01
4.489398002624511719e-02 2.629678249359130859e-01 2.004895210266113281e-01
4.412722587585449219e-02 2.730922698974609375e-01 1.957209110260009766e-01
4.480385780334472656e-02 2.713904380798339844e-01 1.973099708557128906e-01
4.508733749389648438e-02 2.724049091339111328e-01 1.948857307434082031e-01
4.419136047363281250e-02 2.618317604064941406e-01 1.957521438598632812e-01
4.408788681030273438e-02 2.682433128356933594e-01 1.976091861724853516e-01
4.459595680236816406e-02 2.770304679870605469e-01 1.981418132781982422e-01
4.425787925720214844e-02 2.649357318878173828e-01 2.023894786834716797e-01
