2.341389656066894531e-02 2.532684803009033203e-01 1.996936798095703125e-01
2.477216720581054688e-02 1.957297325134277344e-01 1.986069679260253906e-01
2.562999725341796875e-02 1.692144870758056641e-01 1.928071975708007812e-01
2.536511421203613281e-02 1.492407321929931641e-01 2.016861438751220703e-01
2.571558952331542969e-02 1.396441459655761719e-01 1.969826221466064453e-01
2.519679069519042969e-02 1.339128017425537109e-01 1.947457790374755859e-01
2.586174011230468750e-02 1.277925968170166016e-01 1.931943893432617188e-01
2.559661865234375000e-02 1.261284351348876953e-01 1.957368850708007812e-01
2.567172050476074219e-02 1.249074935913085938e-01 1.943268775939941406e-01
2.554988861083984375e-02 1.355051994323730469e-01 1.968328952789306641e-01
2.612447738647460938e-02 1.504895687103271484e-01 1.943976879119873047e-01
