7.465362548828125000e-02 4.833929538726806641e-01 4.573278427124023438e-01
6.141018867492675781e-02 4.855108261108398438e-01 4.650623798370361328e-01
6.265521049499511719e-02 4.903452396392822266e-01 4.641778469085693359e-01
5.992174148559570312e-02 4.641172885894775391e-01 4.610090255737304688e-01
6.179833412170410156e-02 4.902231693267822266e-01 4.690077304840087891e-01
6.210827827453613281e-02 4.940702915191650391e-01 4.591767787933349609e-01
6.190609931945800781e-02 4.943754673004150391e-01 4.594621658325195312e-01
6.134104728698730469e-02 4.865775108337402344e-01 4.642848968505859375e-01
6.159949302673339844e-02 4.952552318572998047e-01 4.540245532989501953e-01
5.902552604675292969e-02 4.700853824615478516e-01 4.577767848968505859e-01
5.910587310791015625e-02 4.721014499664306641e-01 4.592394828796386719e-01
