4.954791069030761719e-02 6.137235164642333984e-01 2.186865806579589844e-01
4.868602752685546875e-02 6.215519905090332031e-01 2.119510173797607422e-01
4.761886596679687500e-02 6.259403228759765625e-01 2.089240550994873047e-01
4.759192466735839844e-02 6.082949638366699219e-01 2.036163806915283203e-01
4.727935791015625000e-02 6.185286045074462891e-01 2.173812389373779297e-01
5.165839195251464844e-02 6.180498600006103516e-01 2.085831165313720703e-01
4.796266555786132812e-02 6.037118434906005859e-01 2.100589275360107422e-01
4.721879959106445312e-02 6.047697067260742188e-01 2.210168838500976562e-01
4.925394058227539062e-02 6.106004714965820312e-01 2.116315364837646484e-01
4.804325103759765625e-02 6.126282215118408203e-01 2.008440494537353516e-01
4.788637161254882812e-02 6.087744235992431641e-01 2.201838493347167969e-01
4.651975631713867188e-02 5.941371917724609375e-01 2.105422019958496094e-01
4.709649085998535156e-02 5.864291191101074219e-01 2.219741344451904297e-01
4.800057411193847656e-02 6.057162284851074219e-01 2.073619365692138672e-01
4.741406440734863281e-02 5.993530750274658203e-01 2.088575363159179688e-01
4.842305183410644531e-02 6.024749279022216797e-01 2.203114032745361328e-01
4.835987091064453125e-02 6.081197261810302734e-01 2.113184928894042969e-01
4.778480529785156250e-02 6.000518798828125000e-01 2.069580554962158203e-01
4.747033119201660156e-02 6.007351875305175781e-01 2.203600406646728516e-01
4.888010025024414062e-02 5.827550888061523438e-01 2.053732872009277344e-01
4.811429977416992188e-02 5.866751670837402344e-01 2.188415527343750000e-01
4.740834236145019531e-02 5.839438438415527344e-01 1.983542442321777344e-01
4.680943489074707031e-02 5.928778648376464844e-01 2.096152305603027344e-01
4.724526405334472656e-02 5.850856304168701172e-01 2.131521701812744141e-01
4.689693450927734375e-02 5.828418731689453125e-01 2.190449237823486328e-01
4.825687408447265625e-02 5.877814292907714844e-01 2.065382003784179688e-01
