4.788637161254882812e-02 1.634039878845214844e-01 1.945455074310302734e-01
3.393316268920898438e-02 1.112670898437500000e-01 1.989662647247314453e-01
3.439950942993164062e-02 1.115717887878417969e-01 1.914834976196289062e-01
3.448653221130371094e-02 1.102199554443359375e-01 1.982865333557128906e-01
3.463864326477050781e-02 1.112685203552246094e-01 1.920454502105712891e-01
3.436899185180664062e-02 1.127576828002929688e-01 2.020783424377441406e-01
3.461432456970214844e-02 1.063132286071777344e-01 1.913979053497314453e-01
3.426909446716308594e-02 1.032671928405761719e-01 2.008113861083984375e-01
3.432965278625488281e-02 1.064593791961669922e-01 1.921370029449462891e-01
3.460502624511718750e-02 1.046712398529052734e-01 1.968698501586914062e-01
3.409051895141601562e-02 1.022574901580810547e-01 2.036378383636474609e-01
3.569245338439941406e-02 9.873723983764648438e-02 2.034456729888916016e-01
