7.588529586791992188e-02 2.404575347900390625e-01 4.731285572052001953e-01
5.818152427673339844e-02 1.308460235595703125e-01 4.369404315948486328e-01
5.788707733154296875e-02 9.840679168701171875e-02 4.432322978973388672e-01
5.869150161743164062e-02 9.237384796142578125e-02 4.350452423095703125e-01
5.712723731994628906e-02 8.820772171020507812e-02 4.425408840179443359e-01
5.752897262573242188e-02 8.367681503295898438e-02 4.318850040435791016e-01
5.758190155029296875e-02 7.869935035705566406e-02 4.283154010772705078e-01
5.757427215576171875e-02 7.980012893676757812e-02 4.259691238403320312e-01
6.107258796691894531e-02 9.988355636596679688e-02 4.288628101348876953e-01
5.987215042114257812e-02 9.552478790283203125e-02 4.381141662597656250e-01
5.797863006591796875e-02 7.551693916320800781e-02 3.886651992797851562e-01
5.992126464843750000e-02 9.438157081604003906e-02 3.575463294982910156e-01
5.698108673095703125e-02 7.374596595764160156e-02 3.372910022735595703e-01
5.972909927368164062e-02 9.171032905578613281e-02 3.285119533538818359e-01
5.806803703308105469e-02 7.377743721008300781e-02 3.265337944030761719e-01
5.838727951049804688e-02 7.528686523437500000e-02 3.288030624389648438e-01
6.214046478271484375e-02 9.514689445495605469e-02 3.244647979736328125e-01
5.915427207946777344e-02 7.584404945373535156e-02 3.209674358367919922e-01
5.893278121948242188e-02 7.500004768371582031e-02 3.227944374084472656e-01
6.179380416870117188e-02 9.376573562622070312e-02 3.223333358764648438e-01
6.232810020446777344e-02 9.556436538696289062e-02 3.214581012725830078e-01
6.083965301513671875e-02 9.503459930419921875e-02 3.201930522918701172e-01
