3.457999229431152344e-02 2.238082885742187500e-01 2.120277881622314453e-01
2.727103233337402344e-02 1.079831123352050781e-01 2.127311229705810547e-01
2.742600440979003906e-02 8.930754661560058594e-02 2.064912319183349609e-01
2.680659294128417969e-02 8.806848526000976562e-02 2.128407955169677734e-01
2.705788612365722656e-02 1.058642864227294922e-01 2.117507457733154297e-01
2.776932716369628906e-02 1.044905185699462891e-01 2.115497589111328125e-01
2.777385711669921875e-02 1.160368919372558594e-01 2.100262641906738281e-01
2.756953239440917969e-02 9.668803215026855469e-02 2.137007713317871094e-01
2.727985382080078125e-02 9.064245223999023438e-02 2.071878910064697266e-01
2.644300460815429688e-02 9.482574462890625000e-02 2.146952152252197266e-01
2.735066413879394531e-02 9.045529365539550781e-02 2.060210704803466797e-01
2.670907974243164062e-02 8.444261550903320312e-02 2.115442752838134766e-01
2.682971954345703125e-02 8.483266830444335938e-02 2.054738998413085938e-01
2.660441398620605469e-02 8.133769035339355469e-02 2.126226425170898438e-01
