5.114579200744628906e-02 3.439698219299316406e-01 2.025811672210693359e-01
4.367446899414062500e-02 3.361160755157470703e-01 2.004241943359375000e-01
4.431223869323730469e-02 3.323352336883544922e-01 1.971702575683593750e-01
4.694366455078125000e-02 3.355162143707275391e-01 1.994040012359619141e-01
4.373860359191894531e-02 3.242397308349609375e-01 2.026045322418212891e-01
4.494953155517578125e-02 3.265719413757324219e-01 2.023775577545166016e-01
4.358744621276855469e-02 3.078079223632812500e-01 1.990280151367187500e-01
4.536485671997070312e-02 3.018586635589599609e-01 2.027382850646972656e-01
4.458951950073242188e-02 2.799651622772216797e-01 2.012310028076171875e-01
4.522752761840820312e-02 2.784397602081298828e-01 2.007052898406982422e-01
4.347062110900878906e-02 2.650966644287109375e-01 2.008500099182128906e-01
4.393625259399414062e-02 2.695047855377197266e-01 2.007331848144531250e-01
4.398512840270996094e-02 2.669663429260253906e-01 1.987349987030029297e-01
4.329156875610351562e-02 2.650682926177978516e-01 2.011818885803222656e-01
4.415774345397949219e-02 2.635011672973632812e-01 1.992957592010498047e-01
