8.044481277465820312e-02 5.758385658264160156e-01 4.752664566040039062e-01
5.851316452026367188e-02 5.195448398590087891e-01 4.674012660980224609e-01
6.313014030456542969e-02 5.456521511077880859e-01 4.675273895263671875e-01
6.335186958312988281e-02 5.405285358428955078e-01 4.757230281829833984e-01
6.247496604919433594e-02 5.612137317657470703e-01 4.778435230255126953e-01
6.169557571411132812e-02 5.600163936614990234e-01 4.725425243377685547e-01
6.153273582458496094e-02 5.814166069030761719e-01 4.676914215087890625e-01
5.897021293640136719e-02 5.688061714172363281e-01 4.695811271667480469e-01
6.034207344055175781e-02 6.150918006896972656e-01 4.733552932739257812e-01
6.147789955139160156e-02 6.241159439086914062e-01 4.794485569000244141e-01
6.176567077636718750e-02 6.429734230041503906e-01 4.767587184906005859e-01
