5.568408966064453125e-02 1.266570091247558594e-01 3.092463016510009766e-01
4.616785049438476562e-02 6.968116760253906250e-02 2.434291839599609375e-01
4.767990112304687500e-02 6.650376319885253906e-02 1.852805614471435547e-01
4.675197601318359375e-02 6.550836563110351562e-02 1.849651336669921875e-01
4.927611351013183594e-02 8.870029449462890625e-02 2.143776416778564453e-01
4.853510856628417969e-02 9.271550178527832031e-02 1.874749660491943359e-01
4.841494560241699219e-02 9.376406669616699219e-02 1.870172023773193359e-01
4.758048057556152344e-02 7.617163658142089844e-02 1.868095397949218750e-01
4.912352561950683594e-02 9.313368797302246094e-02 1.899418830871582031e-01
4.826593399047851562e-02 9.256005287170410156e-02 1.907551288604736328e-01
4.887580871582031250e-02 9.650611877441406250e-02 1.926894187927246094e-01
4.894471168518066406e-02 9.596443176269531250e-02 1.867539882659912109e-01
4.902172088623046875e-02 9.598660469055175781e-02 1.878981590270996094e-01
