7.996869087219238281e-02 6.045515537261962891e-01 2.190508842468261719e-01
5.530309677124023438e-02 5.914156436920166016e-01 2.306079864501953125e-01
5.391001701354980469e-02 6.046624183654785156e-01 2.233390808105468750e-01
5.391049385070800781e-02 5.989232063293457031e-01 2.251214981079101562e-01
5.511975288391113281e-02 6.146552562713623047e-01 2.242431640625000000e-01
5.412721633911132812e-02 6.136181354522705078e-01 2.234029769897460938e-01
5.525994300842285156e-02 6.236026287078857422e-01 2.193889617919921875e-01
5.488324165344238281e-02 6.254856586456298828e-01 2.253596782684326172e-01
5.596947669982910156e-02 6.356453895568847656e-01 2.197024822235107422e-01
5.637001991271972656e-02 6.379954814910888672e-01 2.198634147644042969e-01
5.528378486633300781e-02 6.229145526885986328e-01 2.216770648956298828e-01
5.529642105102539062e-02 6.317887306213378906e-01 2.203474044799804688e-01
5.625557899475097656e-02 6.350698471069335938e-01 2.211377620697021484e-01
5.522251129150390625e-02 6.333134174346923828e-01 2.179472446441650391e-01
5.648064613342285156e-02 6.409060955047607422e-01 2.203192710876464844e-01
5.560302734375000000e-02 6.347362995147705078e-01 2.275373935699462891e-01
5.608034133911132812e-02 6.365404129028320312e-01 2.278904914855957031e-01
5.537390708923339844e-02 6.292412281036376953e-01 2.260200977325439453e-01
