5.674457550048828125e-02 5.803518295288085938e-01 2.371573448181152344e-01
5.431318283081054688e-02 4.637291431427001953e-01 2.200906276702880859e-01
5.377054214477539062e-02 3.905189037322998047e-01 2.193300724029541016e-01
5.411338806152343750e-02 4.105627536773681641e-01 2.186958789825439453e-01
5.395865440368652344e-02 3.712317943572998047e-01 2.205729484558105469e-01
5.609917640686035156e-02 3.258213996887207031e-01 2.170493602752685547e-01
5.398321151733398438e-02 2.883090972900390625e-01 2.150156497955322266e-01
5.504560470581054688e-02 2.726562023162841797e-01 2.179520130157470703e-01
5.327439308166503906e-02 2.585759162902832031e-01 2.164084911346435547e-01
5.316853523254394531e-02 2.476456165313720703e-01 2.228262424468994141e-01
5.428743362426757812e-02 2.249143123626708984e-01 2.158315181732177734e-01
5.494904518127441406e-02 2.058186531066894531e-01 2.146503925323486328e-01
