7.789349555969238281e-02 1.213002204895019531e-01 4.377131462097167969e-01
5.949378013610839844e-02 9.053444862365722656e-02 3.498156070709228516e-01
6.027436256408691406e-02 9.180974960327148438e-02 3.341891765594482422e-01
5.868315696716308594e-02 7.083463668823242188e-02 3.116676807403564453e-01
6.095957756042480469e-02 9.204578399658203125e-02 2.976362705230712891e-01
5.849361419677734375e-02 6.827783584594726562e-02 2.588722705841064453e-01
6.032443046569824219e-02 8.613777160644531250e-02 2.355592250823974609e-01
5.869221687316894531e-02 6.854486465454101562e-02 2.396731376647949219e-01
5.909991264343261719e-02 6.902146339416503906e-02 2.325444221496582031e-01
5.913329124450683594e-02 6.888723373413085938e-02 2.318687438964843750e-01
5.940365791320800781e-02 6.971693038940429688e-02 2.402632236480712891e-01
