6.583809852600097656e-02 8.912625312805175781e-01 7.271947860717773438e-01
6.664085388183593750e-02 9.128708839416503906e-01 7.229590415954589844e-01
6.690239906311035156e-02 8.845319747924804688e-01 7.444956302642822266e-01
6.679320335388183594e-02 8.901925086975097656e-01 7.515058517456054688e-01
6.771302223205566406e-02 9.555196762084960938e-01 7.395060062408447266e-01
6.765842437744140625e-02 9.915714263916015625e-01 7.238070964813232422e-01
6.715869903564453125e-02 9.818809032440185547e-01 7.240912914276123047e-01
6.665110588073730469e-02 9.756114482879638672e-01 7.026863098144531250e-01
6.660079956054687500e-02 9.893090724945068359e-01 7.083408832550048828e-01
6.684017181396484375e-02 9.771044254302978516e-01 7.264499664306640625e-01
6.945228576660156250e-02 9.958870410919189453e-01 7.277491092681884766e-01
6.719446182250976562e-02 9.978933334350585938e-01 7.224841117858886719e-01
6.698894500732421875e-02 1.001234292984008789e+00 7.084546089172363281e-01
