7.541275024414062500e-02 1.225581169128417969e-01 1.597704887390136719e-01
4.422473907470703125e-02 7.289624214172363281e-02 1.567447185516357422e-01
4.522228240966796875e-02 7.162547111511230469e-02 1.546773910522460938e-01
4.603362083435058594e-02 7.335615158081054688e-02 1.339893341064453125e-01
4.715919494628906250e-02 7.887578010559082031e-02 1.278634071350097656e-01
4.515886306762695312e-02 6.872296333312988281e-02 1.223750114440917969e-01
4.732394218444824219e-02 7.277774810791015625e-02 1.108524799346923828e-01
4.710888862609863281e-02 7.082891464233398438e-02 1.001634597778320312e-01
4.727196693420410156e-02 7.183814048767089844e-02 9.855675697326660156e-02
4.740214347839355469e-02 7.736515998840332031e-02 1.024916172027587891e-01
4.732012748718261719e-02 7.252836227416992188e-02 9.870219230651855469e-02
4.606914520263671875e-02 6.860947608947753906e-02 9.738254547119140625e-02
