3.438830375671386719e-02 2.772328853607177734e-01 2.156598567962646484e-01
2.730703353881835938e-02 2.633728981018066406e-01 2.163357734680175781e-01
2.750420570373535156e-02 2.486352920532226562e-01 2.166378498077392578e-01
2.757573127746582031e-02 1.512639522552490234e-01 2.200222015380859375e-01
2.701497077941894531e-02 1.231460571289062500e-01 2.177999019622802734e-01
2.825784683227539062e-02 1.114556789398193359e-01 2.128777503967285156e-01
2.803158760070800781e-02 1.150236129760742188e-01 2.128775119781494141e-01
2.789020538330078125e-02 1.089298725128173828e-01 2.139463424682617188e-01
2.794003486633300781e-02 9.479880332946777344e-02 2.140507698059082031e-01
2.750945091247558594e-02 8.900237083435058594e-02 2.169878482818603516e-01
2.697205543518066406e-02 9.210634231567382812e-02 2.181808948516845703e-01
2.814674377441406250e-02 8.984756469726562500e-02 2.133910655975341797e-01
2.837300300598144531e-02 8.933782577514648438e-02 2.143495082855224609e-01
2.792167663574218750e-02 9.281110763549804688e-02 2.109313011169433594e-01
