4.914879798889160156e-02 3.514757156372070312e-01 2.110550403594970703e-01
4.946494102478027344e-02 4.418849945068359375e-01 2.019507884979248047e-01
4.792666435241699219e-02 4.042682647705078125e-01 2.070543766021728516e-01
4.699850082397460938e-02 4.311366081237792969e-01 2.000379562377929688e-01
4.660582542419433594e-02 4.348244667053222656e-01 2.012846469879150391e-01
4.663419723510742188e-02 4.535067081451416016e-01 2.006313800811767578e-01
4.704856872558593750e-02 4.581284523010253906e-01 2.129406929016113281e-01
4.814124107360839844e-02 5.067799091339111328e-01 2.019340991973876953e-01
4.863333702087402344e-02 5.169904232025146484e-01 2.033069133758544922e-01
4.827022552490234375e-02 5.031902790069580078e-01 2.027313709259033203e-01
4.856395721435546875e-02 5.271277427673339844e-01 2.072474956512451172e-01
