6.546282768249511719e-02 2.004742622375488281e-01 2.200863361358642578e-01
4.609966278076171875e-02 2.200756072998046875e-01 2.144310474395751953e-01
4.604554176330566406e-02 2.127082347869873047e-01 2.185721397399902344e-01
4.676008224487304688e-02 2.416369915008544922e-01 2.148621082305908203e-01
4.712963104248046875e-02 2.254724502563476562e-01 2.139029502868652344e-01
4.788899421691894531e-02 1.997809410095214844e-01 2.146136760711669922e-01
4.584646224975585938e-02 1.785633563995361328e-01 2.116949558258056641e-01
4.585480690002441406e-02 1.786394119262695312e-01 2.132282257080078125e-01
4.668092727661132812e-02 2.018742561340332031e-01 2.135789394378662109e-01
4.584264755249023438e-02 2.081966400146484375e-01 2.131242752075195312e-01
4.610610008239746094e-02 2.470228672027587891e-01 2.152080535888671875e-01
4.697728157043457031e-02 2.594351768493652344e-01 2.163603305816650391e-01
