6.292057037353515625e-02 4.192459583282470703e-01 2.167956829071044922e-01
4.538822174072265625e-02 3.786892890930175781e-01 2.135801315307617188e-01
4.608654975891113281e-02 3.779540061950683594e-01 2.141120433807373047e-01
4.631590843200683594e-02 3.682391643524169922e-01 2.113876342773437500e-01
4.656386375427246094e-02 3.616144657135009766e-01 2.182350158691406250e-01
4.720735549926757812e-02 3.589491844177246094e-01 2.150750160217285156e-01
4.597592353820800781e-02 3.499016761779785156e-01 2.111637592315673828e-01
4.592871665954589844e-02 3.493909835815429688e-01 2.135772705078125000e-01
4.604935646057128906e-02 3.519620895385742188e-01 2.138004302978515625e-01
4.718637466430664062e-02 3.555939197540283203e-01 2.135453224182128906e-01
4.761362075805664062e-02 3.639633655548095703e-01 2.154376506805419922e-01
