7.855534553527832031e-02 5.415585041046142578e-01 4.709024429321289062e-01
6.652927398681640625e-02 4.339876174926757812e-01 4.670619964599609375e-01
6.580424308776855469e-02 4.016122817993164062e-01 4.517204761505126953e-01
7.081770896911621094e-02 3.713030815124511719e-01 4.636979103088378906e-01
6.543183326721191406e-02 3.541398048400878906e-01 4.650866985321044922e-01
7.153224945068359375e-02 3.616693019866943359e-01 4.560732841491699219e-01
6.681680679321289062e-02 3.547718524932861328e-01 4.598391056060791016e-01
6.650996208190917969e-02 3.651337623596191406e-01 4.593808650970458984e-01
6.610059738159179688e-02 3.708281517028808594e-01 4.659507274627685547e-01
6.488656997680664062e-02 3.700647354125976562e-01 4.722993373870849609e-01
7.387518882751464844e-02 4.055335521697998047e-01 4.571583271026611328e-01
7.172775268554687500e-02 3.951082229614257812e-01 4.702572822570800781e-01
6.624984741210937500e-02 3.881807327270507812e-01 4.510846138000488281e-01
7.155084609985351562e-02 3.954885005950927734e-01 4.570915699005126953e-01
7.129907608032226562e-02 4.091618061065673828e-01 4.617414474487304688e-01
6.869602203369140625e-02 4.109864234924316406e-01 4.559841156005859375e-01
7.168388366699218750e-02 4.353783130645751953e-01 4.463331699371337891e-01
6.790804862976074219e-02 4.176387786865234375e-01 4.661591053009033203e-01
6.646490097045898438e-02 4.388401508331298828e-01 4.698722362518310547e-01
