6.028294563293457031e-02 2.288272380828857422e-01 2.006461620330810547e-01
4.506731033325195312e-02 1.898982524871826172e-01 1.907989978790283203e-01
4.443264007568359375e-02 1.687445640563964844e-01 1.949257850646972656e-01
4.380297660827636719e-02 1.512961387634277344e-01 1.939427852630615234e-01
4.502415657043457031e-02 1.475770473480224609e-01 1.994004249572753906e-01
4.532313346862792969e-02 1.317095756530761719e-01 1.940503120422363281e-01
4.513311386108398438e-02 1.183292865753173828e-01 1.977448463439941406e-01
4.568505287170410156e-02 1.264927387237548828e-01 1.956110000610351562e-01
4.549074172973632812e-02 1.148269176483154297e-01 1.938591003417968750e-01
4.523897171020507812e-02 1.161701679229736328e-01 1.892621517181396484e-01
4.537391662597656250e-02 1.152880191802978516e-01 1.938502788543701172e-01
