7.222580909729003906e-02 5.493535995483398438e-01 2.220206260681152344e-01
5.275869369506835938e-02 5.362219810485839844e-01 2.217202186584472656e-01
5.482578277587890625e-02 5.361084938049316406e-01 2.237641811370849609e-01
5.516433715820312500e-02 5.293056964874267578e-01 2.163088321685791016e-01
5.519223213195800781e-02 5.302782058715820312e-01 2.161388397216796875e-01
5.312585830688476562e-02 5.104722976684570312e-01 2.161319255828857422e-01
5.348205566406250000e-02 5.153303146362304688e-01 2.153484821319580078e-01
5.377769470214843750e-02 5.077340602874755859e-01 2.240364551544189453e-01
5.455374717712402344e-02 5.167899131774902344e-01 2.164158821105957031e-01
5.516672134399414062e-02 5.123050212860107422e-01 2.159116268157958984e-01
5.621433258056640625e-02 5.207951068878173828e-01 2.245910167694091797e-01
