7.500505447387695312e-02 1.784803867340087891e-01 2.188849449157714844e-01
4.578804969787597656e-02 1.036002635955810547e-01 2.111921310424804688e-01
4.483890533447265625e-02 1.280856132507324219e-01 2.143144607543945312e-01
4.631781578063964844e-02 2.042217254638671875e-01 2.134931087493896484e-01
4.596877098083496094e-02 2.201771736145019531e-01 2.193133831024169922e-01
4.581260681152343750e-02 1.910779476165771484e-01 2.193171977996826172e-01
4.599976539611816406e-02 1.493937969207763672e-01 2.120575904846191406e-01
4.598975181579589844e-02 1.242430210113525391e-01 2.192323207855224609e-01
4.668498039245605469e-02 1.046974658966064453e-01 2.133827209472656250e-01
4.642248153686523438e-02 9.792876243591308594e-02 2.161424160003662109e-01
4.596114158630371094e-02 9.052944183349609375e-02 2.110428810119628906e-01
4.652214050292968750e-02 8.998465538024902344e-02 2.097494602203369141e-01
