6.657409667968750000e-02 1.101286411285400391e-01 1.168537139892578125e-01
4.593038558959960938e-02 7.789134979248046875e-02 1.260473728179931641e-01
4.615592956542968750e-02 7.603049278259277344e-02 1.216056346893310547e-01
4.540419578552246094e-02 7.373476028442382812e-02 1.164755821228027344e-01
4.528760910034179688e-02 7.498311996459960938e-02 1.216320991516113281e-01
4.643607139587402344e-02 7.965302467346191406e-02 1.264617443084716797e-01
4.654192924499511719e-02 7.636642456054687500e-02 1.290688514709472656e-01
4.552602767944335938e-02 7.574295997619628906e-02 1.186656951904296875e-01
4.652094841003417969e-02 8.074283599853515625e-02 1.209230422973632812e-01
4.575848579406738281e-02 7.201194763183593750e-02 1.181168556213378906e-01
4.603552818298339844e-02 7.240486145019531250e-02 1.165018081665039062e-01
