6.049346923828125000e-02 9.953236579895019531e-02 1.106276512145996094e-01
4.632663726806640625e-02 7.108831405639648438e-02 1.037368774414062500e-01
4.514265060424804688e-02 7.320141792297363281e-02 1.052982807159423828e-01
4.527306556701660156e-02 6.918954849243164062e-02 1.047372817993164062e-01
4.948043823242187500e-02 7.590126991271972656e-02 1.103246212005615234e-01
4.674482345581054688e-02 7.151222229003906250e-02 1.036808490753173828e-01
4.475831985473632812e-02 6.842947006225585938e-02 1.054141521453857422e-01
4.784941673278808594e-02 7.295346260070800781e-02 1.088943481445312500e-01
4.896426200866699219e-02 8.078002929687500000e-02 1.059510707855224609e-01
4.573965072631835938e-02 6.836390495300292969e-02 1.040689945220947266e-01
4.962563514709472656e-02 7.392716407775878906e-02 1.040828227996826172e-01
4.688930511474609375e-02 6.917738914489746094e-02 1.028723716735839844e-01
4.757952690124511719e-02 7.244396209716796875e-02 1.043848991394042969e-01
4.627919197082519531e-02 6.878638267517089844e-02 1.026022434234619141e-01
4.781126976013183594e-02 7.381439208984375000e-02 1.039342880249023438e-01
4.871535301208496094e-02 7.335734367370605469e-02 1.023745536804199219e-01
4.700040817260742188e-02 6.976532936096191406e-02 1.037466526031494141e-01
