3.269028663635253906e-02 1.254043579101562500e-01 1.849033832550048828e-01
2.578568458557128906e-02 7.927036285400390625e-02 1.883304119110107422e-01
2.472114562988281250e-02 8.288764953613281250e-02 1.982300281524658203e-01
2.564978599548339844e-02 8.338022232055664062e-02 1.955139636993408203e-01
2.545642852783203125e-02 8.308100700378417969e-02 1.926546096801757812e-01
2.564740180969238281e-02 8.916497230529785156e-02 1.899719238281250000e-01
2.561283111572265625e-02 8.251786231994628906e-02 1.943817138671875000e-01
2.583909034729003906e-02 8.555126190185546875e-02 1.922540664672851562e-01
2.628445625305175781e-02 8.379340171813964844e-02 1.899092197418212891e-01
2.564549446105957031e-02 9.202718734741210938e-02 1.986744403839111328e-01
2.624678611755371094e-02 9.369277954101562500e-02 1.923298835754394531e-01
2.556562423706054688e-02 9.002232551574707031e-02 1.959726810455322266e-01
