4.905319213867187500e-02 9.238195419311523438e-02 2.076957225799560547e-01
4.669594764709472656e-02 8.394765853881835938e-02 2.047278881072998047e-01
4.807090759277343750e-02 8.099246025085449219e-02 2.101540565490722656e-01
4.662442207336425781e-02 7.899880409240722656e-02 1.689157485961914062e-01
4.652571678161621094e-02 7.877802848815917969e-02 1.867287158966064453e-01
4.745078086853027344e-02 8.108520507812500000e-02 1.742167472839355469e-01
4.734349250793457031e-02 7.678318023681640625e-02 1.737818717956542969e-01
4.755854606628417969e-02 8.337736129760742188e-02 1.749248504638671875e-01
4.761052131652832031e-02 8.288931846618652344e-02 1.776826381683349609e-01
4.726290702819824219e-02 9.141349792480468750e-02 1.770060062408447266e-01
4.747796058654785156e-02 8.969163894653320312e-02 1.815052032470703125e-01
