3.974032402038574219e-02 3.990449905395507812e-01 4.596972465515136719e-01
3.642582893371582031e-02 3.541486263275146484e-01 4.511008262634277344e-01
3.673267364501953125e-02 3.589880466461181641e-01 4.526627063751220703e-01
3.796601295471191406e-02 3.547985553741455078e-01 4.445114135742187500e-01
3.762197494506835938e-02 3.790910243988037109e-01 4.802036285400390625e-01
3.269124031066894531e-02 3.647882938385009766e-01 4.510216712951660156e-01
3.920507431030273438e-02 3.692665100097656250e-01 4.600629806518554688e-01
3.726840019226074219e-02 3.520493507385253906e-01 4.492361545562744141e-01
3.852128982543945312e-02 3.783495426177978516e-01 4.560492038726806641e-01
3.708529472351074219e-02 3.484315872192382812e-01 4.410138130187988281e-01
3.759098052978515625e-02 3.668668270111083984e-01 4.477257728576660156e-01
3.714132308959960938e-02 3.609633445739746094e-01 4.414231777191162109e-01
