4.007387161254882812e-02 3.973598480224609375e-01 2.145307064056396484e-01
2.744722366333007812e-02 3.091821670532226562e-01 2.149229049682617188e-01
2.691626548767089844e-02 2.926745414733886719e-01 2.152044773101806641e-01
2.637577056884765625e-02 2.779450416564941406e-01 2.124555110931396484e-01
2.647542953491210938e-02 2.644653320312500000e-01 2.149219512939453125e-01
2.633118629455566406e-02 2.616305351257324219e-01 2.135136127471923828e-01
2.681279182434082031e-02 2.668180465698242188e-01 2.131457328796386719e-01
2.690410614013671875e-02 2.555842399597167969e-01 2.444853782653808594e-01
2.679634094238281250e-02 2.402706146240234375e-01 2.128076553344726562e-01
2.719593048095703125e-02 2.289710044860839844e-01 2.137622833251953125e-01
2.659845352172851562e-02 2.171547412872314453e-01 2.106869220733642578e-01
