3.392100334167480469e-02 1.208100318908691406e-01 1.301388740539550781e-01
2.498221397399902344e-02 6.488633155822753906e-02 6.760764122009277344e-02
3.060364723205566406e-02 7.752418518066406250e-02 6.252813339233398438e-02
2.504110336303710938e-02 6.995105743408203125e-02 6.680154800415039062e-02
2.746176719665527344e-02 7.593321800231933594e-02 6.470441818237304688e-02
2.666878700256347656e-02 7.213115692138671875e-02 6.292104721069335938e-02
2.519440650939941406e-02 6.527018547058105469e-02 6.141233444213867188e-02
2.508425712585449219e-02 6.323194503784179688e-02 6.617212295532226562e-02
2.966046333312988281e-02 7.973194122314453125e-02 7.767677307128906250e-02
3.238177299499511719e-02 7.181096076965332031e-02 6.301164627075195312e-02
2.565598487854003906e-02 6.749010086059570312e-02 6.307554244995117188e-02
