7.690215110778808594e-02 6.009395122528076172e-01 2.053256034851074219e-01
5.131363868713378906e-02 5.731625556945800781e-01 2.034382820129394531e-01
5.271553993225097656e-02 6.037762165069580078e-01 2.029438018798828125e-01
5.194902420043945312e-02 6.201179027557373047e-01 2.085642814636230469e-01
5.315256118774414062e-02 6.366195678710937500e-01 2.022204399108886719e-01
5.315923690795898438e-02 6.495485305786132812e-01 2.039482593536376953e-01
5.331587791442871094e-02 6.538615226745605469e-01 2.005045413970947266e-01
5.300855636596679688e-02 6.404092311859130859e-01 2.065725326538085938e-01
5.319690704345703125e-02 6.359591484069824219e-01 1.959900856018066406e-01
5.339503288269042969e-02 6.336398124694824219e-01 2.015738487243652344e-01
5.232405662536621094e-02 6.333427429199218750e-01 1.973478794097900391e-01
5.458617210388183594e-02 6.569631099700927734e-01 2.039129734039306641e-01
5.268907546997070312e-02 6.506927013397216797e-01 2.003319263458251953e-01
5.270099639892578125e-02 6.528182029724121094e-01 2.105824947357177734e-01
5.039787292480468750e-02 6.410925388336181641e-01 1.996519565582275391e-01
5.268645286560058594e-02 6.532735824584960938e-01 2.045085430145263672e-01
5.357503890991210938e-02 6.515462398529052734e-01 1.996383666992187500e-01
5.302977561950683594e-02 6.448009014129638672e-01 2.065486907958984375e-01
5.277967453002929688e-02 6.373028755187988281e-01 1.971247196197509766e-01
5.392837524414062500e-02 6.451261043548583984e-01 2.036042213439941406e-01
5.499863624572753906e-02 6.542656421661376953e-01 1.964554786682128906e-01
5.402374267578125000e-02 6.350853443145751953e-01 2.030012607574462891e-01
5.366778373718261719e-02 6.222531795501708984e-01 1.944706439971923828e-01
5.447053909301757812e-02 6.545779705047607422e-01 2.035067081451416016e-01
5.361175537109375000e-02 5.967447757720947266e-01 2.000150680541992188e-01
