6.489634513854980469e-02 1.101586818695068359e-01 8.909773826599121094e-02
4.356479644775390625e-02 6.791257858276367188e-02 8.905339241027832031e-02
4.305434226989746094e-02 6.907010078430175781e-02 9.572243690490722656e-02
4.710698127746582031e-02 7.297921180725097656e-02 8.887815475463867188e-02
4.385185241699218750e-02 6.893253326416015625e-02 8.921027183532714844e-02
4.376244544982910156e-02 6.880474090576171875e-02 8.908891677856445312e-02
4.462242126464843750e-02 7.197141647338867188e-02 9.253597259521484375e-02
4.584980010986328125e-02 8.483099937438964844e-02 1.005682945251464844e-01
5.021524429321289062e-02 9.194755554199218750e-02 9.436297416687011719e-02
4.728984832763671875e-02 8.528590202331542969e-02 1.020638942718505859e-01
5.010581016540527344e-02 8.367443084716796875e-02 8.975958824157714844e-02
4.507374763488769531e-02 7.289338111877441406e-02 9.088730812072753906e-02
4.555606842041015625e-02 7.833552360534667969e-02 1.008734703063964844e-01
4.937267303466796875e-02 9.443998336791992188e-02 9.100770950317382812e-02
4.430937767028808594e-02 7.803726196289062500e-02 9.580063819885253906e-02
4.489755630493164062e-02 7.878828048706054688e-02 9.785914421081542969e-02
4.701209068298339844e-02 7.882499694824218750e-02 9.194469451904296875e-02
4.389572143554687500e-02 7.389760017395019531e-02 9.193563461303710938e-02
4.641699790954589844e-02 7.853603363037109375e-02 9.218049049377441406e-02
4.479575157165527344e-02 7.669067382812500000e-02 9.594392776489257812e-02
4.558801651000976562e-02 7.912826538085937500e-02 9.246015548706054688e-02
4.291772842407226562e-02 7.735490798950195312e-02 9.812569618225097656e-02
4.712462425231933594e-02 9.719777107238769531e-02 9.490633010864257812e-02
4.555749893188476562e-02 8.353042602539062500e-02 9.129738807678222656e-02
4.379463195800781250e-02 8.115959167480468750e-02 9.183478355407714844e-02
4.378151893615722656e-02 8.352494239807128906e-02 9.603261947631835938e-02
4.537510871887207031e-02 8.290314674377441406e-02 9.213209152221679688e-02
4.660749435424804688e-02 8.626842498779296875e-02 9.242939949035644531e-02
4.444360733032226562e-02 8.115458488464355469e-02 9.235215187072753906e-02
4.414224624633789062e-02 8.217072486877441406e-02 9.232735633850097656e-02
4.647421836853027344e-02 8.591508865356445312e-02 9.183883666992187500e-02
4.431080818176269531e-02 8.224749565124511719e-02 9.825229644775390625e-02
4.732561111450195312e-02 8.693695068359375000e-02 9.377336502075195312e-02
4.540371894836425781e-02 8.548402786254882812e-02 9.298276901245117188e-02
4.702162742614746094e-02 9.054517745971679688e-02 9.897208213806152344e-02
4.750061035156250000e-02 8.483624458312988281e-02 9.192371368408203125e-02
4.429459571838378906e-02 8.067965507507324219e-02 9.169077873229980469e-02
