7.903552055358886719e-02 1.879839897155761719e-01 1.967048645019531250e-01
4.460549354553222656e-02 2.101614475250244141e-01 2.043635845184326172e-01
4.568505287170410156e-02 2.726287841796875000e-01 1.969287395477294922e-01
4.567193984985351562e-02 2.260584831237792969e-01 1.959815025329589844e-01
4.452013969421386719e-02 2.171266078948974609e-01 2.034678459167480469e-01
4.398274421691894531e-02 2.124462127685546875e-01 2.031440734863281250e-01
4.563093185424804688e-02 2.174072265625000000e-01 2.021276950836181641e-01
1.119601726531982422e-01 2.555177211761474609e-01 2.072591781616210938e-01
4.480719566345214844e-02 2.016594409942626953e-01 1.987538337707519531e-01
4.493021965026855469e-02 2.115833759307861328e-01 2.028882503509521484e-01
4.405093193054199219e-02 2.313776016235351562e-01 2.052261829376220703e-01
4.451847076416015625e-02 2.629821300506591797e-01 2.041864395141601562e-01
4.449534416198730469e-02 2.581894397735595703e-01 1.989302635192871094e-01
4.441332817077636719e-02 2.357399463653564453e-01 2.045900821685791016e-01
4.421520233154296875e-02 2.003309726715087891e-01 1.974136829376220703e-01
4.417800903320312500e-02 1.769499778747558594e-01 1.959059238433837891e-01
4.466581344604492188e-02 1.797516345977783203e-01 2.038984298706054688e-01
4.528641700744628906e-02 1.696045398712158203e-01 1.959795951843261719e-01
4.515314102172851562e-02 1.567237377166748047e-01 2.020757198333740234e-01
4.513955116271972656e-02 1.494040489196777344e-01 1.974918842315673828e-01
