8.562302589416503906e-02 4.317560195922851562e-01 4.571413993835449219e-01
6.389451026916503906e-02 2.711155414581298828e-01 4.407005310058593750e-01
6.599354743957519531e-02 2.293801307678222656e-01 4.395697116851806641e-01
7.143735885620117188e-02 2.150444984436035156e-01 4.511218070983886719e-01
6.700706481933593750e-02 1.854300498962402344e-01 4.349131584167480469e-01
7.079052925109863281e-02 1.855185031890869141e-01 4.549164772033691406e-01
7.218980789184570312e-02 1.866388320922851562e-01 4.333124160766601562e-01
7.342886924743652344e-02 1.784408092498779297e-01 4.589333534240722656e-01
7.366728782653808594e-02 1.816143989562988281e-01 4.430706501007080078e-01
6.859421730041503906e-02 1.545057296752929688e-01 4.498934745788574219e-01
7.072663307189941406e-02 1.669721603393554688e-01 4.465124607086181641e-01
7.124400138854980469e-02 1.655364036560058594e-01 4.435985088348388672e-01
