6.443858146667480469e-02 4.039807319641113281e-01 1.973321437835693359e-01
4.411387443542480469e-02 3.525440692901611328e-01 2.102825641632080078e-01
4.540395736694335938e-02 3.538167476654052734e-01 1.960225105285644531e-01
4.556536674499511719e-02 3.497915267944335938e-01 2.039759159088134766e-01
4.561924934387207031e-02 3.378527164459228516e-01 1.994919776916503906e-01
4.558777809143066406e-02 3.444304466247558594e-01 2.091288566589355469e-01
4.612040519714355469e-02 3.431413173675537109e-01 1.992321014404296875e-01
4.524683952331542969e-02 3.329894542694091797e-01 2.047133445739746094e-01
4.485583305358886719e-02 3.219766616821289062e-01 1.973032951354980469e-01
4.582810401916503906e-02 3.325977325439453125e-01 2.072677612304687500e-01
4.537940025329589844e-02 3.248045444488525391e-01 1.984593868255615234e-01
