5.673503875732421875e-02 4.364998340606689453e-01 2.038128376007080078e-01
4.516053199768066406e-02 4.854285717010498047e-01 2.080817222595214844e-01
4.508757591247558594e-02 4.929683208465576172e-01 2.039716243743896484e-01
4.475259780883789062e-02 4.979872703552246094e-01 2.040226459503173828e-01
4.472422599792480469e-02 5.045073032379150391e-01 2.000381946563720703e-01
4.478478431701660156e-02 5.107910633087158203e-01 2.009427547454833984e-01
4.424977302551269531e-02 5.155949592590332031e-01 2.035346031188964844e-01
4.472947120666503906e-02 5.269453525543212891e-01 2.033395767211914062e-01
4.501390457153320312e-02 5.325288772583007812e-01 2.020545005798339844e-01
4.431080818176269531e-02 5.354928970336914062e-01 2.020971775054931641e-01
4.423570632934570312e-02 4.935827255249023438e-01 1.970565319061279297e-01
4.466891288757324219e-02 4.657473564147949219e-01 2.014434337615966797e-01
4.419684410095214844e-02 4.545683860778808594e-01 1.987178325653076172e-01
4.428863525390625000e-02 4.629116058349609375e-01 2.070639133453369141e-01
4.524660110473632812e-02 4.910564422607421875e-01 1.980695724487304688e-01
4.480838775634765625e-02 4.899644851684570312e-01 2.048120498657226562e-01
4.524540901184082031e-02 4.995315074920654297e-01 1.997623443603515625e-01
4.376339912414550781e-02 4.924774169921875000e-01 2.016336917877197266e-01
4.527449607849121094e-02 5.061635971069335938e-01 2.007057666778564453e-01
4.494833946228027344e-02 5.110416412353515625e-01 2.027051448822021484e-01
4.542279243469238281e-02 5.198612213134765625e-01 2.031972408294677734e-01
4.455852508544921875e-02 5.194268226623535156e-01 2.059848308563232422e-01
