4.041838645935058594e-02 4.018268585205078125e-01 2.027058601379394531e-01
2.641463279724121094e-02 3.913853168487548828e-01 1.978902816772460938e-01
2.583026885986328125e-02 4.792780876159667969e-01 2.020232677459716797e-01
2.645516395568847656e-02 5.428266525268554688e-01 1.991610527038574219e-01
2.623295783996582031e-02 5.382802486419677734e-01 2.009260654449462891e-01
2.610659599304199219e-02 4.599027633666992188e-01 1.989998817443847656e-01
2.540779113769531250e-02 4.135453701019287109e-01 2.055399417877197266e-01
2.586603164672851562e-02 3.895351886749267578e-01 1.975755691528320312e-01
2.561330795288085938e-02 3.667945861816406250e-01 1.995787620544433594e-01
2.548217773437500000e-02 3.633854389190673828e-01 1.984789371490478516e-01
2.571916580200195312e-02 3.580441474914550781e-01 1.998755931854248047e-01
