6.761837005615234375e-02 1.383826732635498047e-01 4.445657730102539062e-01
5.769634246826171875e-02 1.003723144531250000e-01 4.412503242492675781e-01
5.899739265441894531e-02 1.059410572052001953e-01 4.303364753723144531e-01
6.070470809936523438e-02 1.650829315185546875e-01 4.466505050659179688e-01
5.787396430969238281e-02 1.277809143066406250e-01 4.347493648529052734e-01
5.997753143310546875e-02 1.162450313568115234e-01 4.315943717956542969e-01
6.200337409973144531e-02 1.769003868103027344e-01 4.342234134674072266e-01
6.317830085754394531e-02 2.029414176940917969e-01 4.458973407745361328e-01
6.298828125000000000e-02 1.740128993988037109e-01 4.387936592102050781e-01
6.027841567993164062e-02 1.370990276336669922e-01 4.397737979888916016e-01
6.265330314636230469e-02 1.507246494293212891e-01 4.306187629699707031e-01
6.176805496215820312e-02 1.622452735900878906e-01 4.356498718261718750e-01
6.165933609008789062e-02 1.890382766723632812e-01 4.359445571899414062e-01
6.141138076782226562e-02 1.998789310455322266e-01 4.377467632293701172e-01
