3.850269317626953125e-02 4.112803936004638672e-01 2.220220565795898438e-01
2.788662910461425781e-02 3.550043106079101562e-01 2.190964221954345703e-01
2.719902992248535156e-02 3.498337268829345703e-01 2.138516902923583984e-01
2.751159667968750000e-02 3.526937961578369141e-01 2.194771766662597656e-01
2.715277671813964844e-02 3.490600585937500000e-01 2.201476097106933594e-01
2.713775634765625000e-02 3.532798290252685547e-01 2.195947170257568359e-01
2.731823921203613281e-02 3.517386913299560547e-01 2.181239128112792969e-01
2.723264694213867188e-02 3.480114936828613281e-01 2.143757343292236328e-01
2.726006507873535156e-02 3.452484607696533203e-01 2.137515544891357422e-01
2.732682228088378906e-02 3.493521213531494141e-01 2.210631370544433594e-01
2.794051170349121094e-02 3.475172519683837891e-01 2.168228626251220703e-01
2.627301216125488281e-02 3.334898948669433594e-01 2.145571708679199219e-01
2.769875526428222656e-02 3.291742801666259766e-01 2.119791507720947266e-01
2.716851234436035156e-02 3.319902420043945312e-01 2.191939353942871094e-01
2.786445617675781250e-02 3.256969451904296875e-01 2.138705253601074219e-01
2.725553512573242188e-02 3.202979564666748047e-01 2.210664749145507812e-01
2.823495864868164062e-02 3.218398094177246094e-01 2.145743370056152344e-01
2.771306037902832031e-02 3.151483535766601562e-01 2.141945362091064453e-01
2.856063842773437500e-02 3.295013904571533203e-01 2.175588607788085938e-01
2.799749374389648438e-02 3.169016838073730469e-01 2.139444351196289062e-01
2.763581275939941406e-02 3.149919509887695312e-01 2.198371887207031250e-01
