5.567836761474609375e-02 1.439568996429443359e-01 2.221372127532958984e-01
4.985404014587402344e-02 1.360998153686523438e-01 2.218630313873291016e-01
4.995489120483398438e-02 1.364524364471435547e-01 2.358584403991699219e-01
5.040979385375976562e-02 1.335160732269287109e-01 2.119789123535156250e-01
4.937863349914550781e-02 1.338512897491455078e-01 2.179338932037353516e-01
4.986906051635742188e-02 1.335654258728027344e-01 2.174942493438720703e-01
4.878330230712890625e-02 1.341943740844726562e-01 2.249710559844970703e-01
4.979610443115234375e-02 1.355402469635009766e-01 2.193543910980224609e-01
4.952239990234375000e-02 1.364526748657226562e-01 2.250728607177734375e-01
5.053806304931640625e-02 1.388859748840332031e-01 2.189569473266601562e-01
4.893398284912109375e-02 1.375892162322998047e-01 2.138948440551757812e-01
4.924917221069335938e-02 1.358349323272705078e-01 2.248284816741943359e-01
4.877471923828125000e-02 1.365332603454589844e-01 2.095868587493896484e-01
4.889464378356933594e-02 1.394057273864746094e-01 2.173805236816406250e-01
4.886150360107421875e-02 1.399269104003906250e-01 2.099900245666503906e-01
4.890799522399902344e-02 1.355957984924316406e-01 2.246072292327880859e-01
4.943275451660156250e-02 1.352601051330566406e-01 2.126855850219726562e-01
4.966664314270019531e-02 1.380774974822998047e-01 2.294805049896240234e-01
4.977393150329589844e-02 1.420583724975585938e-01 2.228159904479980469e-01
4.996943473815917969e-02 1.482105255126953125e-01 2.272264957427978516e-01
4.989695549011230469e-02 1.457147598266601562e-01 2.137491703033447266e-01
5.042886734008789062e-02 1.496684551239013672e-01 2.306194305419921875e-01
