3.147101402282714844e-02 6.510586738586425781e-01 2.138066291809082031e-01
2.978491783142089844e-02 6.461696624755859375e-01 2.241597175598144531e-01
3.003668785095214844e-02 6.396565437316894531e-01 2.364854812622070312e-01
3.024864196777343750e-02 6.571650505065917969e-01 2.242510318756103516e-01
2.982234954833984375e-02 6.308386325836181641e-01 2.329285144805908203e-01
3.015446662902832031e-02 6.370217800140380859e-01 2.360107898712158203e-01
3.060102462768554688e-02 6.266102790832519531e-01 2.316081523895263672e-01
3.075289726257324219e-02 6.306748390197753906e-01 2.252833843231201172e-01
3.074693679809570312e-02 6.321055889129638672e-01 2.212376594543457031e-01
3.107786178588867188e-02 6.356086730957031250e-01 2.315509319305419922e-01
3.048896789550781250e-02 6.226670742034912109e-01 2.327597141265869141e-01
2.906727790832519531e-02 6.168611049652099609e-01 2.214257717132568359e-01
2.920079231262207031e-02 6.150863170623779297e-01 2.349424362182617188e-01
2.996683120727539062e-02 6.174428462982177734e-01 2.214062213897705078e-01
2.985787391662597656e-02 6.135892868041992188e-01 2.227916717529296875e-01
3.007745742797851562e-02 6.182105541229248047e-01 2.202670574188232422e-01
2.995252609252929688e-02 6.269254684448242188e-01 2.381629943847656250e-01
3.010916709899902344e-02 6.305062770843505859e-01 2.364375591278076172e-01
3.050851821899414062e-02 6.309723854064941406e-01 2.203271389007568359e-01
3.033661842346191406e-02 6.378941535949707031e-01 2.310719490051269531e-01
3.022861480712890625e-02 6.381030082702636719e-01 2.274229526519775391e-01
3.016424179077148438e-02 6.397652626037597656e-01 2.216718196868896484e-01
2.995753288269042969e-02 6.390302181243896484e-01 2.221674919128417969e-01
2.992439270019531250e-02 6.364414691925048828e-01 2.225327491760253906e-01
2.956795692443847656e-02 6.512725353240966797e-01 2.259023189544677734e-01
3.010392189025878906e-02 6.763908863067626953e-01 2.223801612854003906e-01
2.992510795593261719e-02 6.495356559753417969e-01 2.376005649566650391e-01
3.090429306030273438e-02 6.603319644927978516e-01 2.245867252349853516e-01
3.006744384765625000e-02 6.502442359924316406e-01 2.230618000030517578e-01
2.950763702392578125e-02 6.562314033508300781e-01 2.326979637145996094e-01
2.974939346313476562e-02 6.706604957580566406e-01 2.337486743927001953e-01
3.053450584411621094e-02 6.789124011993408203e-01 2.277688980102539062e-01
3.035783767700195312e-02 6.817226409912109375e-01 2.372796535491943359e-01
3.070473670959472656e-02 6.959986686706542969e-01 2.278566360473632812e-01
3.086590766906738281e-02 6.911821365356445312e-01 2.388248443603515625e-01
3.102135658264160156e-02 6.891639232635498047e-01 2.283341884613037109e-01
3.097486495971679688e-02 6.885151863098144531e-01 2.373917102813720703e-01
3.032517433166503906e-02 6.937079429626464844e-01 2.269215583801269531e-01
3.014278411865234375e-02 6.971156597137451172e-01 2.259745597839355469e-01
