6.502985954284667969e-02 5.089983940124511719e-01 2.249407768249511719e-01
4.960870742797851562e-02 3.328120708465576172e-01 2.240371704101562500e-01
4.956507682800292969e-02 2.828378677368164062e-01 2.379937171936035156e-01
5.144929885864257812e-02 2.296595573425292969e-01 2.333514690399169922e-01
5.027818679809570312e-02 1.973845958709716797e-01 2.335879802703857422e-01
5.083799362182617188e-02 1.960990428924560547e-01 2.347767353057861328e-01
5.243659019470214844e-02 2.058539390563964844e-01 2.349026203155517578e-01
4.978823661804199219e-02 2.191183567047119141e-01 2.244162559509277344e-01
4.962396621704101562e-02 2.277040481567382812e-01 2.241058349609375000e-01
5.265212059020996094e-02 2.473163604736328125e-01 2.248847484588623047e-01
4.982209205627441406e-02 2.673020362854003906e-01 2.231564521789550781e-01
4.979944229125976562e-02 2.688498497009277344e-01 2.238326072692871094e-01
4.973268508911132812e-02 2.793447971343994141e-01 2.232646942138671875e-01
4.967141151428222656e-02 2.810108661651611328e-01 2.228984832763671875e-01
4.995489120483398438e-02 3.082680702209472656e-01 2.244098186492919922e-01
5.001425743103027344e-02 3.290801048278808594e-01 2.345726490020751953e-01
4.959273338317871094e-02 3.091993331909179688e-01 2.245528697967529297e-01
4.954242706298828125e-02 3.098225593566894531e-01 2.281534671783447266e-01
5.000424385070800781e-02 3.610348701477050781e-01 2.354476451873779297e-01
