9.938597679138183594e-02 1.649909019470214844e-01 4.330241680145263672e-01
6.592965126037597656e-02 1.372344493865966797e-01 4.459137916564941406e-01
6.528043746948242188e-02 1.502935886383056641e-01 4.295446872711181641e-01
6.649494171142578125e-02 1.601240634918212891e-01 4.366466999053955078e-01
7.152795791625976562e-02 1.835484504699707031e-01 4.444391727447509766e-01
6.759881973266601562e-02 1.628057956695556641e-01 4.333770275115966797e-01
6.707406044006347656e-02 1.622502803802490234e-01 4.428386688232421875e-01
6.948137283325195312e-02 1.610817909240722656e-01 4.353060722351074219e-01
7.223534584045410156e-02 1.778342723846435547e-01 4.394586086273193359e-01
6.715965270996093750e-02 1.581246852874755859e-01 4.410266876220703125e-01
7.158470153808593750e-02 1.809546947479248047e-01 4.362981319427490234e-01
7.162427902221679688e-02 1.768348217010498047e-01 4.301881790161132812e-01
7.077646255493164062e-02 1.784341335296630859e-01 4.449968338012695312e-01
6.827330589294433594e-02 1.592128276824951172e-01 4.341709613800048828e-01
