9.048080444335937500e-02 1.656711101531982422e-01 1.991643905639648438e-01
5.085110664367675781e-02 1.302776336669921875e-01 1.937322616577148438e-01
5.334758758544921875e-02 1.386625766754150391e-01 1.967773437500000000e-01
5.203080177307128906e-02 1.369607448577880859e-01 1.919977664947509766e-01
5.206108093261718750e-02 1.428995132446289062e-01 2.051854133605957031e-01
5.234932899475097656e-02 1.425256729125976562e-01 1.922774314880371094e-01
5.278110504150390625e-02 1.396088600158691406e-01 2.062587738037109375e-01
5.457305908203125000e-02 1.476597785949707031e-01 1.920044422149658203e-01
5.518078804016113281e-02 1.486642360687255859e-01 2.016873359680175781e-01
5.184602737426757812e-02 1.281359195709228516e-01 1.917061805725097656e-01
5.460143089294433594e-02 1.326746940612792969e-01 2.054657936096191406e-01
