6.685829162597656250e-02 1.915550231933593750e-01 5.788252353668212891e-01
6.667852401733398438e-02 2.177863121032714844e-01 5.755083560943603516e-01
6.715250015258789062e-02 2.556767463684082031e-01 5.810973644256591797e-01
6.752848625183105469e-02 2.913761138916015625e-01 5.600528717041015625e-01
6.704664230346679688e-02 3.316078186035156250e-01 5.974299907684326172e-01
6.685256958007812500e-02 3.553471565246582031e-01 6.219186782836914062e-01
7.687020301818847656e-02 3.997132778167724609e-01 6.453142166137695312e-01
6.705760955810546875e-02 4.159603118896484375e-01 6.377401351928710938e-01
6.713199615478515625e-02 4.317030906677246094e-01 6.436870098114013672e-01
6.726861000061035156e-02 4.524419307708740234e-01 6.410386562347412109e-01
6.727218627929687500e-02 4.630594253540039062e-01 6.443278789520263672e-01
6.728315353393554688e-02 4.881103038787841797e-01 6.544518470764160156e-01
6.688570976257324219e-02 4.938697814941406250e-01 6.836500167846679688e-01
6.768012046813964844e-02 5.260045528411865234e-01 6.749331951141357422e-01
6.753420829772949219e-02 5.420000553131103516e-01 6.625010967254638672e-01
6.790828704833984375e-02 5.576875209808349609e-01 6.458146572113037109e-01
6.783723831176757812e-02 5.749714374542236328e-01 6.789507865905761719e-01
6.764864921569824219e-02 5.750782489776611328e-01 6.899027824401855469e-01
6.725621223449707031e-02 5.963335037231445312e-01 6.770184040069580078e-01
6.780266761779785156e-02 6.152937412261962891e-01 6.753976345062255859e-01
6.713032722473144531e-02 6.533219814300537109e-01 6.891720294952392578e-01
6.721258163452148438e-02 6.679475307464599609e-01 6.937539577484130859e-01
6.692314147949218750e-02 6.868076324462890625e-01 7.001981735229492188e-01
6.773161888122558594e-02 7.094962596893310547e-01 6.840581893920898438e-01
6.714367866516113281e-02 7.176234722137451172e-01 6.999008655548095703e-01
6.726932525634765625e-02 7.289450168609619141e-01 6.895565986633300781e-01
