6.443548202514648438e-02 1.134600639343261719e-01 1.320142745971679688e-01
4.402565956115722656e-02 6.940054893493652344e-02 1.197962760925292969e-01
4.609322547912597656e-02 7.098269462585449219e-02 1.117484569549560547e-01
4.540777206420898438e-02 7.213068008422851562e-02 1.057138442993164062e-01
4.466819763183593750e-02 6.908535957336425781e-02 9.880352020263671875e-02
4.486632347106933594e-02 6.833219528198242188e-02 9.990358352661132812e-02
4.730725288391113281e-02 8.356809616088867188e-02 1.007237434387207031e-01
4.630994796752929688e-02 7.299804687500000000e-02 1.053712368011474609e-01
4.897069931030273438e-02 7.976078987121582031e-02 1.051754951477050781e-01
4.717659950256347656e-02 7.329249382019042969e-02 1.008739471435546875e-01
4.507875442504882812e-02 7.022833824157714844e-02 1.001949310302734375e-01
4.617214202880859375e-02 7.061147689819335938e-02 1.013696193695068359e-01
4.908490180969238281e-02 7.170915603637695312e-02 1.004686355590820312e-01
4.869246482849121094e-02 8.025646209716796875e-02 1.010560989379882812e-01
4.649710655212402344e-02 7.195758819580078125e-02 1.005139350891113281e-01
4.567742347717285156e-02 7.163596153259277344e-02 1.019964218139648438e-01
4.625153541564941406e-02 7.206153869628906250e-02 1.008598804473876953e-01
4.621839523315429688e-02 7.394361495971679688e-02 1.005628108978271484e-01
4.817795753479003906e-02 8.234834671020507812e-02 1.056809425354003906e-01
4.736852645874023438e-02 7.386684417724609375e-02 1.014759540557861328e-01
