6.754064559936523438e-02 3.035867214202880859e-01 4.477875232696533203e-01
5.758357048034667969e-02 2.681400775909423828e-01 4.453179836273193359e-01
6.092619895935058594e-02 2.722859382629394531e-01 4.506070613861083984e-01
6.232428550720214844e-02 2.591023445129394531e-01 4.379444122314453125e-01
5.837821960449218750e-02 2.121675014495849609e-01 4.391901493072509766e-01
6.065058708190917969e-02 2.216868400573730469e-01 4.410464763641357422e-01
5.803251266479492188e-02 1.825840473175048828e-01 4.443349838256835938e-01
6.004810333251953125e-02 1.908330917358398438e-01 4.350624084472656250e-01
6.027293205261230469e-02 1.990706920623779297e-01 4.438393115997314453e-01
5.880975723266601562e-02 1.824259757995605469e-01 4.357168674468994141e-01
6.200170516967773438e-02 2.047245502471923828e-01 4.524269104003906250e-01
