3.615355491638183594e-02 1.305241584777832031e-01 1.351439952850341797e-01
2.696728706359863281e-02 7.187294960021972656e-02 1.356287002563476562e-01
2.721667289733886719e-02 7.970285415649414062e-02 1.553544998168945312e-01
2.728915214538574219e-02 7.133650779724121094e-02 1.377954483032226562e-01
2.718782424926757812e-02 7.706332206726074219e-02 1.544156074523925781e-01
2.728605270385742188e-02 7.642054557800292969e-02 1.369321346282958984e-01
2.749013900756835938e-02 7.014775276184082031e-02 1.342108249664306641e-01
2.724146842956542969e-02 7.464170455932617188e-02 1.381938457489013672e-01
2.727675437927246094e-02 7.189774513244628906e-02 1.348729133605957031e-01
2.697491645812988281e-02 7.098388671875000000e-02 1.359272003173828125e-01
2.802419662475585938e-02 7.286548614501953125e-02 1.360666751861572266e-01
2.759027481079101562e-02 7.079267501831054688e-02 1.362643241882324219e-01
2.777504920959472656e-02 7.187032699584960938e-02 1.352515220642089844e-01
