3.099608421325683594e-02 4.171388149261474609e-01 1.980278491973876953e-01
2.645540237426757812e-02 4.279861450195312500e-01 2.068989276885986328e-01
2.683091163635253906e-02 4.539682865142822266e-01 1.985938549041748047e-01
2.731561660766601562e-02 4.606862068176269531e-01 1.971902847290039062e-01
2.696537971496582031e-02 4.671952724456787109e-01 1.985759735107421875e-01
2.738475799560546875e-02 4.678785800933837891e-01 2.013318538665771484e-01
2.798461914062500000e-02 4.834406375885009766e-01 2.004408836364746094e-01
2.722048759460449219e-02 4.741499423980712891e-01 1.954154968261718750e-01
2.701854705810546875e-02 4.649021625518798828e-01 1.984753608703613281e-01
2.707600593566894531e-02 4.465703964233398438e-01 2.006599903106689453e-01
2.644991874694824219e-02 4.355914592742919922e-01 1.973273754119873047e-01
2.635359764099121094e-02 4.238166809082031250e-01 1.969361305236816406e-01
2.720499038696289062e-02 4.315822124481201172e-01 1.998388767242431641e-01
2.706575393676757812e-02 4.372105598449707031e-01 1.982097625732421875e-01
