2.600080966949462891e-01 2.999863624572753906e-01 4.531021118164062500e-01
6.150174140930175781e-02 2.354860305786132812e-01 4.427547454833984375e-01
5.986118316650390625e-02 1.852729320526123047e-01 4.245071411132812500e-01
5.780458450317382812e-02 1.339681148529052734e-01 4.288308620452880859e-01
5.950093269348144531e-02 1.403074264526367188e-01 4.424023628234863281e-01
1.131968498229980469e-01 1.630258560180664062e-01 4.296967983245849609e-01
6.161427497863769531e-02 1.291606426239013672e-01 4.261043071746826172e-01
6.147074699401855469e-02 1.260538101196289062e-01 4.458038806915283203e-01
5.925989151000976562e-02 1.103522777557373047e-01 4.301507472991943359e-01
6.069326400756835938e-02 1.152267456054687500e-01 4.319722652435302734e-01
6.152510643005371094e-02 1.363811492919921875e-01 4.340713024139404297e-01
5.902767181396484375e-02 1.264586448669433594e-01 4.347760677337646484e-01
5.997538566589355469e-02 1.311154365539550781e-01 4.251203536987304688e-01
5.938601493835449219e-02 1.380989551544189453e-01 4.408335685729980469e-01
6.123328208923339844e-02 1.615130901336669922e-01 4.276282787322998047e-01
