7.402849197387695312e-02 6.192157268524169922e-01 4.599945545196533203e-01
6.037902832031250000e-02 5.379514694213867188e-01 4.630122184753417969e-01
5.752658843994140625e-02 5.099511146545410156e-01 4.737162590026855469e-01
6.110620498657226562e-02 5.630559921264648438e-01 4.584019184112548828e-01
5.918145179748535156e-02 5.716469287872314453e-01 4.683966636657714844e-01
5.942916870117187500e-02 6.308138370513916016e-01 4.748356342315673828e-01
5.934453010559082031e-02 6.815843582153320312e-01 4.771654605865478516e-01
6.155252456665039062e-02 7.006318569183349609e-01 4.691066741943359375e-01
6.165027618408203125e-02 7.296326160430908203e-01 4.806611537933349609e-01
6.268763542175292969e-02 7.135601043701171875e-01 4.775946140289306641e-01
6.273317337036132812e-02 7.325174808502197266e-01 4.726150035858154297e-01
6.353187561035156250e-02 7.563796043395996094e-01 4.771060943603515625e-01
