9.070611000061035156e-02 6.361000537872314453e-01 4.880828857421875000e-01
6.517434120178222656e-02 6.032240390777587891e-01 5.000121593475341797e-01
7.263922691345214844e-02 6.408655643463134766e-01 4.919903278350830078e-01
6.794357299804687500e-02 6.179120540618896484e-01 4.895460605621337891e-01
7.310056686401367188e-02 6.529417037963867188e-01 4.881765842437744141e-01
7.334256172180175781e-02 6.461708545684814453e-01 4.842579364776611328e-01
7.045650482177734375e-02 6.201567649841308594e-01 4.898788928985595703e-01
7.211327552795410156e-02 6.066794395446777344e-01 4.818625450134277344e-01
6.667709350585937500e-02 5.894441604614257812e-01 4.822802543640136719e-01
7.161784172058105469e-02 5.904989242553710938e-01 4.810299873352050781e-01
7.087779045104980469e-02 5.974309444427490234e-01 4.936552047729492188e-01
6.727600097656250000e-02 5.800976753234863281e-01 4.911351203918457031e-01
6.622076034545898438e-02 5.806643962860107422e-01 4.864671230316162109e-01
6.693959236145019531e-02 5.700955390930175781e-01 4.736242294311523438e-01
7.061243057250976562e-02 5.844228267669677734e-01 4.812159538269042969e-01
7.002401351928710938e-02 5.728063583374023438e-01 4.771237373352050781e-01
