6.155753135681152344e-02 2.159359455108642578e-01 4.404361248016357422e-01
6.437540054321289062e-02 1.890323162078857422e-01 4.519364833831787109e-01
7.105731964111328125e-02 1.958217620849609375e-01 4.271411895751953125e-01
7.070970535278320312e-02 2.133011817932128906e-01 4.456028938293457031e-01
6.694126129150390625e-02 2.013819217681884766e-01 4.364960193634033203e-01
6.527042388916015625e-02 2.317876815795898438e-01 4.440181255340576172e-01
6.488656997680664062e-02 2.815921306610107422e-01 4.425370693206787109e-01
7.141876220703125000e-02 2.516775131225585938e-01 4.542353153228759766e-01
6.726479530334472656e-02 2.553696632385253906e-01 4.374582767486572266e-01
6.766200065612792969e-02 2.608129978179931641e-01 4.491851329803466797e-01
6.968235969543457031e-02 2.804989814758300781e-01 4.461896419525146484e-01
7.171010971069335938e-02 3.254163265228271484e-01 4.535162448883056641e-01
6.807351112365722656e-02 3.274168968200683594e-01 4.563541412353515625e-01
7.339596748352050781e-02 3.605973720550537109e-01 4.470496177673339844e-01
7.268643379211425781e-02 3.791787624359130859e-01 4.347786903381347656e-01
7.204461097717285156e-02 3.537511825561523438e-01 4.583778381347656250e-01
