7.741951942443847656e-02 1.185796260833740234e-01 4.393100738525390625e-01
6.476926803588867188e-02 8.232808113098144531e-02 4.246866703033447266e-01
6.719493865966796875e-02 8.182358741760253906e-02 4.329545497894287109e-01
6.983661651611328125e-02 9.352087974548339844e-02 4.321873188018798828e-01
7.032132148742675781e-02 9.562110900878906250e-02 4.334249496459960938e-01
7.146739959716796875e-02 9.390902519226074219e-02 3.603155612945556641e-01
6.979084014892578125e-02 9.002423286437988281e-02 3.334543704986572266e-01
6.726884841918945312e-02 7.402563095092773438e-02 2.912824153900146484e-01
6.992745399475097656e-02 8.743095397949218750e-02 2.837240695953369141e-01
7.004356384277343750e-02 8.896946907043457031e-02 2.749929428100585938e-01
6.710553169250488281e-02 7.100129127502441406e-02 2.751905918121337891e-01
6.431460380554199219e-02 7.153153419494628906e-02 2.710092067718505859e-01
6.441998481750488281e-02 7.073020935058593750e-02 2.673904895782470703e-01
7.051181793212890625e-02 8.938479423522949219e-02 2.756121158599853516e-01
7.301592826843261719e-02 9.322333335876464844e-02 2.743601799011230469e-01
7.334089279174804688e-02 9.239768981933593750e-02 2.697961330413818359e-01
7.184290885925292969e-02 8.897900581359863281e-02 2.773666381835937500e-01
6.698799133300781250e-02 7.169055938720703125e-02 2.661261558532714844e-01
6.993150711059570312e-02 8.526730537414550781e-02 2.691280841827392578e-01
6.897115707397460938e-02 8.658671379089355469e-02 2.766876220703125000e-01
7.009220123291015625e-02 8.783292770385742188e-02 2.676699161529541016e-01
6.967473030090332031e-02 8.863425254821777344e-02 2.664265632629394531e-01
