6.656050682067871094e-02 1.284360885620117188e-01 5.740668773651123047e-01
6.651091575622558594e-02 1.121175289154052734e-01 5.415446758270263672e-01
6.709551811218261719e-02 9.764981269836425781e-02 5.473792552947998047e-01
6.692504882812500000e-02 9.632706642150878906e-02 5.411393642425537109e-01
6.680512428283691406e-02 8.477759361267089844e-02 5.581159591674804688e-01
6.707406044006347656e-02 7.714915275573730469e-02 3.761606216430664062e-01
6.679701805114746094e-02 7.224631309509277344e-02 3.283317089080810547e-01
6.848359107971191406e-02 7.682299613952636719e-02 2.815697193145751953e-01
6.692051887512207031e-02 6.981539726257324219e-02 3.001010417938232422e-01
6.656432151794433594e-02 6.858229637145996094e-02 2.908408641815185547e-01
7.080769538879394531e-02 9.349465370178222656e-02 2.777872085571289062e-01
6.687664985656738281e-02 7.063961029052734375e-02 2.879443168640136719e-01
6.879043579101562500e-02 7.617235183715820312e-02 2.924017906188964844e-01
6.692695617675781250e-02 6.986737251281738281e-02 2.821102142333984375e-01
6.974911689758300781e-02 6.983518600463867188e-02 2.875645160675048828e-01
6.665945053100585938e-02 7.001090049743652344e-02 2.890198230743408203e-01
6.900310516357421875e-02 7.570004463195800781e-02 2.883248329162597656e-01
6.675672531127929688e-02 6.923675537109375000e-02 2.903647422790527344e-01
6.709432601928710938e-02 7.030892372131347656e-02 2.814009189605712891e-01
7.012867927551269531e-02 7.088136672973632812e-02 2.886807918548583984e-01
6.723165512084960938e-02 7.078790664672851562e-02 2.910468578338623047e-01
6.707549095153808594e-02 7.170462608337402344e-02 2.741951942443847656e-01
6.833982467651367188e-02 7.772445678710937500e-02 2.661447525024414062e-01
6.677722930908203125e-02 7.227158546447753906e-02 2.834043502807617188e-01
6.651186943054199219e-02 7.185602188110351562e-02 2.796626091003417969e-01
6.666445732116699219e-02 7.302737236022949219e-02 2.742722034454345703e-01
6.679272651672363281e-02 7.246041297912597656e-02 2.682726383209228516e-01
6.673884391784667969e-02 7.228398323059082031e-02 2.858576774597167969e-01
6.954979896545410156e-02 7.615756988525390625e-02 2.940690517425537109e-01
6.688308715820312500e-02 7.247996330261230469e-02 2.790973186492919922e-01
6.694650650024414062e-02 7.312035560607910156e-02 2.895290851593017578e-01
6.750512123107910156e-02 7.459330558776855469e-02 2.908561229705810547e-01
