7.199907302856445312e-02 3.725888729095458984e-01 2.067909240722656250e-01
5.292820930480957031e-02 2.714166641235351562e-01 1.985211372375488281e-01
5.440568923950195312e-02 2.380414009094238281e-01 2.069203853607177734e-01
5.344676971435546875e-02 2.110948562622070312e-01 1.959245204925537109e-01
5.479001998901367188e-02 2.127122879028320312e-01 2.048408985137939453e-01
5.193018913269042969e-02 1.996369361877441406e-01 1.980743408203125000e-01
5.225539207458496094e-02 1.945006847381591797e-01 2.056767940521240234e-01
5.221343040466308594e-02 1.911239624023437500e-01 2.014231681823730469e-01
5.194258689880371094e-02 1.922111511230468750e-01 2.032685279846191406e-01
5.224490165710449219e-02 1.864240169525146484e-01 2.038686275482177734e-01
5.409836769104003906e-02 1.862590312957763672e-01 2.043044567108154297e-01
