7.262992858886718750e-02 1.937642097473144531e-01 2.208006381988525391e-01
4.535436630249023438e-02 2.207388877868652344e-01 2.194821834564208984e-01
4.786539077758789062e-02 2.642788887023925781e-01 2.173087596893310547e-01
4.758715629577636719e-02 2.702076435089111328e-01 2.209179401397705078e-01
4.843640327453613281e-02 2.884597778320312500e-01 2.192487716674804688e-01
4.748439788818359375e-02 2.871572971343994141e-01 2.185463905334472656e-01
4.647207260131835938e-02 2.381560802459716797e-01 2.193956375122070312e-01
4.643750190734863281e-02 2.377169132232666016e-01 2.217717170715332031e-01
4.656839370727539062e-02 2.286367416381835938e-01 2.155771255493164062e-01
4.683804512023925781e-02 2.303931713104248047e-01 2.218036651611328125e-01
4.601478576660156250e-02 2.329998016357421875e-01 2.161571979522705078e-01
4.682207107543945312e-02 2.363922595977783203e-01 2.168393135070800781e-01
4.655218124389648438e-02 2.376136779785156250e-01 2.143840789794921875e-01
4.653763771057128906e-02 2.396135330200195312e-01 2.235188484191894531e-01
4.682779312133789062e-02 2.536590099334716797e-01 2.151937484741210938e-01
4.697704315185546875e-02 2.615296840667724609e-01 2.209126949310302734e-01
4.704284667968750000e-02 2.511403560638427734e-01 2.191243171691894531e-01
4.615664482116699219e-02 2.567548751831054688e-01 2.209877967834472656e-01
4.741692543029785156e-02 2.670092582702636719e-01 2.209849357604980469e-01
4.742336273193359375e-02 2.833063602447509766e-01 2.111530303955078125e-01
