7.659125328063964844e-02 1.533820629119873047e-01 1.981778144836425781e-01
4.338669776916503906e-02 1.078054904937744141e-01 1.933321952819824219e-01
4.492974281311035156e-02 1.119561195373535156e-01 2.002317905426025391e-01
4.464888572692871094e-02 1.110172271728515625e-01 1.974837779998779297e-01
4.612684249877929688e-02 1.158616542816162109e-01 1.982376575469970703e-01
4.523921012878417969e-02 1.086595058441162109e-01 1.952083110809326172e-01
4.517054557800292969e-02 1.091294288635253906e-01 2.032227516174316406e-01
4.357862472534179688e-02 1.068007946014404297e-01 1.985609531402587891e-01
4.494810104370117188e-02 1.104521751403808594e-01 1.998937129974365234e-01
4.438424110412597656e-02 1.138381958007812500e-01 1.964974403381347656e-01
4.573392868041992188e-02 1.154422760009765625e-01 1.977314949035644531e-01
4.450082778930664062e-02 1.066222190856933594e-01 2.006156444549560547e-01
4.368972778320312500e-02 1.030321121215820312e-01 1.960940361022949219e-01
4.344105720520019531e-02 1.019296646118164062e-01 1.975274085998535156e-01
4.466438293457031250e-02 1.072051525115966797e-01 2.029132843017578125e-01
4.328393936157226562e-02 9.895825386047363281e-02 1.961505413055419922e-01
4.379963874816894531e-02 9.758257865905761719e-02 2.010059356689453125e-01
