6.964230537414550781e-02 1.129953861236572266e-01 1.422240734100341797e-01
4.571056365966796875e-02 6.970524787902832031e-02 1.294755935668945312e-01
4.544830322265625000e-02 6.883788108825683594e-02 9.857916831970214844e-02
4.790711402893066406e-02 7.296466827392578125e-02 9.585809707641601562e-02
4.902005195617675781e-02 7.105350494384765625e-02 8.526897430419921875e-02
4.878997802734375000e-02 7.523703575134277344e-02 6.997132301330566406e-02
4.558277130126953125e-02 6.553792953491210938e-02 7.082653045654296875e-02
4.732751846313476562e-02 6.854796409606933594e-02 6.636691093444824219e-02
4.821586608886718750e-02 8.128118515014648438e-02 6.585812568664550781e-02
4.594516754150390625e-02 7.057380676269531250e-02 6.667733192443847656e-02
4.503726959228515625e-02 7.118725776672363281e-02 6.598663330078125000e-02
4.641532897949218750e-02 7.157874107360839844e-02 6.701922416687011719e-02
4.568076133728027344e-02 7.150006294250488281e-02 6.661796569824218750e-02
4.719567298889160156e-02 7.588648796081542969e-02 6.665110588073730469e-02
4.757523536682128906e-02 7.998991012573242188e-02 6.851506233215332031e-02
4.868364334106445312e-02 8.298754692077636719e-02 7.067346572875976562e-02
4.724264144897460938e-02 7.738161087036132812e-02 6.758308410644531250e-02
4.715228080749511719e-02 7.782268524169921875e-02 6.669092178344726562e-02
4.552888870239257812e-02 7.268500328063964844e-02 6.752562522888183594e-02
4.685902595520019531e-02 8.135533332824707031e-02 6.873846054077148438e-02
4.780364036560058594e-02 8.315324783325195312e-02 6.698346138000488281e-02
4.577827453613281250e-02 7.868790626525878906e-02 6.709480285644531250e-02
4.652976989746093750e-02 8.329916000366210938e-02 6.672072410583496094e-02
4.637885093688964844e-02 7.649159431457519531e-02 6.693506240844726562e-02
4.745578765869140625e-02 8.960294723510742188e-02 6.776404380798339844e-02
4.766488075256347656e-02 8.387660980224609375e-02 6.871294975280761719e-02
4.782652854919433594e-02 8.430099487304687500e-02 6.675791740417480469e-02
4.836845397949218750e-02 8.827972412109375000e-02 6.682634353637695312e-02
4.538559913635253906e-02 7.973575592041015625e-02 6.744027137756347656e-02
4.921150207519531250e-02 8.166193962097167969e-02 6.778430938720703125e-02
4.615569114685058594e-02 7.973551750183105469e-02 6.753253936767578125e-02
4.604911804199218750e-02 8.081388473510742188e-02 6.713747978210449219e-02
4.745554924011230469e-02 8.403253555297851562e-02 6.733059883117675781e-02
4.840826988220214844e-02 8.513545989990234375e-02 6.720662117004394531e-02
4.611420631408691406e-02 7.922554016113281250e-02 6.687808036804199219e-02
4.566454887390136719e-02 7.670831680297851562e-02 6.700301170349121094e-02
4.755544662475585938e-02 7.607579231262207031e-02 6.679368019104003906e-02
4.602050781250000000e-02 6.449437141418457031e-02 6.693315505981445312e-02
