8.355450630187988281e-02 2.344222068786621094e-01 1.986265182495117188e-01
5.032277107238769531e-02 1.780476570129394531e-01 2.065420150756835938e-01
5.420637130737304688e-02 1.932749748229980469e-01 1.937990188598632812e-01
5.310559272766113281e-02 1.865127086639404297e-01 2.078092098236083984e-01
5.220532417297363281e-02 1.799762248992919922e-01 1.955289840698242188e-01
5.224537849426269531e-02 1.457600593566894531e-01 1.987881660461425781e-01
5.203318595886230469e-02 1.349120140075683594e-01 1.960341930389404297e-01
5.404925346374511719e-02 1.434884071350097656e-01 2.061955928802490234e-01
5.329942703247070312e-02 1.270015239715576172e-01 2.010591030120849609e-01
5.234098434448242188e-02 1.206426620483398438e-01 1.994416713714599609e-01
5.189967155456542969e-02 1.224682331085205078e-01 1.995217800140380859e-01
