8.027052879333496094e-02 5.645730495452880859e-01 2.035341262817382812e-01
5.189108848571777344e-02 5.084187984466552734e-01 2.107791900634765625e-01
5.234313011169433594e-02 5.076234340667724609e-01 1.969418525695800781e-01
5.453109741210937500e-02 5.143501758575439453e-01 2.021005153656005859e-01
5.390238761901855469e-02 5.112335681915283203e-01 2.000324726104736328e-01
5.283093452453613281e-02 5.040926933288574219e-01 2.015540599822998047e-01
5.250525474548339844e-02 4.971148967742919922e-01 1.992728710174560547e-01
5.431413650512695312e-02 5.017526149749755859e-01 2.105329036712646484e-01
5.200862884521484375e-02 4.890134334564208984e-01 2.066891193389892578e-01
5.282163619995117188e-02 4.858751296997070312e-01 2.032852172851562500e-01
5.240416526794433594e-02 4.811618328094482422e-01 1.981630325317382812e-01
5.276370048522949219e-02 4.875483512878417969e-01 2.012622356414794922e-01
