7.871842384338378906e-02 3.950812816619873047e-01 4.538338184356689453e-01
6.164431571960449219e-02 3.664243221282958984e-01 4.589877128601074219e-01
5.961060523986816406e-02 3.461737632751464844e-01 4.552435874938964844e-01
5.915260314941406250e-02 3.420927524566650391e-01 4.575984477996826172e-01
5.924868583679199219e-02 3.383557796478271484e-01 4.429388046264648438e-01
6.032848358154296875e-02 3.502247333526611328e-01 4.655554294586181641e-01
6.122374534606933594e-02 3.455572128295898438e-01 4.501032829284667969e-01
5.865406990051269531e-02 3.207316398620605469e-01 4.664101600646972656e-01
5.884027481079101562e-02 3.229768276214599609e-01 4.462838172912597656e-01
6.104540824890136719e-02 3.308377265930175781e-01 4.522764682769775391e-01
6.105899810791015625e-02 3.311550617218017578e-01 4.517729282379150391e-01
6.170272827148437500e-02 3.306055068969726562e-01 4.538910388946533203e-01
5.887675285339355469e-02 3.116471767425537109e-01 4.569749832153320312e-01
5.984997749328613281e-02 3.151426315307617188e-01 4.651858806610107422e-01
6.188535690307617188e-02 3.268053531646728516e-01 4.646639823913574219e-01
