4.923892021179199219e-02 5.331370830535888672e-01 2.072005271911621094e-01
4.682636260986328125e-02 4.301164150238037109e-01 1.987099647521972656e-01
5.184292793273925781e-02 3.601441383361816406e-01 2.067394256591796875e-01
4.638099670410156250e-02 2.224509716033935547e-01 2.013537883758544922e-01
4.667401313781738281e-02 1.850671768188476562e-01 2.066943645477294922e-01
4.628610610961914062e-02 1.797518730163574219e-01 1.987733840942382812e-01
4.604291915893554688e-02 2.188649177551269531e-01 2.016072273254394531e-01
4.654884338378906250e-02 2.329494953155517578e-01 1.982896327972412109e-01
4.694771766662597656e-02 2.271363735198974609e-01 2.076580524444580078e-01
4.714274406433105469e-02 2.228727340698242188e-01 2.003107070922851562e-01
4.682588577270507812e-02 2.253906726837158203e-01 2.097015380859375000e-01
4.890489578247070312e-02 2.324485778808593750e-01 2.002391815185546875e-01
4.859352111816406250e-02 2.286460399627685547e-01 2.096426486968994141e-01
4.894685745239257812e-02 2.215366363525390625e-01 1.997973918914794922e-01
4.847621917724609375e-02 2.182352542877197266e-01 2.050917148590087891e-01
4.868006706237792969e-02 2.151246070861816406e-01 2.005059719085693359e-01
