6.649994850158691406e-02 8.612325191497802734e-01 6.954877376556396484e-01
6.681966781616210938e-02 8.893003463745117188e-01 7.020492553710937500e-01
6.645846366882324219e-02 9.034106731414794922e-01 6.982011795043945312e-01
6.681585311889648438e-02 9.134461879730224609e-01 7.087628841400146484e-01
6.660985946655273438e-02 9.211707115173339844e-01 7.015941143035888672e-01
6.684017181396484375e-02 9.295058250427246094e-01 7.341375350952148438e-01
6.711435317993164062e-02 9.564666748046875000e-01 7.217378616333007812e-01
6.745409965515136719e-02 9.632804393768310547e-01 7.391748428344726562e-01
6.705689430236816406e-02 9.749307632446289062e-01 7.329027652740478516e-01
6.707167625427246094e-02 9.736905097961425781e-01 7.340457439422607422e-01
6.674337387084960938e-02 9.788141250610351562e-01 7.454848289489746094e-01
6.894683837890625000e-02 9.930405616760253906e-01 7.452583312988281250e-01
6.746935844421386719e-02 1.017048120498657227e+00 7.372298240661621094e-01
6.760573387145996094e-02 1.019586086273193359e+00 7.437050342559814453e-01
6.773352622985839844e-02 1.016422986984252930e+00 7.294223308563232422e-01
6.760931015014648438e-02 1.027503490447998047e+00 7.432079315185546875e-01
6.782221794128417969e-02 1.021430730819702148e+00 7.255117893218994141e-01
6.670904159545898438e-02 9.944856166839599609e-01 7.047140598297119141e-01
6.695318222045898438e-02 9.972267150878906250e-01 7.191884517669677734e-01
6.662511825561523438e-02 9.960193634033203125e-01 7.275531291961669922e-01
6.706261634826660156e-02 9.999723434448242188e-01 7.135746479034423828e-01
6.706523895263671875e-02 1.003347873687744141e+00 7.219524383544921875e-01
