5.008506774902343750e-02 1.578502655029296875e-01 1.994860172271728516e-01
4.784297943115234375e-02 1.839766502380371094e-01 2.078509330749511719e-01
4.879689216613769531e-02 2.147784233093261719e-01 2.015981674194335938e-01
4.867362976074218750e-02 2.393658161163330078e-01 2.121469974517822266e-01
4.641962051391601562e-02 2.682855129241943359e-01 2.104229927062988281e-01
4.663109779357910156e-02 3.041260242462158203e-01 2.062005996704101562e-01
4.660129547119140625e-02 3.400187492370605469e-01 2.103602886199951172e-01
4.732823371887207031e-02 3.800296783447265625e-01 2.164523601531982422e-01
4.760694503784179688e-02 4.055080413818359375e-01 2.031066417694091797e-01
4.769420623779296875e-02 4.453535079956054688e-01 2.097945213317871094e-01
4.818034172058105469e-02 4.747970104217529297e-01 2.142512798309326172e-01
4.787731170654296875e-02 4.968073368072509766e-01 2.107160091400146484e-01
4.820442199707031250e-02 5.141880512237548828e-01 2.070682048797607422e-01
4.648613929748535156e-02 5.072846412658691406e-01 2.072603702545166016e-01
4.651355743408203125e-02 5.181946754455566406e-01 2.133584022521972656e-01
4.897117614746093750e-02 5.542240142822265625e-01 2.144544124603271484e-01
4.647231101989746094e-02 5.458607673645019531e-01 2.037019729614257812e-01
4.674673080444335938e-02 5.627133846282958984e-01 2.227818965911865234e-01
4.787421226501464844e-02 5.895678997039794922e-01 2.152378559112548828e-01
