3.768444061279296875e-02 1.348726749420166016e-01 1.545629501342773438e-01
2.497339248657226562e-02 7.609844207763671875e-02 1.477162837982177734e-01
2.583861351013183594e-02 7.513284683227539062e-02 1.468565464019775391e-01
2.420091629028320312e-02 7.731270790100097656e-02 1.520667076110839844e-01
2.666401863098144531e-02 7.672524452209472656e-02 1.467831134796142578e-01
2.612566947937011719e-02 7.521009445190429688e-02 1.471385955810546875e-01
2.579784393310546875e-02 7.541060447692871094e-02 1.451263427734375000e-01
2.497601509094238281e-02 7.355999946594238281e-02 1.472098827362060547e-01
2.580475807189941406e-02 7.409691810607910156e-02 1.452600955963134766e-01
2.492737770080566406e-02 7.448387145996093750e-02 1.471011638641357422e-01
2.601122856140136719e-02 7.192540168762207031e-02 1.368107795715332031e-01
2.502846717834472656e-02 7.317757606506347656e-02 1.386692523956298828e-01
2.582788467407226562e-02 7.344579696655273438e-02 1.366775035858154297e-01
