7.999658584594726562e-02 9.979724884033203125e-02 1.184046268463134766e-01
4.399967193603515625e-02 7.263231277465820312e-02 1.223561763763427734e-01
4.559707641601562500e-02 7.763075828552246094e-02 1.201267242431640625e-01
4.506278038024902344e-02 8.070898056030273438e-02 1.309971809387207031e-01
4.537534713745117188e-02 8.290743827819824219e-02 1.215226650238037109e-01
4.364752769470214844e-02 7.796835899353027344e-02 1.248161792755126953e-01
4.367589950561523438e-02 7.521295547485351562e-02 1.202356815338134766e-01
4.439854621887207031e-02 7.912397384643554688e-02 1.355724334716796875e-01
4.449510574340820312e-02 7.566165924072265625e-02 1.254136562347412109e-01
4.466152191162109375e-02 7.194447517395019531e-02 1.188766956329345703e-01
4.400205612182617188e-02 6.998515129089355469e-02 1.121177673339843750e-01
4.381799697875976562e-02 6.917214393615722656e-02 9.578943252563476562e-02
4.406547546386718750e-02 6.854939460754394531e-02 9.426927566528320312e-02
4.371333122253417969e-02 6.772327423095703125e-02 8.517217636108398438e-02
4.643869400024414062e-02 7.273769378662109375e-02 8.477187156677246094e-02
