6.186532974243164062e-02 1.559476852416992188e-01 2.231888771057128906e-01
3.386497497558593750e-02 1.001315116882324219e-01 2.078583240509033203e-01
3.538894653320312500e-02 9.626579284667968750e-02 2.191677093505859375e-01
3.615140914916992188e-02 9.660124778747558594e-02 2.058000564575195312e-01
3.524851799011230469e-02 9.624552726745605469e-02 2.182090282440185547e-01
3.564262390136718750e-02 9.407734870910644531e-02 2.046396732330322266e-01
3.526663780212402344e-02 1.045591831207275391e-01 2.125854492187500000e-01
3.539156913757324219e-02 1.000692844390869141e-01 2.044718265533447266e-01
3.553891181945800781e-02 1.061067581176757812e-01 2.187066078186035156e-01
3.553462028503417969e-02 1.076176166534423828e-01 2.067587375640869141e-01
3.603553771972656250e-02 1.230103969573974609e-01 2.144176959991455078e-01
