5.599832534790039062e-02 1.047246456146240234e-01 1.888132095336914062e-01
4.276800155639648438e-02 8.908247947692871094e-02 1.868758201599121094e-01
4.365062713623046875e-02 8.477187156677246094e-02 1.870167255401611328e-01
4.354548454284667969e-02 8.004760742187500000e-02 1.848657131195068359e-01
4.443001747131347656e-02 8.030128479003906250e-02 1.971325874328613281e-01
4.328012466430664062e-02 7.477140426635742188e-02 1.842968463897705078e-01
4.426622390747070312e-02 7.509565353393554688e-02 1.657419204711914062e-01
4.437446594238281250e-02 7.470345497131347656e-02 1.749942302703857422e-01
4.403638839721679688e-02 7.487273216247558594e-02 1.762509346008300781e-01
4.357290267944335938e-02 7.261347770690917969e-02 1.649000644683837891e-01
4.388833045959472656e-02 8.067131042480468750e-02 1.533875465393066406e-01
