7.293200492858886719e-02 4.074127674102783203e-01 4.597606658935546875e-01
5.873775482177734375e-02 3.499362468719482422e-01 4.541885852813720703e-01
6.254744529724121094e-02 3.574416637420654297e-01 4.529938697814941406e-01
6.231760978698730469e-02 3.450691699981689453e-01 4.505133628845214844e-01
5.868554115295410156e-02 3.198239803314208984e-01 4.556896686553955078e-01
6.131982803344726562e-02 3.280899524688720703e-01 4.489166736602783203e-01
5.964660644531250000e-02 3.221988677978515625e-01 4.481439590454101562e-01
5.931925773620605469e-02 3.172676563262939453e-01 4.602046012878417969e-01
5.942654609680175781e-02 3.229632377624511719e-01 4.379258155822753906e-01
6.037545204162597656e-02 3.141267299652099609e-01 4.462714195251464844e-01
5.832028388977050781e-02 2.933328151702880859e-01 4.407474994659423828e-01
5.838298797607421875e-02 2.858552932739257812e-01 4.546039104461669922e-01
5.839443206787109375e-02 2.965090274810791016e-01 4.427773952484130859e-01
6.208658218383789062e-02 3.135371208190917969e-01 4.559700489044189453e-01
6.271815299987792969e-02 3.216097354888916016e-01 4.455680847167968750e-01
6.305146217346191406e-02 3.222343921661376953e-01 4.432911872863769531e-01
6.091570854187011719e-02 2.942681312561035156e-01 4.515917301177978516e-01
6.256818771362304688e-02 3.100447654724121094e-01 4.515128135681152344e-01
5.852580070495605469e-02 2.905657291412353516e-01 4.514412879943847656e-01
