8.593511581420898438e-02 5.453972816467285156e-01 4.672336578369140625e-01
5.817914009094238281e-02 5.086345672607421875e-01 4.653642177581787109e-01
6.024408340454101562e-02 5.106899738311767578e-01 4.684941768646240234e-01
6.141781806945800781e-02 5.322961807250976562e-01 4.695909023284912109e-01
6.178903579711914062e-02 5.370531082153320312e-01 4.706690311431884766e-01
5.859518051147460938e-02 5.261392593383789062e-01 4.699485301971435547e-01
6.099510192871093750e-02 5.559287071228027344e-01 4.657664299011230469e-01
5.693340301513671875e-02 5.456821918487548828e-01 4.599721431732177734e-01
5.433392524719238281e-02 5.552458763122558594e-01 4.805204868316650391e-01
6.120634078979492188e-02 5.882992744445800781e-01 4.649031162261962891e-01
6.161928176879882812e-02 6.038205623626708984e-01 4.892005920410156250e-01
6.006407737731933594e-02 6.123275756835937500e-01 4.738588333129882812e-01
5.838251113891601562e-02 6.270093917846679688e-01 4.842267036437988281e-01
6.178283691406250000e-02 6.475269794464111328e-01 4.745109081268310547e-01
6.050753593444824219e-02 6.586964130401611328e-01 4.894981384277343750e-01
6.284880638122558594e-02 6.693403720855712891e-01 4.797146320343017578e-01
6.038260459899902344e-02 6.580550670623779297e-01 4.864380359649658203e-01
6.038808822631835938e-02 6.737360954284667969e-01 4.867897033691406250e-01
6.293106079101562500e-02 6.978313922882080078e-01 4.937372207641601562e-01
5.927681922912597656e-02 6.692817211151123047e-01 4.950156211853027344e-01
6.006217002868652344e-02 6.859867572784423828e-01 4.906663894653320312e-01
5.877256393432617188e-02 6.747856140136718750e-01 4.864094257354736328e-01
5.937409400939941406e-02 6.751327514648437500e-01 4.966480731964111328e-01
5.967330932617187500e-02 6.921055316925048828e-01 4.864549636840820312e-01
