6.134009361267089844e-02 9.317040443420410156e-02 1.251325607299804688e-01
4.492521286010742188e-02 7.165837287902832031e-02 9.981942176818847656e-02
4.724407196044921875e-02 7.324123382568359375e-02 9.461379051208496094e-02
4.572582244873046875e-02 7.229042053222656250e-02 9.850621223449707031e-02
4.609990119934082031e-02 7.361388206481933594e-02 9.884548187255859375e-02
4.616260528564453125e-02 8.236122131347656250e-02 1.006827354431152344e-01
4.599761962890625000e-02 8.756470680236816406e-02 9.592103958129882812e-02
4.562211036682128906e-02 8.729434013366699219e-02 9.665083885192871094e-02
4.605603218078613281e-02 8.630514144897460938e-02 9.764766693115234375e-02
4.659223556518554688e-02 8.594727516174316406e-02 9.675192832946777344e-02
4.514551162719726562e-02 8.050775527954101562e-02 9.734678268432617188e-02
