7.516288757324218750e-02 5.722961425781250000e-01 2.206926345825195312e-01
4.499173164367675781e-02 4.995250701904296875e-01 2.220487594604492188e-01
4.630613327026367188e-02 4.845197200775146484e-01 2.194521427154541016e-01
4.696202278137207031e-02 5.561201572418212891e-01 2.157995700836181641e-01
4.661655426025390625e-02 5.358622074127197266e-01 2.206099033355712891e-01
4.756188392639160156e-02 5.648763179779052734e-01 2.194926738739013672e-01
4.678940773010253906e-02 4.383022785186767578e-01 2.217655181884765625e-01
4.760456085205078125e-02 3.969793319702148438e-01 2.125101089477539062e-01
4.740667343139648438e-02 3.600144386291503906e-01 2.172815799713134766e-01
4.693794250488281250e-02 3.348104953765869141e-01 2.125728130340576172e-01
4.679965972900390625e-02 2.956402301788330078e-01 2.167842388153076172e-01
4.880118370056152344e-02 2.783811092376708984e-01 2.100663185119628906e-01
4.658341407775878906e-02 2.345948219299316406e-01 2.148554325103759766e-01
