3.416538238525390625e-02 1.249816417694091797e-01 1.926963329315185547e-01
2.603912353515625000e-02 8.371925354003906250e-02 1.902074813842773438e-01
2.674126625061035156e-02 8.216166496276855469e-02 1.910510063171386719e-01
2.658247947692871094e-02 8.044934272766113281e-02 1.909060478210449219e-01
2.699017524719238281e-02 7.811856269836425781e-02 1.906616687774658203e-01
2.685165405273437500e-02 7.650160789489746094e-02 1.907057762145996094e-01
2.703452110290527344e-02 8.128499984741210938e-02 2.020382881164550781e-01
2.632784843444824219e-02 7.601094245910644531e-02 1.901867389678955078e-01
2.649712562561035156e-02 8.122801780700683594e-02 1.899540424346923828e-01
2.637290954589843750e-02 7.721447944641113281e-02 1.892118453979492188e-01
2.645778656005859375e-02 7.593631744384765625e-02 1.889097690582275391e-01
