6.922745704650878906e-02 5.527729988098144531e-01 2.048890590667724609e-01
4.427242279052734375e-02 4.734444618225097656e-01 2.073850631713867188e-01
4.337406158447265625e-02 4.918518066406250000e-01 2.008056640625000000e-01
4.360508918762207031e-02 5.075142383575439453e-01 2.064232826232910156e-01
4.439783096313476562e-02 5.347452163696289062e-01 2.091903686523437500e-01
4.569339752197265625e-02 5.102319717407226562e-01 2.120771408081054688e-01
4.500031471252441406e-02 5.149328708648681641e-01 2.083933353424072266e-01
4.530882835388183594e-02 4.872460365295410156e-01 2.043411731719970703e-01
4.453873634338378906e-02 4.645242691040039062e-01 2.035601139068603516e-01
4.497313499450683594e-02 4.515256881713867188e-01 2.060775756835937500e-01
4.456424713134765625e-02 4.192655086517333984e-01 2.077114582061767578e-01
4.465961456298828125e-02 3.743579387664794922e-01 2.072198390960693359e-01
4.531478881835937500e-02 3.633637428283691406e-01 2.068209648132324219e-01
