6.968164443969726562e-02 1.058204174041748047e-01 7.220125198364257812e-02
4.740357398986816406e-02 6.409144401550292969e-02 5.226159095764160156e-02
4.731869697570800781e-02 6.625556945800781250e-02 4.617547988891601562e-02
4.601764678955078125e-02 6.357502937316894531e-02 4.522800445556640625e-02
4.744815826416015625e-02 6.194972991943359375e-02 4.170584678649902344e-02
4.940414428710937500e-02 6.313562393188476562e-02 3.633975982666015625e-02
4.828047752380371094e-02 6.450247764587402344e-02 3.164076805114746094e-02
4.787778854370117188e-02 6.507444381713867188e-02 3.080844879150390625e-02
4.792356491088867188e-02 6.350541114807128906e-02 2.853107452392578125e-02
4.737925529479980469e-02 6.363081932067871094e-02 3.039050102233886719e-02
4.674839973449707031e-02 6.010675430297851562e-02 3.013849258422851562e-02
4.814720153808593750e-02 6.443214416503906250e-02 3.700542449951171875e-02
4.874229431152343750e-02 6.363916397094726562e-02 2.882003784179687500e-02
4.815483093261718750e-02 6.356382369995117188e-02 3.020811080932617188e-02
4.720807075500488281e-02 6.179285049438476562e-02 2.870845794677734375e-02
4.463601112365722656e-02 5.472040176391601562e-02 2.738285064697265625e-02
4.591035842895507812e-02 5.396890640258789062e-02 2.702808380126953125e-02
4.710650444030761719e-02 6.170153617858886719e-02 2.761149406433105469e-02
4.586625099182128906e-02 5.460214614868164062e-02 2.555370330810546875e-02
4.514169692993164062e-02 5.502080917358398438e-02 2.628207206726074219e-02
4.566216468811035156e-02 5.605936050415039062e-02 2.547502517700195312e-02
4.441499710083007812e-02 5.577516555786132812e-02 2.627944946289062500e-02
4.577803611755371094e-02 5.597567558288574219e-02 2.560734748840332031e-02
4.711055755615234375e-02 6.366133689880371094e-02 2.834987640380859375e-02
4.702067375183105469e-02 6.221818923950195312e-02 2.762103080749511719e-02
4.725146293640136719e-02 6.439614295959472656e-02 2.690744400024414062e-02
4.615640640258789062e-02 6.155371665954589844e-02 2.686047554016113281e-02
4.491877555847167969e-02 5.779862403869628906e-02 2.626872062683105469e-02
4.551815986633300781e-02 5.598831176757812500e-02 2.586722373962402344e-02
4.805350303649902344e-02 6.459832191467285156e-02 2.775597572326660156e-02
4.631924629211425781e-02 5.702066421508789062e-02 3.639888763427734375e-02
4.626846313476562500e-02 6.127691268920898438e-02 2.681589126586914062e-02
4.860782623291015625e-02 6.600761413574218750e-02 2.705979347229003906e-02
4.517507553100585938e-02 5.698943138122558594e-02 2.635645866394042969e-02
4.621982574462890625e-02 5.694389343261718750e-02 2.578878402709960938e-02
4.528450965881347656e-02 5.722427368164062500e-02 2.683806419372558594e-02
4.819560050964355469e-02 6.397700309753417969e-02 2.750492095947265625e-02
