7.428002357482910156e-02 2.418568134307861328e-01 1.989090442657470703e-01
4.428362846374511719e-02 1.736464500427246094e-01 2.090363502502441406e-01
4.545712471008300781e-02 2.123136520385742188e-01 1.947090625762939453e-01
4.491066932678222656e-02 2.086706161499023438e-01 2.063829898834228516e-01
4.393935203552246094e-02 2.030391693115234375e-01 2.025282382965087891e-01
4.499912261962890625e-02 1.976785659790039062e-01 2.007360458374023438e-01
4.444336891174316406e-02 1.867234706878662109e-01 1.922664642333984375e-01
4.463505744934082031e-02 1.766381263732910156e-01 2.018103599548339844e-01
4.406619071960449219e-02 1.695065498352050781e-01 1.917295455932617188e-01
4.458689689636230469e-02 1.557080745697021484e-01 2.069242000579833984e-01
4.498291015625000000e-02 1.503720283508300781e-01 1.951670646667480469e-01
4.434204101562500000e-02 1.429967880249023438e-01 2.000427246093750000e-01
4.471945762634277344e-02 1.422896385192871094e-01 1.935098171234130859e-01
4.442644119262695312e-02 1.388022899627685547e-01 1.979854106903076172e-01
