5.756354331970214844e-02 5.294389724731445312e-01 2.037110328674316406e-01
5.199122428894042969e-02 5.173206329345703125e-01 2.062335014343261719e-01
5.241298675537109375e-02 5.266194343566894531e-01 1.974613666534423828e-01
5.277204513549804688e-02 5.291414260864257812e-01 2.007935047149658203e-01
5.159115791320800781e-02 5.439822673797607422e-01 2.047040462493896484e-01
5.365371704101562500e-02 5.526006221771240234e-01 2.109146118164062500e-01
5.243635177612304688e-02 5.580923557281494141e-01 2.029244899749755859e-01
5.215454101562500000e-02 5.599975585937500000e-01 2.006072998046875000e-01
5.296802520751953125e-02 5.792539119720458984e-01 2.040853500366210938e-01
5.289793014526367188e-02 5.774602890014648438e-01 1.999475955963134766e-01
5.168223381042480469e-02 5.725159645080566406e-01 1.982502937316894531e-01
5.312228202819824219e-02 5.681736469268798828e-01 1.998014450073242188e-01
5.184984207153320312e-02 5.430817604064941406e-01 1.958668231964111328e-01
5.197024345397949219e-02 5.219774246215820312e-01 2.000589370727539062e-01
5.170702934265136719e-02 5.136127471923828125e-01 2.024962902069091797e-01
