7.063531875610351562e-02 4.226045608520507812e-01 4.681937694549560547e-01
6.001830101013183594e-02 3.140633106231689453e-01 4.515058994293212891e-01
5.699253082275390625e-02 2.508993148803710938e-01 4.430129528045654297e-01
5.837941169738769531e-02 2.542216777801513672e-01 4.595425128936767578e-01
5.928945541381835938e-02 2.256672382354736328e-01 4.372923374176025391e-01
6.150436401367187500e-02 2.124426364898681641e-01 4.487216472625732422e-01
6.177926063537597656e-02 1.990411281585693359e-01 4.388999938964843750e-01
5.995917320251464844e-02 2.140741348266601562e-01 4.573945999145507812e-01
5.952286720275878906e-02 2.383127212524414062e-01 4.345405101776123047e-01
6.207728385925292969e-02 2.429602146148681641e-01 4.507107734680175781e-01
5.992579460144042969e-02 1.835153102874755859e-01 4.392709732055664062e-01
6.104135513305664062e-02 1.581594944000244141e-01 4.465241432189941406e-01
