6.928849220275878906e-02 1.136155128479003906e-01 4.416584968566894531e-01
5.792260169982910156e-02 7.920575141906738281e-02 4.279251098632812500e-01
5.811953544616699219e-02 8.198785781860351562e-02 4.218027591705322266e-01
6.061434745788574219e-02 1.047263145446777344e-01 4.369511604309082031e-01
5.710721015930175781e-02 8.510565757751464844e-02 4.397251605987548828e-01
5.994963645935058594e-02 1.071498394012451172e-01 4.429414272308349609e-01
5.795192718505859375e-02 9.046077728271484375e-02 4.283301830291748047e-01
5.803012847900390625e-02 9.033703804016113281e-02 4.361298084259033203e-01
6.070446968078613281e-02 1.123535633087158203e-01 4.353089332580566406e-01
6.173920631408691406e-02 1.107456684112548828e-01 4.313316345214843750e-01
6.575679779052734375e-02 1.182157993316650391e-01 4.355196952819824219e-01
6.127905845642089844e-02 1.160798072814941406e-01 4.427378177642822266e-01
6.159758567810058594e-02 1.144297122955322266e-01 4.317142963409423828e-01
6.345701217651367188e-02 1.199493408203125000e-01 4.425954818725585938e-01
