3.586840629577636719e-02 4.141719341278076172e-01 2.165534496307373047e-01
2.657103538513183594e-02 3.431980609893798828e-01 2.156858444213867188e-01
2.724289894104003906e-02 3.516521453857421875e-01 2.166326045989990234e-01
2.667045593261718750e-02 3.453459739685058594e-01 2.148675918579101562e-01
2.728247642517089844e-02 3.323163986206054688e-01 2.136256694793701172e-01
2.785706520080566406e-02 3.185474872589111328e-01 2.187600135803222656e-01
2.650475502014160156e-02 3.076908588409423828e-01 2.108476161956787109e-01
2.642130851745605469e-02 3.038535118103027344e-01 2.195212841033935547e-01
2.727532386779785156e-02 3.080105781555175781e-01 2.135958671569824219e-01
2.786350250244140625e-02 3.073811531066894531e-01 2.127146720886230469e-01
2.799224853515625000e-02 3.044726848602294922e-01 2.106816768646240234e-01
2.707457542419433594e-02 3.060622215270996094e-01 2.190756797790527344e-01
2.700972557067871094e-02 3.054289817810058594e-01 2.097022533416748047e-01
2.708077430725097656e-02 2.944433689117431641e-01 2.181110382080078125e-01
2.810811996459960938e-02 2.997281551361083984e-01 2.097196578979492188e-01
2.785992622375488281e-02 2.972915172576904297e-01 2.180554866790771484e-01
2.769875526428222656e-02 2.902648448944091797e-01 2.109365463256835938e-01
2.771425247192382812e-02 2.894399166107177734e-01 2.178180217742919922e-01
2.824378013610839844e-02 3.051307201385498047e-01 2.130537033081054688e-01
2.762460708618164062e-02 3.033466339111328125e-01 2.131538391113281250e-01
2.757787704467773438e-02 3.076786994934082031e-01 2.093560695648193359e-01
2.813792228698730469e-02 3.213517665863037109e-01 2.220036983489990234e-01
2.833175659179687500e-02 3.214955329895019531e-01 2.140841484069824219e-01
2.720665931701660156e-02 3.153963088989257812e-01 2.142000198364257812e-01
2.709984779357910156e-02 3.149473667144775391e-01 2.118749618530273438e-01
2.714753150939941406e-02 3.190279006958007812e-01 2.112362384796142578e-01
