3.816628456115722656e-02 1.290030479431152344e-01 4.345223903656005859e-01
3.659129142761230469e-02 8.667659759521484375e-02 4.353258609771728516e-01
3.894972801208496094e-02 9.115934371948242188e-02 4.291720390319824219e-01
3.817081451416015625e-02 8.898496627807617188e-02 4.282684326171875000e-01
3.812789916992187500e-02 9.000420570373535156e-02 4.256694316864013672e-01
3.870940208435058594e-02 1.101884841918945312e-01 4.339480400085449219e-01
3.785014152526855469e-02 8.860182762145996094e-02 4.252917766571044922e-01
3.775119781494140625e-02 1.054790019989013672e-01 4.314775466918945312e-01
3.786516189575195312e-02 8.919835090637207031e-02 4.236745834350585938e-01
3.800320625305175781e-02 8.708453178405761719e-02 4.264473915100097656e-01
3.868341445922851562e-02 1.076436042785644531e-01 4.239494800567626953e-01
