6.225872039794921875e-02 3.075337409973144531e-01 2.135009765625000000e-01
4.557037353515625000e-02 2.598311901092529297e-01 2.122280597686767578e-01
4.722213745117187500e-02 2.628464698791503906e-01 2.106778621673583984e-01
4.602026939392089844e-02 2.576611042022705078e-01 2.178089618682861328e-01
4.620504379272460938e-02 2.541549205780029297e-01 2.154910564422607422e-01
4.656219482421875000e-02 2.622294425964355469e-01 2.152299880981445312e-01
4.679894447326660156e-02 2.629010677337646484e-01 2.094182968139648438e-01
4.685068130493164062e-02 2.763597965240478516e-01 2.187912464141845703e-01
4.551553726196289062e-02 2.713849544525146484e-01 2.073450088500976562e-01
4.592585563659667969e-02 2.778108119964599609e-01 2.173886299133300781e-01
4.692912101745605469e-02 3.037047386169433594e-01 2.077574729919433594e-01
4.551601409912109375e-02 3.034875392913818359e-01 2.130243778228759766e-01
4.568576812744140625e-02 3.188242912292480469e-01 2.080712318420410156e-01
