3.829956054687500000e-02 5.410060882568359375e-01 2.209641933441162109e-01
3.436636924743652344e-02 5.230362415313720703e-01 2.157425880432128906e-01
3.560686111450195312e-02 5.131001472473144531e-01 2.195196151733398438e-01
3.591156005859375000e-02 5.035572052001953125e-01 2.179040908813476562e-01
3.701496124267578125e-02 5.113735198974609375e-01 2.171096801757812500e-01
3.637838363647460938e-02 4.919180870056152344e-01 2.204611301422119141e-01
3.532624244689941406e-02 4.727187156677246094e-01 2.191400527954101562e-01
3.600382804870605469e-02 4.690487384796142578e-01 2.152719497680664062e-01
3.613495826721191406e-02 4.733462333679199219e-01 2.210571765899658203e-01
3.610277175903320312e-02 4.692938327789306641e-01 2.189404964447021484e-01
3.534245491027832031e-02 4.733595848083496094e-01 2.197091579437255859e-01
3.531980514526367188e-02 4.583113193511962891e-01 2.184510231018066406e-01
3.551101684570312500e-02 4.665157794952392578e-01 2.218456268310546875e-01
