7.918572425842285156e-02 1.169767379760742188e-01 2.948744297027587891e-01
5.765414237976074219e-02 7.170271873474121094e-02 2.855648994445800781e-01
5.863857269287109375e-02 7.276368141174316406e-02 2.564480304718017578e-01
6.280755996704101562e-02 9.113669395446777344e-02 2.434666156768798828e-01
6.216049194335937500e-02 8.936524391174316406e-02 2.372949123382568359e-01
6.173825263977050781e-02 8.889627456665039062e-02 2.304248809814453125e-01
5.917072296142578125e-02 6.851315498352050781e-02 2.137179374694824219e-01
5.878639221191406250e-02 6.891703605651855469e-02 2.153649330139160156e-01
5.878090858459472656e-02 6.802582740783691406e-02 2.207255363464355469e-01
5.947279930114746094e-02 6.955933570861816406e-02 2.161824703216552734e-01
6.038665771484375000e-02 8.394217491149902344e-02 2.149927616119384766e-01
5.911445617675781250e-02 6.863760948181152344e-02 2.243120670318603516e-01
6.016874313354492188e-02 8.408069610595703125e-02 2.148604393005371094e-01
5.860972404479980469e-02 6.884598731994628906e-02 2.212901115417480469e-01
