6.455755233764648438e-02 1.134808063507080078e-01 1.417088508605957031e-01
4.517626762390136719e-02 9.416675567626953125e-02 1.399405002593994141e-01
4.546403884887695312e-02 1.112856864929199219e-01 1.399109363555908203e-01
4.619669914245605469e-02 9.810400009155273438e-02 1.409502029418945312e-01
4.690146446228027344e-02 1.039161682128906250e-01 1.548464298248291016e-01
4.675292968750000000e-02 9.775209426879882812e-02 1.416099071502685547e-01
4.660701751708984375e-02 1.025273799896240234e-01 1.481995582580566406e-01
4.711461067199707031e-02 9.278655052185058594e-02 1.408054828643798828e-01
4.636812210083007812e-02 8.517432212829589844e-02 1.461651325225830078e-01
4.647135734558105469e-02 8.011317253112792969e-02 1.454343795776367188e-01
4.753613471984863281e-02 8.094096183776855469e-02 1.425189971923828125e-01
