5.617642402648925781e-02 3.492939472198486328e-01 4.578070640563964844e-01
5.809903144836425781e-02 3.356177806854248047e-01 4.433026313781738281e-01
6.246089935302734375e-02 3.560135364532470703e-01 4.475986957550048828e-01
5.791187286376953125e-02 3.242208957672119141e-01 4.486885070800781250e-01
6.270718574523925781e-02 3.463153839111328125e-01 4.528243541717529297e-01
5.768156051635742188e-02 3.278481960296630859e-01 4.495997428894042969e-01
5.809688568115234375e-02 3.179547786712646484e-01 4.407656192779541016e-01
5.742430686950683594e-02 3.141045570373535156e-01 4.395463466644287109e-01
5.894303321838378906e-02 3.125474452972412109e-01 4.442498683929443359e-01
5.729532241821289062e-02 3.125164508819580078e-01 4.395811557769775391e-01
6.126070022583007812e-02 3.369047641754150391e-01 4.384522438049316406e-01
5.814170837402343750e-02 3.192694187164306641e-01 4.336400032043457031e-01
6.001996994018554688e-02 3.166890144348144531e-01 4.530799388885498047e-01
6.205415725708007812e-02 3.367266654968261719e-01 4.344141483306884766e-01
6.154608726501464844e-02 3.411028385162353516e-01 4.420969486236572266e-01
5.938434600830078125e-02 3.161926269531250000e-01 4.537479877471923828e-01
6.122183799743652344e-02 3.407664299011230469e-01 4.359886646270751953e-01
6.147265434265136719e-02 3.465023040771484375e-01 4.473605155944824219e-01
5.951714515686035156e-02 3.351683616638183594e-01 4.475018978118896484e-01
6.136441230773925781e-02 3.592088222503662109e-01 4.480931758880615234e-01
6.084823608398437500e-02 3.489935398101806641e-01 4.417936801910400391e-01
6.302094459533691406e-02 3.701028823852539062e-01 4.569816589355468750e-01
5.988240242004394531e-02 3.603403568267822266e-01 4.442186355590820312e-01
6.335663795471191406e-02 3.940558433532714844e-01 4.383592605590820312e-01
5.883836746215820312e-02 3.797380924224853516e-01 4.417853355407714844e-01
5.888056755065917969e-02 3.859403133392333984e-01 4.457376003265380859e-01
6.260061264038085938e-02 4.094779491424560547e-01 4.392235279083251953e-01
6.190919876098632812e-02 4.155089855194091797e-01 4.410312175750732422e-01
5.865573883056640625e-02 4.041888713836669922e-01 4.484298229217529297e-01
5.908322334289550781e-02 4.033949375152587891e-01 4.391694068908691406e-01
6.142735481262207031e-02 4.279019832611083984e-01 4.460437297821044922e-01
5.901956558227539062e-02 4.039046764373779297e-01 4.369060993194580078e-01
6.142354011535644531e-02 4.193935394287109375e-01 4.531407356262207031e-01
5.936074256896972656e-02 4.072120189666748047e-01 4.446191787719726562e-01
6.169033050537109375e-02 4.242222309112548828e-01 4.476513862609863281e-01
