8.595800399780273438e-02 1.465961933135986328e-01 2.156589031219482422e-01
5.266475677490234375e-02 9.932756423950195312e-02 2.148416042327880859e-01
5.307316780090332031e-02 9.907484054565429688e-02 2.085642814636230469e-01
5.434894561767578125e-02 9.507203102111816406e-02 2.083587646484375000e-01
5.635499954223632812e-02 1.041557788848876953e-01 2.097768783569335938e-01
5.452108383178710938e-02 1.021559238433837891e-01 2.075610160827636719e-01
5.509781837463378906e-02 9.881567955017089844e-02 2.080862522125244141e-01
5.398988723754882812e-02 9.199786186218261719e-02 2.074751853942871094e-01
5.519151687622070312e-02 9.979605674743652344e-02 2.104620933532714844e-01
5.417084693908691406e-02 9.613108634948730469e-02 2.067151069641113281e-01
5.330133438110351562e-02 8.909034729003906250e-02 2.062270641326904297e-01
5.426907539367675781e-02 9.581160545349121094e-02 2.139031887054443359e-01
5.298066139221191406e-02 8.993005752563476562e-02 2.120833396911621094e-01
5.409407615661621094e-02 9.555459022521972656e-02 2.120192050933837891e-01
5.254673957824707031e-02 8.950495719909667969e-02 2.119679450988769531e-01
5.404973030090332031e-02 9.491133689880371094e-02 2.073881626129150391e-01
5.262565612792968750e-02 8.939743041992187500e-02 2.059521675109863281e-01
5.384278297424316406e-02 8.790087699890136719e-02 2.086148262023925781e-01
5.518937110900878906e-02 9.400892257690429688e-02 2.118198871612548828e-01
5.376529693603515625e-02 8.721208572387695312e-02 2.053124904632568359e-01
5.405497550964355469e-02 8.833384513854980469e-02 2.048132419586181641e-01
5.392694473266601562e-02 8.698606491088867188e-02 2.097265720367431641e-01
5.454421043395996094e-02 9.059715270996093750e-02 2.137467861175537109e-01
5.540561676025390625e-02 9.557771682739257812e-02 2.075302600860595703e-01
5.668592453002929688e-02 9.580183029174804688e-02 2.114226818084716797e-01
5.414891242980957031e-02 8.828568458557128906e-02 2.078504562377929688e-01
