5.392742156982421875e-02 7.959103584289550781e-02 1.169321537017822266e-01
4.273486137390136719e-02 6.965065002441406250e-02 1.224918365478515625e-01
4.372835159301757812e-02 7.039165496826171875e-02 1.223380565643310547e-01
4.520535469055175781e-02 7.275032997131347656e-02 1.172900199890136719e-01
4.451131820678710938e-02 7.291698455810546875e-02 1.270644664764404297e-01
4.481124877929687500e-02 7.134628295898437500e-02 1.159105300903320312e-01
4.427003860473632812e-02 7.139730453491210938e-02 1.167333126068115234e-01
4.488086700439453125e-02 7.064032554626464844e-02 1.153612136840820312e-01
4.491448402404785156e-02 7.993006706237792969e-02 1.174495220184326172e-01
4.412460327148437500e-02 7.121467590332031250e-02 1.154918670654296875e-01
4.581904411315917969e-02 7.131433486938476562e-02 1.145875453948974609e-01
4.354953765869140625e-02 6.909227371215820312e-02 1.160950660705566406e-01
4.584741592407226562e-02 7.236623764038085938e-02 1.150131225585937500e-01
4.396557807922363281e-02 6.982207298278808594e-02 1.202890872955322266e-01
4.443097114562988281e-02 6.970024108886718750e-02 1.210227012634277344e-01
4.461193084716796875e-02 7.060575485229492188e-02 1.144986152648925781e-01
4.511117935180664062e-02 7.093954086303710938e-02 1.107590198516845703e-01
4.527997970581054688e-02 7.183313369750976562e-02 1.086442470550537109e-01
4.395031929016113281e-02 6.969285011291503906e-02 1.035170555114746094e-01
4.381966590881347656e-02 7.027912139892578125e-02 1.029856204986572266e-01
4.374313354492187500e-02 7.120156288146972656e-02 1.060807704925537109e-01
