7.928609848022460938e-02 3.159008026123046875e-01 2.195904254913330078e-01
5.299043655395507812e-02 1.234927177429199219e-01 2.097222805023193359e-01
5.409955978393554688e-02 8.446073532104492188e-02 2.119410037994384766e-01
5.431580543518066406e-02 7.095384597778320312e-02 1.251499652862548828e-01
5.304288864135742188e-02 6.836581230163574219e-02 9.920167922973632812e-02
5.824089050292968750e-02 7.140350341796875000e-02 8.296704292297363281e-02
5.444002151489257812e-02 7.000565528869628906e-02 8.518290519714355469e-02
5.620574951171875000e-02 7.672166824340820312e-02 8.472347259521484375e-02
5.589556694030761719e-02 7.025194168090820312e-02 8.430409431457519531e-02
5.541634559631347656e-02 7.033610343933105469e-02 7.891368865966796875e-02
5.549359321594238281e-02 7.007002830505371094e-02 7.987785339355468750e-02
5.734610557556152344e-02 7.142710685729980469e-02 7.962059974670410156e-02
