6.487107276916503906e-02 5.996160507202148438e-01 2.205584049224853516e-01
4.586553573608398438e-02 5.721611976623535156e-01 2.148733139038085938e-01
4.600119590759277344e-02 5.859293937683105469e-01 2.154927253723144531e-01
4.628515243530273438e-02 6.045348644256591797e-01 2.137048244476318359e-01
4.537510871887207031e-02 6.158800125122070312e-01 2.146706581115722656e-01
4.560279846191406250e-02 6.142251491546630859e-01 2.221913337707519531e-01
4.727792739868164062e-02 4.944479465484619141e-01 2.127268314361572266e-01
4.690241813659667969e-02 4.331936836242675781e-01 2.161266803741455078e-01
4.650616645812988281e-02 4.069285392761230469e-01 2.134835720062255859e-01
4.711699485778808594e-02 3.964920043945312500e-01 2.128806114196777344e-01
4.728364944458007812e-02 3.897690773010253906e-01 2.120761871337890625e-01
4.823207855224609375e-02 3.959465026855468750e-01 2.137048244476318359e-01
4.768204689025878906e-02 3.877804279327392578e-01 2.154903411865234375e-01
4.674839973449707031e-02 3.918573856353759766e-01 2.154715061187744141e-01
4.611134529113769531e-02 3.912854194641113281e-01 2.126786708831787109e-01
4.668593406677246094e-02 3.905344009399414062e-01 2.126655578613281250e-01
