6.650495529174804688e-02 1.118335723876953125e-01 9.796833992004394531e-02
4.821658134460449219e-02 7.518196105957031250e-02 1.009697914123535156e-01
5.001926422119140625e-02 8.634614944458007812e-02 1.003365516662597656e-01
4.662537574768066406e-02 8.203220367431640625e-02 1.007964611053466797e-01
4.868078231811523438e-02 8.105325698852539062e-02 9.986901283264160156e-02
4.725432395935058594e-02 7.033038139343261719e-02 9.546017646789550781e-02
4.916572570800781250e-02 7.065439224243164062e-02 7.464933395385742188e-02
4.846620559692382812e-02 6.814670562744140625e-02 5.977010726928710938e-02
4.646563529968261719e-02 6.607007980346679688e-02 5.114936828613281250e-02
4.680466651916503906e-02 6.478357315063476562e-02 4.579997062683105469e-02
4.649019241333007812e-02 6.040644645690917969e-02 4.572582244873046875e-02
