7.151603698730468750e-02 1.168684959411621094e-01 1.771306991577148438e-01
4.589867591857910156e-02 7.292151451110839844e-02 1.689019203186035156e-01
4.481434822082519531e-02 7.112240791320800781e-02 1.342790126800537109e-01
4.684495925903320312e-02 7.483196258544921875e-02 1.282267570495605469e-01
4.672098159790039062e-02 7.265138626098632812e-02 1.095695495605468750e-01
4.626107215881347656e-02 6.999111175537109375e-02 1.057429313659667969e-01
4.633331298828125000e-02 7.013988494873046875e-02 1.087200641632080078e-01
4.767942428588867188e-02 7.222580909729003906e-02 1.043336391448974609e-01
4.594278335571289062e-02 6.850862503051757812e-02 1.051054000854492188e-01
4.608678817749023438e-02 6.819796562194824219e-02 1.060397624969482422e-01
4.752993583679199219e-02 7.274079322814941406e-02 1.062870025634765625e-01
4.861378669738769531e-02 7.335352897644042969e-02 9.904551506042480469e-02
