8.664679527282714844e-02 1.174256801605224609e-01 1.548368930816650391e-01
4.405689239501953125e-02 7.323503494262695312e-02 1.362626552581787109e-01
4.427313804626464844e-02 7.252764701843261719e-02 1.334965229034423828e-01
4.458427429199218750e-02 7.218861579895019531e-02 1.259217262268066406e-01
4.465579986572265625e-02 7.071447372436523438e-02 1.252439022064208984e-01
4.530024528503417969e-02 7.593894004821777344e-02 1.274106502532958984e-01
4.452443122863769531e-02 7.057929039001464844e-02 1.330912113189697266e-01
4.573750495910644531e-02 7.320022583007812500e-02 1.265718936920166016e-01
4.469823837280273438e-02 7.131528854370117188e-02 1.305305957794189453e-01
4.599738121032714844e-02 7.346868515014648438e-02 1.224722862243652344e-01
4.536652565002441406e-02 7.116007804870605469e-02 1.190078258514404297e-01
4.574441909790039062e-02 7.297372817993164062e-02 1.118738651275634766e-01
