4.920315742492675781e-02 6.936216354370117188e-02 8.344125747680664062e-02
4.339480400085449219e-02 6.712031364440917969e-02 7.591247558593750000e-02
4.607605934143066406e-02 7.226777076721191406e-02 7.219314575195312500e-02
4.442214965820312500e-02 6.632757186889648438e-02 7.190942764282226562e-02
4.381346702575683594e-02 6.745433807373046875e-02 7.304930686950683594e-02
4.626560211181640625e-02 7.096195220947265625e-02 7.075667381286621094e-02
4.460883140563964844e-02 6.713557243347167969e-02 7.145214080810546875e-02
4.654335975646972656e-02 7.010340690612792969e-02 7.031416893005371094e-02
4.540681838989257812e-02 6.914639472961425781e-02 6.770753860473632812e-02
4.339551925659179688e-02 6.408500671386718750e-02 6.946516036987304688e-02
4.578971862792968750e-02 7.084727287292480469e-02 7.015395164489746094e-02
4.628658294677734375e-02 7.053875923156738281e-02 6.801080703735351562e-02
4.426050186157226562e-02 6.596851348876953125e-02 6.783366203308105469e-02
4.413986206054687500e-02 6.540513038635253906e-02 6.477355957031250000e-02
4.505157470703125000e-02 6.988120079040527344e-02 6.666827201843261719e-02
4.627490043640136719e-02 7.055211067199707031e-02 6.788802146911621094e-02
4.658627510070800781e-02 7.112383842468261719e-02 6.560802459716796875e-02
4.433894157409667969e-02 6.871104240417480469e-02 6.662988662719726562e-02
4.538321495056152344e-02 6.822872161865234375e-02 6.749725341796875000e-02
4.556608200073242188e-02 6.846690177917480469e-02 6.578278541564941406e-02
4.521632194519042969e-02 6.905412673950195312e-02 6.368398666381835938e-02
