1.244192123413085938e-01 2.375230789184570312e-01 4.584154367446899414e+00
3.070306777954101562e-02 1.164145469665527344e-01 4.589159488677978516e-01
3.770446777343750000e-02 1.159701347351074219e-01 4.489159584045410156e-01
3.904986381530761719e-02 1.103868484497070312e-01 4.368553161621093750e-01
3.732109069824218750e-02 1.409521102905273438e-01 4.554376602172851562e-01
3.785824775695800781e-02 1.391890048980712891e-01 4.362626075744628906e-01
3.903174400329589844e-02 1.628932952880859375e-01 4.424629211425781250e-01
3.892374038696289062e-02 1.862800121307373047e-01 4.450652599334716797e-01
3.796815872192382812e-02 1.808211803436279297e-01 4.374532699584960938e-01
3.782129287719726562e-02 1.988728046417236328e-01 4.539318084716796875e-01
3.776979446411132812e-02 1.733496189117431641e-01 4.465103149414062500e-01
3.778052330017089844e-02 2.006547451019287109e-01 4.449503421783447266e-01
