6.787371635437011719e-02 4.130311012268066406e-01 4.643108844757080078e-01
5.700016021728515625e-02 3.404245376586914062e-01 4.612476825714111328e-01
6.165003776550292969e-02 3.714258670806884766e-01 4.683210849761962891e-01
6.106567382812500000e-02 4.088909626007080078e-01 4.566128253936767578e-01
6.050467491149902344e-02 4.358336925506591797e-01 4.575254917144775391e-01
5.770182609558105469e-02 4.127209186553955078e-01 4.567406177520751953e-01
5.964398384094238281e-02 4.098160266876220703e-01 4.815130233764648438e-01
6.054329872131347656e-02 4.384732246398925781e-01 4.778220653533935547e-01
5.425643920898437500e-02 4.366302490234375000e-01 4.618997573852539062e-01
6.016373634338378906e-02 4.420366287231445312e-01 4.576604366302490234e-01
5.824255943298339844e-02 4.842226505279541016e-01 4.673569202423095703e-01
6.099390983581542969e-02 5.313577651977539062e-01 4.587230682373046875e-01
