7.460641860961914062e-02 1.211228370666503906e-01 1.590650081634521484e-01
4.328918457031250000e-02 8.401036262512207031e-02 1.626327037811279297e-01
4.314613342285156250e-02 7.579231262207031250e-02 1.508178710937500000e-01
4.343032836914062500e-02 7.626581192016601562e-02 1.537322998046875000e-01
4.350447654724121094e-02 7.853507995605468750e-02 1.537859439849853516e-01
4.391026496887207031e-02 8.080101013183593750e-02 1.657404899597167969e-01
4.417538642883300781e-02 8.322310447692871094e-02 1.550266742706298828e-01
4.337882995605468750e-02 8.324623107910156250e-02 1.589405536651611328e-01
4.333829879760742188e-02 8.289194107055664062e-02 1.591696739196777344e-01
4.355216026306152344e-02 8.505868911743164062e-02 1.604914665222167969e-01
4.332780838012695312e-02 8.667016029357910156e-02 1.562802791595458984e-01
4.289245605468750000e-02 9.031844139099121094e-02 1.575942039489746094e-01
4.364275932312011719e-02 9.153795242309570312e-02 1.577763557434082031e-01
4.338765144348144531e-02 9.679269790649414062e-02 1.588549613952636719e-01
