6.343698501586914062e-02 2.942595481872558594e-01 1.998012065887451172e-01
4.332494735717773438e-02 2.522599697113037109e-01 1.970911026000976562e-01
4.341602325439453125e-02 2.468640804290771484e-01 2.024369239807128906e-01
4.462122917175292969e-02 2.534799575805664062e-01 1.961250305175781250e-01
4.480457305908203125e-02 2.490653991699218750e-01 2.024726867675781250e-01
5.015587806701660156e-02 2.652833461761474609e-01 2.059395313262939453e-01
4.413080215454101562e-02 2.536957263946533203e-01 2.020294666290283203e-01
4.464173316955566406e-02 2.505135536193847656e-01 1.986134052276611328e-01
4.486584663391113281e-02 2.535262107849121094e-01 2.051393985748291016e-01
4.548311233520507812e-02 2.542917728424072266e-01 1.972198486328125000e-01
4.534363746643066406e-02 2.548837661743164062e-01 2.036159038543701172e-01
4.488110542297363281e-02 2.476999759674072266e-01 2.001008987426757812e-01
4.480171203613281250e-02 2.479493618011474609e-01 1.995153427124023438e-01
4.470491409301757812e-02 2.489111423492431641e-01 2.020928859710693359e-01
4.423689842224121094e-02 2.498207092285156250e-01 2.043886184692382812e-01
4.568457603454589844e-02 2.564809322357177734e-01 1.986825466156005859e-01
