6.522488594055175781e-02 1.039099693298339844e-01 3.544950485229492188e-01
6.032276153564453125e-02 9.520530700683593750e-02 3.428528308868408203e-01
5.921077728271484375e-02 7.899236679077148438e-02 3.464906215667724609e-01
5.782032012939453125e-02 8.082056045532226562e-02 3.446469306945800781e-01
5.794358253479003906e-02 8.352351188659667969e-02 3.475711345672607422e-01
5.953907966613769531e-02 8.480596542358398438e-02 3.467240333557128906e-01
6.108641624450683594e-02 1.048433780670166016e-01 3.504190444946289062e-01
5.931997299194335938e-02 9.004044532775878906e-02 3.485956192016601562e-01
6.136512756347656250e-02 1.100609302520751953e-01 3.503975868225097656e-01
5.915594100952148438e-02 9.420990943908691406e-02 3.518786430358886719e-01
5.944895744323730469e-02 9.546875953674316406e-02 3.607981204986572266e-01
5.958151817321777344e-02 9.846234321594238281e-02 3.503918647766113281e-01
6.166672706604003906e-02 1.203906536102294922e-01 3.605988025665283203e-01
5.909609794616699219e-02 1.039137840270996094e-01 3.491952419281005859e-01
