5.050015449523925781e-02 6.424889564514160156e-01 2.234914302825927734e-01
5.045819282531738281e-02 5.990884304046630859e-01 2.423293590545654297e-01
5.043435096740722656e-02 5.125808715820312500e-01 2.391104698181152344e-01
5.191254615783691406e-02 4.482679367065429688e-01 2.310249805450439453e-01
5.074286460876464844e-02 3.962626457214355469e-01 2.301924228668212891e-01
4.928469657897949219e-02 3.670623302459716797e-01 2.351310253143310547e-01
5.565905570983886719e-02 3.639314174652099609e-01 2.308309078216552734e-01
5.047512054443359375e-02 3.066983222961425781e-01 2.377045154571533203e-01
4.994630813598632812e-02 3.006405830383300781e-01 2.230281829833984375e-01
4.994893074035644531e-02 3.106501102447509766e-01 2.356457710266113281e-01
5.366849899291992188e-02 3.342239856719970703e-01 2.298271656036376953e-01
5.058765411376953125e-02 3.235599994659423828e-01 2.346503734588623047e-01
5.077576637268066406e-02 3.367810249328613281e-01 2.204737663269042969e-01
5.039620399475097656e-02 3.316071033477783203e-01 2.280228137969970703e-01
4.982900619506835938e-02 3.476340770721435547e-01 2.207796573638916016e-01
5.007529258728027344e-02 3.483841419219970703e-01 2.357621192932128906e-01
5.000281333923339844e-02 3.657212257385253906e-01 2.219455242156982422e-01
4.981088638305664062e-02 3.548407554626464844e-01 2.320780754089355469e-01
4.994297027587890625e-02 4.271566867828369141e-01 2.389624118804931641e-01
5.170297622680664062e-02 4.461512565612792969e-01 2.392947673797607422e-01
