1.556243896484375000e-01 0.000000000000000000e+00
6.511316299438476562e-01 1.744410991668701172e-01
6.539046764373779297e-01 1.948354244232177734e-01
6.657550334930419922e-01 1.741621494293212891e-01
6.764166355133056641e-01 1.750097274780273438e-01
6.578228473663330078e-01 1.746201515197753906e-01
6.857898235321044922e-01 1.754519939422607422e-01
6.635022163391113281e-01 1.796176433563232422e-01
6.547386646270751953e-01 1.720981597900390625e-01
6.633951663970947266e-01 1.804006099700927734e-01
6.568977832794189453e-01 2.065393924713134766e-01
6.537678241729736328e-01 1.799545288085937500e-01
6.739361286163330078e-01 1.945421695709228516e-01
6.599969863891601562e-01 1.737921237945556641e-01
6.402757167816162109e-01 1.723275184631347656e-01
6.783425807952880859e-01 2.062542438507080078e-01
6.663596630096435547e-01 1.719377040863037109e-01
6.554551124572753906e-01 1.719603538513183594e-01
6.652431488037109375e-01 1.747598648071289062e-01
6.712667942047119141e-01 1.750378608703613281e-01
6.582572460174560547e-01 1.866362094879150391e-01
6.838433742523193359e-01 1.769578456878662109e-01
6.634609699249267578e-01 1.717143058776855469e-01
6.517105102539062500e-01 1.713392734527587891e-01
6.617166996002197266e-01 2.042453289031982422e-01
6.434409618377685547e-01 1.725437641143798828e-01
6.936070919036865234e-01 1.806647777557373047e-01
6.712121963500976562e-01 1.719028949737548828e-01
6.583175659179687500e-01 1.731176376342773438e-01
6.607012748718261719e-01 1.749379634857177734e-01
6.580350399017333984e-01 1.726288795471191406e-01
6.541948318481445312e-01 1.727607250213623047e-01
6.801378726959228516e-01 1.799576282501220703e-01
6.549515724182128906e-01 1.741926670074462891e-01
6.663086414337158203e-01 1.729247570037841797e-01
