6.658458709716796875e-02 3.969235420227050781e-01 6.033782958984375000e-01
6.680464744567871094e-02 2.969529628753662109e-01 5.768015384674072266e-01
6.696367263793945312e-02 3.266136646270751953e-01 5.963070392608642578e-01
6.706285476684570312e-02 3.854577541351318359e-01 6.075785160064697266e-01
6.707477569580078125e-02 3.598453998565673828e-01 6.002314090728759766e-01
6.700110435485839844e-02 4.650561809539794922e-01 6.616165637969970703e-01
6.704425811767578125e-02 5.558516979217529297e-01 6.568138599395751953e-01
6.750297546386718750e-02 5.340843200683593750e-01 6.640691757202148438e-01
6.751799583435058594e-02 5.891814231872558594e-01 6.855251789093017578e-01
6.774044036865234375e-02 6.140379905700683594e-01 6.887958049774169922e-01
6.736326217651367188e-02 6.781542301177978516e-01 6.928060054779052734e-01
6.705498695373535156e-02 7.036271095275878906e-01 6.938929557800292969e-01
