9.166693687438964844e-02 5.812196731567382812e-01 4.635581970214843750e-01
6.084060668945312500e-02 4.700608253479003906e-01 4.543051719665527344e-01
5.893278121948242188e-02 4.459466934204101562e-01 4.577057361602783203e-01
5.801630020141601562e-02 4.539525508880615234e-01 4.566497802734375000e-01
5.944323539733886719e-02 4.972012042999267578e-01 4.610371589660644531e-01
5.970668792724609375e-02 4.947364330291748047e-01 4.615578651428222656e-01
5.961275100708007812e-02 5.196156501770019531e-01 4.684748649597167969e-01
5.905914306640625000e-02 5.173537731170654297e-01 4.655182361602783203e-01
6.288671493530273438e-02 5.633447170257568359e-01 4.607806205749511719e-01
6.305360794067382812e-02 5.694549083709716797e-01 4.680445194244384766e-01
5.844879150390625000e-02 5.550758838653564453e-01 4.617142677307128906e-01
6.239390373229980469e-02 5.709369182586669922e-01 4.514756202697753906e-01
6.179857254028320312e-02 5.646574497222900391e-01 4.629426002502441406e-01
5.966067314147949219e-02 5.462749004364013672e-01 4.597866535186767578e-01
