8.020186424255371094e-02 5.741579532623291016e-01 2.006506919860839844e-01
5.167937278747558594e-02 5.333259105682373047e-01 2.109677791595458984e-01
5.273222923278808594e-02 5.296936035156250000e-01 1.960439682006835938e-01
5.517005920410156250e-02 5.212967395782470703e-01 2.062997817993164062e-01
5.460691452026367188e-02 5.265247821807861328e-01 2.021341323852539062e-01
5.304050445556640625e-02 5.053832530975341797e-01 2.017719745635986328e-01
5.424880981445312500e-02 5.044457912445068359e-01 2.033817768096923828e-01
5.449438095092773438e-02 4.953718185424804688e-01 2.051680088043212891e-01
5.261588096618652344e-02 4.836726188659667969e-01 1.960303783416748047e-01
5.134701728820800781e-02 4.727761745452880859e-01 2.055282592773437500e-01
5.198216438293457031e-02 4.734404087066650391e-01 1.962258815765380859e-01
