7.481741905212402344e-02 1.417396068572998047e-01 2.188947200775146484e-01
5.316805839538574219e-02 1.364974975585937500e-01 2.207219600677490234e-01
5.514407157897949219e-02 1.535274982452392578e-01 2.111787796020507812e-01
5.626344680786132812e-02 1.610038280487060547e-01 2.213327884674072266e-01
5.348849296569824219e-02 1.627562046051025391e-01 2.077310085296630859e-01
5.312490463256835938e-02 1.637392044067382812e-01 2.211155891418457031e-01
5.548977851867675781e-02 1.710379123687744141e-01 2.084767818450927734e-01
5.430150032043457031e-02 1.662795543670654297e-01 2.209980487823486328e-01
5.531883239746093750e-02 1.746346950531005859e-01 2.085459232330322266e-01
5.346703529357910156e-02 1.789627075195312500e-01 2.161026000976562500e-01
5.445694923400878906e-02 1.834266185760498047e-01 2.078235149383544922e-01
5.384492874145507812e-02 1.839416027069091797e-01 2.215652465820312500e-01
5.335426330566406250e-02 1.824855804443359375e-01 2.110059261322021484e-01
5.464172363281250000e-02 1.962962150573730469e-01 2.206115722656250000e-01
5.323100090026855469e-02 1.889536380767822266e-01 2.079272270202636719e-01
5.320334434509277344e-02 1.918809413909912109e-01 2.165236473083496094e-01
5.296683311462402344e-02 1.924324035644531250e-01 2.104480266571044922e-01
5.460119247436523438e-02 1.989169120788574219e-01 2.215297222137451172e-01
5.462479591369628906e-02 1.999309062957763672e-01 2.082962989807128906e-01
