5.040740966796875000e-02 1.412587165832519531e-01 2.336359024047851562e-01
4.895853996276855469e-02 1.030898094177246094e-01 2.174801826477050781e-01
4.910564422607421875e-02 8.984684944152832031e-02 2.136657238006591797e-01
4.931545257568359375e-02 8.110713958740234375e-02 2.016787528991699219e-01
4.846835136413574219e-02 7.652902603149414062e-02 1.621475219726562500e-01
4.925227165222167969e-02 7.266950607299804688e-02 1.287395954132080078e-01
4.919886589050292969e-02 7.593941688537597656e-02 1.370558738708496094e-01
4.945707321166992188e-02 7.565617561340332031e-02 1.299979686737060547e-01
4.856777191162109375e-02 7.360005378723144531e-02 1.330320835113525391e-01
4.888892173767089844e-02 7.147693634033203125e-02 9.880399703979492188e-02
5.059361457824707031e-02 7.668876647949218750e-02 1.013114452362060547e-01
5.308651924133300781e-02 7.649564743041992188e-02 8.113598823547363281e-02
4.919528961181640625e-02 6.757211685180664062e-02 7.866430282592773438e-02
4.923462867736816406e-02 6.759428977966308594e-02 7.339358329772949219e-02
5.105233192443847656e-02 7.522892951965332031e-02 6.678366661071777344e-02
4.967737197875976562e-02 6.727313995361328125e-02 7.014727592468261719e-02
5.272126197814941406e-02 7.588529586791992188e-02 6.966638565063476562e-02
5.404400825500488281e-02 7.989859580993652344e-02 6.674885749816894531e-02
5.200982093811035156e-02 7.631683349609375000e-02 6.727099418640136719e-02
5.033516883850097656e-02 6.840324401855468750e-02 6.990480422973632812e-02
5.146837234497070312e-02 7.617807388305664062e-02 6.980514526367187500e-02
4.945969581604003906e-02 6.722116470336914062e-02 7.010984420776367188e-02
5.220603942871093750e-02 7.689571380615234375e-02 7.111573219299316406e-02
5.285286903381347656e-02 8.040976524353027344e-02 7.090353965759277344e-02
