5.876164436340332031e-01 0.000000000000000000e+00
7.978312969207763672e-01 2.026455402374267578e-01
8.065457344055175781e-01 2.062253952026367188e-01
7.689476013183593750e-01 2.032399177551269531e-01
8.783154487609863281e-01 2.038745880126953125e-01
7.757761478424072266e-01 2.044041156768798828e-01
7.663218975067138672e-01 2.026834487915039062e-01
7.682862281799316406e-01 2.027308940887451172e-01
7.845861911773681641e-01 2.025406360626220703e-01
7.887508869171142578e-01 2.024931907653808594e-01
7.658019065856933594e-01 2.025451660156250000e-01
7.799649238586425781e-01 2.112231254577636719e-01
7.761142253875732422e-01 2.089836597442626953e-01
7.760055065155029297e-01 2.023386955261230469e-01
7.788085937500000000e-01 2.019829750061035156e-01
7.799060344696044922e-01 2.041532993316650391e-01
7.775070667266845703e-01 2.085120677947998047e-01
7.842242717742919922e-01 2.098455429077148438e-01
7.785434722900390625e-01 2.101464271545410156e-01
7.894423007965087891e-01 2.035920619964599609e-01
7.893886566162109375e-01 2.032678127288818359e-01
7.817697525024414062e-01 2.102532386779785156e-01
7.756021022796630859e-01 2.097661495208740234e-01
7.894079685211181641e-01 2.109096050262451172e-01
7.920606136322021484e-01 2.029345035552978516e-01
7.787008285522460938e-01 2.102267742156982422e-01
7.738134860992431641e-01 2.028832435607910156e-01
7.736976146697998047e-01 2.120785713195800781e-01
7.868278026580810547e-01 2.009258270263671875e-01
7.748565673828125000e-01 2.016208171844482422e-01
7.743451595306396484e-01 2.023212909698486328e-01
7.583150863647460938e-01 2.099540233612060547e-01
7.754504680633544922e-01 2.018754482269287109e-01
7.898466587066650391e-01 2.033860683441162109e-01
7.873811721801757812e-01 2.093253135681152344e-01
7.871325016021728516e-01 2.103381156921386719e-01
7.788581848144531250e-01 2.015564441680908203e-01
7.839884757995605469e-01 2.017061710357666016e-01
7.786650657653808594e-01 2.017936706542968750e-01
7.722060680389404297e-01 2.027564048767089844e-01
7.867784500122070312e-01 2.026715278625488281e-01
7.718966007232666016e-01 2.118711471557617188e-01
7.733678817749023438e-01 1.998283863067626953e-01
7.724893093109130859e-01 2.018945217132568359e-01
7.657003402709960938e-01 2.089614868164062500e-01
7.809617519378662109e-01 2.109022140502929688e-01
7.787983417510986328e-01 2.082824707031250000e-01
7.640056610107421875e-01 2.023291587829589844e-01
7.836704254150390625e-01 2.092454433441162109e-01
7.729902267456054688e-01 2.097523212432861328e-01
7.834630012512207031e-01 2.041172981262207031e-01
7.744863033294677734e-01 2.030012607574462891e-01
7.818956375122070312e-01 2.108500003814697266e-01
7.767498493194580078e-01 2.031655311584472656e-01
7.928051948547363281e-01 2.028808593750000000e-01
7.589020729064941406e-01 2.095198631286621094e-01
7.821497917175292969e-01 2.013251781463623047e-01
7.756285667419433594e-01 2.069084644317626953e-01
7.781429290771484375e-01 2.103130817413330078e-01
7.810654640197753906e-01 2.111215591430664062e-01
