4.653096199035644531e-02 3.125426769256591797e-01 4.436702728271484375e-01
3.452062606811523438e-02 2.369253635406494141e-01 4.508876800537109375e-01
3.767895698547363281e-02 2.351450920104980469e-01 4.544773101806640625e-01
3.718829154968261719e-02 2.442045211791992188e-01 4.560515880584716797e-01
3.825187683105468750e-02 2.296183109283447266e-01 4.535155296325683594e-01
3.708052635192871094e-02 2.383067607879638672e-01 4.407768249511718750e-01
3.763675689697265625e-02 2.201747894287109375e-01 4.461052417755126953e-01
3.756642341613769531e-02 2.377457618713378906e-01 4.418880939483642578e-01
3.826761245727539062e-02 2.400271892547607422e-01 4.533355236053466797e-01
3.745436668395996094e-02 2.126924991607666016e-01 4.390158653259277344e-01
3.760814666748046875e-02 2.158885002136230469e-01 4.459688663482666016e-01
