6.802487373352050781e-02 6.829583644866943359e-01 2.002902030944824219e-01
4.906916618347167969e-02 6.575133800506591797e-01 2.126016616821289062e-01
4.909586906433105469e-02 6.753189563751220703e-01 2.139172554016113281e-01
4.962730407714843750e-02 6.751286983489990234e-01 2.220528125762939453e-01
4.776334762573242188e-02 6.727571487426757812e-01 2.024202346801757812e-01
4.817557334899902344e-02 6.578495502471923828e-01 2.219247817993164062e-01
4.819631576538085938e-02 6.764092445373535156e-01 2.032368183135986328e-01
4.828310012817382812e-02 6.740150451660156250e-01 2.222070693969726562e-01
4.847836494445800781e-02 6.781110763549804688e-01 2.072687149047851562e-01
4.848027229309082031e-02 6.922428607940673828e-01 2.117257118225097656e-01
4.831576347351074219e-02 6.764976978302001953e-01 2.143452167510986328e-01
