6.489133834838867188e-02 1.229090690612792969e-01 1.947040557861328125e-01
4.511594772338867188e-02 9.717416763305664062e-02 1.900761127471923828e-01
4.402112960815429688e-02 1.018879413604736328e-01 2.033627033233642578e-01
4.492545127868652344e-02 9.140086174011230469e-02 1.898763179779052734e-01
4.479336738586425781e-02 8.790850639343261719e-02 1.915600299835205078e-01
4.450106620788574219e-02 8.219647407531738281e-02 1.955027580261230469e-01
4.514408111572265625e-02 8.112072944641113281e-02 1.970627307891845703e-01
4.572200775146484375e-02 8.272528648376464844e-02 1.853115558624267578e-01
4.471206665039062500e-02 7.847285270690917969e-02 1.856977939605712891e-01
4.523158073425292969e-02 7.870960235595703125e-02 1.802508831024169922e-01
4.537463188171386719e-02 7.533288002014160156e-02 1.528873443603515625e-01
4.460406303405761719e-02 7.450699806213378906e-02 1.361117362976074219e-01
