7.907176017761230469e-02 1.255445480346679688e-01 1.721014976501464844e-01
4.365396499633789062e-02 8.036065101623535156e-02 1.768653392791748047e-01
4.468226432800292969e-02 8.549427986145019531e-02 1.741349697113037109e-01
4.425525665283203125e-02 9.021973609924316406e-02 1.832301616668701172e-01
4.513740539550781250e-02 9.984636306762695312e-02 1.895339488983154297e-01
4.439997673034667969e-02 1.021664142608642578e-01 1.877322196960449219e-01
4.402565956115722656e-02 1.070692539215087891e-01 1.756339073181152344e-01
4.407358169555664062e-02 1.068921089172363281e-01 1.831877231597900391e-01
4.445075988769531250e-02 1.080415248870849609e-01 1.754918098449707031e-01
4.417324066162109375e-02 1.082797050476074219e-01 1.827042102813720703e-01
4.447174072265625000e-02 1.092178821563720703e-01 1.776349544525146484e-01
