4.008769989013671875e-02 1.341369152069091797e-01 1.588561534881591797e-01
2.511930465698242188e-02 7.341551780700683594e-02 1.642940044403076172e-01
2.680826187133789062e-02 7.776689529418945312e-02 1.452484130859375000e-01
2.620625495910644531e-02 7.443070411682128906e-02 1.495451927185058594e-01
2.766585350036621094e-02 7.584023475646972656e-02 1.368827819824218750e-01
2.764415740966796875e-02 7.393980026245117188e-02 1.291015148162841797e-01
2.717828750610351562e-02 7.458066940307617188e-02 1.240601539611816406e-01
2.687358856201171875e-02 8.008694648742675781e-02 1.160359382629394531e-01
2.679157257080078125e-02 7.453894615173339844e-02 1.143293380737304688e-01
2.757525444030761719e-02 7.486605644226074219e-02 1.126627922058105469e-01
2.672553062438964844e-02 7.581877708435058594e-02 1.284706592559814453e-01
2.711653709411621094e-02 7.143139839172363281e-02 1.128885746002197266e-01
2.621173858642578125e-02 7.140707969665527344e-02 1.139039993286132812e-01
2.644610404968261719e-02 7.194066047668457031e-02 1.133053302764892578e-01
2.627968788146972656e-02 7.363462448120117188e-02 1.135163307189941406e-01
2.623295783996582031e-02 7.244133949279785156e-02 1.142711639404296875e-01
2.746105194091796875e-02 7.723331451416015625e-02 1.142108440399169922e-01
2.628397941589355469e-02 7.140254974365234375e-02 1.143445968627929688e-01
2.747321128845214844e-02 7.567262649536132812e-02 1.151826381683349609e-01
2.713251113891601562e-02 7.401704788208007812e-02 1.141374111175537109e-01
