6.573557853698730469e-02 4.281272888183593750e-01 2.077174186706542969e-01
4.426264762878417969e-02 3.685319423675537109e-01 2.079443931579589844e-01
4.466629028320312500e-02 3.671231269836425781e-01 2.030594348907470703e-01
4.556488990783691406e-02 3.651065826416015625e-01 1.991040706634521484e-01
4.449868202209472656e-02 3.526778221130371094e-01 2.078542709350585938e-01
4.596662521362304688e-02 3.540251255035400391e-01 1.986196041107177734e-01
4.504442214965820312e-02 3.528547286987304688e-01 2.068548202514648438e-01
4.464840888977050781e-02 3.490467071533203125e-01 1.982293128967285156e-01
4.455757141113281250e-02 3.534333705902099609e-01 2.074525356292724609e-01
4.598498344421386719e-02 3.600022792816162109e-01 2.041552066802978516e-01
4.468584060668945312e-02 3.475923538208007812e-01 2.044293880462646484e-01
