7.839059829711914062e-02 6.036248207092285156e-01 4.576568603515625000e-01
5.774259567260742188e-02 5.866382122039794922e-01 4.666199684143066406e-01
6.095504760742187500e-02 6.503994464874267578e-01 4.586970806121826172e-01
6.309509277343750000e-02 6.704623699188232422e-01 4.692480564117431641e-01
5.922222137451171875e-02 6.454694271087646484e-01 4.685900211334228516e-01
6.314373016357421875e-02 6.691300868988037109e-01 4.689018726348876953e-01
6.303048133850097656e-02 7.003047466278076172e-01 4.617483615875244141e-01
6.034970283508300781e-02 7.038364410400390625e-01 4.740042686462402344e-01
6.258535385131835938e-02 7.059447765350341797e-01 4.631381034851074219e-01
6.188702583312988281e-02 7.062039375305175781e-01 4.757843017578125000e-01
6.063055992126464844e-02 7.326433658599853516e-01 4.665300846099853516e-01
6.137275695800781250e-02 7.227861881256103516e-01 4.781532287597656250e-01
5.833101272583007812e-02 7.133285999298095703e-01 4.688870906829833984e-01
6.146335601806640625e-02 7.147746086120605469e-01 4.973762035369873047e-01
