3.397154808044433594e-02 4.276447296142578125e-01 2.028028964996337891e-01
2.614974975585937500e-02 3.972816467285156250e-01 2.011032104492187500e-01
2.535510063171386719e-02 4.016506671905517578e-01 2.016229629516601562e-01
2.538180351257324219e-02 4.179577827453613281e-01 2.023484706878662109e-01
2.452254295349121094e-02 4.357416629791259766e-01 2.026793956756591797e-01
2.629208564758300781e-02 4.421291351318359375e-01 2.000303268432617188e-01
2.651119232177734375e-02 4.407236576080322266e-01 2.002623081207275391e-01
2.658462524414062500e-02 4.401121139526367188e-01 2.017464637756347656e-01
2.592563629150390625e-02 4.326984882354736328e-01 2.039299011230468750e-01
2.552008628845214844e-02 4.330451488494873047e-01 2.032086849212646484e-01
2.470421791076660156e-02 4.362981319427490234e-01 2.022738456726074219e-01
2.634453773498535156e-02 4.622697830200195312e-01 1.993021965026855469e-01
2.606034278869628906e-02 4.756743907928466797e-01 2.042825222015380859e-01
2.680087089538574219e-02 4.689211845397949219e-01 2.027993202209472656e-01
2.630877494812011719e-02 4.330775737762451172e-01 2.007515430450439453e-01
2.580070495605468750e-02 4.054114818572998047e-01 2.010455131530761719e-01
2.577018737792968750e-02 3.977403640747070312e-01 2.041583061218261719e-01
2.710556983947753906e-02 3.755922317504882812e-01 2.004489898681640625e-01
2.694725990295410156e-02 3.644094467163085938e-01 1.984684467315673828e-01
2.686405181884765625e-02 3.543183803558349609e-01 1.992835998535156250e-01
