3.201532363891601562e-02 2.202532291412353516e-01 4.553625583648681641e-01
3.480291366577148438e-02 2.126169204711914062e-01 4.489195346832275391e-01
3.591299057006835938e-02 1.824994087219238281e-01 4.426877498626708984e-01
3.771495819091796875e-02 1.646976470947265625e-01 4.419536590576171875e-01
3.738689422607421875e-02 1.562452316284179688e-01 4.651091098785400391e-01
3.698539733886718750e-02 1.259126663208007812e-01 4.447503089904785156e-01
3.712654113769531250e-02 1.351699829101562500e-01 4.484713077545166016e-01
3.716874122619628906e-02 1.498398780822753906e-01 4.383735656738281250e-01
3.679370880126953125e-02 1.577267646789550781e-01 4.410915374755859375e-01
3.733682632446289062e-02 1.544668674468994141e-01 4.480440616607666016e-01
3.732466697692871094e-02 1.584680080413818359e-01 4.555723667144775391e-01
3.808808326721191406e-02 1.722216606140136719e-01 4.472732543945312500e-01
3.799653053283691406e-02 1.459162235260009766e-01 4.426245689392089844e-01
3.794002532958984375e-02 1.405768394470214844e-01 4.504988193511962891e-01
3.815293312072753906e-02 1.378614902496337891e-01 4.447753429412841797e-01
