3.042078018188476562e-02 2.537972927093505859e-01 2.177460193634033203e-01
2.698469161987304688e-02 2.505447864532470703e-01 2.184002399444580078e-01
2.692866325378417969e-02 2.465333938598632812e-01 2.152345180511474609e-01
2.763247489929199219e-02 2.617883682250976562e-01 2.135014533996582031e-01
2.783107757568359375e-02 2.638728618621826172e-01 2.155945301055908203e-01
2.653741836547851562e-02 2.647747993469238281e-01 2.128624916076660156e-01
2.666234970092773438e-02 2.677042484283447266e-01 2.109963893890380859e-01
2.641677856445312500e-02 2.697787284851074219e-01 2.193861007690429688e-01
2.752995491027832031e-02 2.782008647918701172e-01 2.087707519531250000e-01
2.779483795166015625e-02 2.793483734130859375e-01 2.152252197265625000e-01
2.740240097045898438e-02 2.807435989379882812e-01 2.097496986389160156e-01
2.751255035400390625e-02 2.758069038391113281e-01 2.197399139404296875e-01
2.669739723205566406e-02 2.787709236145019531e-01 2.091908454895019531e-01
2.694869041442871094e-02 2.731809616088867188e-01 2.198112010955810547e-01
2.786397933959960938e-02 2.778837680816650391e-01 2.094817161560058594e-01
2.753043174743652344e-02 2.830619812011718750e-01 2.144742012023925781e-01
2.715754508972167969e-02 2.770969867706298828e-01 2.072730064392089844e-01
2.649450302124023438e-02 2.730882167816162109e-01 2.147431373596191406e-01
2.657365798950195312e-02 2.780272960662841797e-01 2.088954448699951172e-01
2.657127380371093750e-02 2.781081199645996094e-01 2.187592983245849609e-01
2.700090408325195312e-02 2.791130542755126953e-01 2.080750465393066406e-01
2.696490287780761719e-02 2.870776653289794922e-01 2.189860343933105469e-01
2.716064453125000000e-02 2.970054149627685547e-01 2.136499881744384766e-01
