7.111310958862304688e-02 9.907293319702148438e-02 1.792969703674316406e-01
4.589700698852539062e-02 7.641029357910156250e-02 1.755108833312988281e-01
4.841494560241699219e-02 8.748102188110351562e-02 1.737844944000244141e-01
4.739117622375488281e-02 7.846117019653320312e-02 1.738045215606689453e-01
4.669594764709472656e-02 7.765245437622070312e-02 1.762299537658691406e-01
4.709386825561523438e-02 7.889056205749511719e-02 1.723785400390625000e-01
4.705166816711425781e-02 8.704090118408203125e-02 1.779539585113525391e-01
4.798245429992675781e-02 8.854436874389648438e-02 1.737515926361083984e-01
4.637098312377929688e-02 8.201026916503906250e-02 1.757211685180664062e-01
4.571580886840820312e-02 8.169722557067871094e-02 1.775040626525878906e-01
4.569196701049804688e-02 7.992911338806152344e-02 1.787600517272949219e-01
4.625201225280761719e-02 7.924723625183105469e-02 1.751999855041503906e-01
4.563617706298828125e-02 7.988286018371582031e-02 1.738154888153076172e-01
4.656457901000976562e-02 7.880306243896484375e-02 1.730055809020996094e-01
4.623675346374511719e-02 8.063387870788574219e-02 1.768109798431396484e-01
4.648423194885253906e-02 8.004379272460937500e-02 1.755235195159912109e-01
4.665517807006835938e-02 7.989597320556640625e-02 1.771128177642822266e-01
4.613399505615234375e-02 7.986283302307128906e-02 1.730887889862060547e-01
4.659557342529296875e-02 8.741736412048339844e-02 1.746506690979003906e-01
4.594302177429199219e-02 7.937979698181152344e-02 1.768083572387695312e-01
4.599404335021972656e-02 8.396840095520019531e-02 1.765704154968261719e-01
4.607653617858886719e-02 8.064889907836914062e-02 1.784772872924804688e-01
