6.647682189941406250e-02 8.037312030792236328e-01 7.172811031341552734e-01
6.684374809265136719e-02 8.093714714050292969e-01 6.967592239379882812e-01
6.687593460083007812e-02 8.024022579193115234e-01 6.888158321380615234e-01
7.046365737915039062e-02 8.237535953521728516e-01 6.958358287811279297e-01
7.222747802734375000e-02 8.041276931762695312e-01 7.120292186737060547e-01
6.689810752868652344e-02 7.953264713287353516e-01 6.849203109741210938e-01
6.743717193603515625e-02 7.980954647064208984e-01 7.067701816558837891e-01
6.652379035949707031e-02 7.764904499053955078e-01 6.999528408050537109e-01
6.728506088256835938e-02 7.890806198120117188e-01 6.831181049346923828e-01
6.659936904907226562e-02 7.806625366210937500e-01 7.064082622528076172e-01
6.984996795654296875e-02 7.878994941711425781e-01 7.043774127960205078e-01
6.672716140747070312e-02 7.825148105621337891e-01 6.821787357330322266e-01
6.692242622375488281e-02 7.729790210723876953e-01 6.918420791625976562e-01
6.681132316589355469e-02 7.768943309783935547e-01 7.022390365600585938e-01
6.650853157043457031e-02 7.757551670074462891e-01 7.069878578186035156e-01
6.679534912109375000e-02 7.798678874969482422e-01 6.907544136047363281e-01
6.676077842712402344e-02 7.818558216094970703e-01 6.764287948608398438e-01
6.667971611022949219e-02 7.875597476959228516e-01 6.834888458251953125e-01
6.670570373535156250e-02 7.986180782318115234e-01 6.910951137542724609e-01
6.694531440734863281e-02 7.971262931823730469e-01 6.844999790191650391e-01
6.682419776916503906e-02 8.063683509826660156e-01 6.890628337860107422e-01
6.701016426086425781e-02 8.053507804870605469e-01 6.673238277435302734e-01
6.683850288391113281e-02 8.102316856384277344e-01 7.122597694396972656e-01
6.694793701171875000e-02 8.200919628143310547e-01 7.012279033660888672e-01
6.695151329040527344e-02 8.279528617858886719e-01 6.962783336639404297e-01
6.694102287292480469e-02 8.315756320953369141e-01 7.221937179565429688e-01
6.726169586181640625e-02 8.381235599517822266e-01 7.017288208007812500e-01
6.723976135253906250e-02 8.532893657684326172e-01 7.109107971191406250e-01
6.721067428588867188e-02 8.590612411499023438e-01 7.220458984375000000e-01
6.739711761474609375e-02 8.680465221405029297e-01 7.034118175506591797e-01
6.739139556884765625e-02 8.677020072937011719e-01 7.049667835235595703e-01
6.729006767272949219e-02 8.620359897613525391e-01 7.251684665679931641e-01
