5.192470550537109375e-02 1.369287967681884766e-01 2.074899673461914062e-01
4.765439033508300781e-02 1.285202503204345703e-01 2.078206539154052734e-01
4.785680770874023438e-02 1.295297145843505859e-01 2.114543914794921875e-01
4.715704917907714844e-02 1.273050308227539062e-01 2.033081054687500000e-01
4.672574996948242188e-02 1.246480941772460938e-01 2.117702960968017578e-01
4.782748222351074219e-02 1.253290176391601562e-01 1.996901035308837891e-01
4.776644706726074219e-02 1.245124340057373047e-01 2.064423561096191406e-01
4.677128791809082031e-02 1.242070198059082031e-01 2.096774578094482422e-01
4.829382896423339844e-02 1.535632610321044922e-01 1.980872154235839844e-01
4.689264297485351562e-02 1.243739128112792969e-01 1.990919113159179688e-01
4.665350914001464844e-02 1.243658065795898438e-01 1.991620063781738281e-01
4.681897163391113281e-02 1.273417472839355469e-01 1.994342803955078125e-01
4.706239700317382812e-02 1.268610954284667969e-01 1.984016895294189453e-01
4.653453826904296875e-02 1.274416446685791016e-01 1.978833675384521484e-01
4.707622528076171875e-02 1.273372173309326172e-01 2.149155139923095703e-01
4.896116256713867188e-02 1.294865608215332031e-01 2.029733657836914062e-01
4.890871047973632812e-02 1.261181831359863281e-01 2.080004215240478516e-01
4.556608200073242188e-02 1.229712963104248047e-01 2.081456184387207031e-01
4.711270332336425781e-02 1.223611831665039062e-01 2.087047100067138672e-01
4.832673072814941406e-02 1.266088485717773438e-01 2.003872394561767578e-01
4.821038246154785156e-02 1.262731552124023438e-01 2.084987163543701172e-01
4.775810241699218750e-02 1.274821758270263672e-01 2.074689865112304688e-01
5.106425285339355469e-02 1.358478069305419922e-01 2.037181854248046875e-01
4.774236679077148438e-02 1.295397281646728516e-01 2.144460678100585938e-01
4.766273498535156250e-02 1.269898414611816406e-01 1.969475746154785156e-01
4.754686355590820312e-02 1.283175945281982422e-01 2.036488056182861328e-01
4.697871208190917969e-02 1.262104511260986328e-01 2.022988796234130859e-01
4.700517654418945312e-02 1.280829906463623047e-01 2.149207592010498047e-01
4.851365089416503906e-02 1.304144859313964844e-01 2.017905712127685547e-01
4.822349548339843750e-02 1.310036182403564453e-01 2.026121616363525391e-01
4.818367958068847656e-02 1.315562725067138672e-01 2.078809738159179688e-01
4.765605926513671875e-02 1.331479549407958984e-01 1.987018585205078125e-01
