6.523132324218750000e-02 3.114550113677978516e-01 4.491217136383056641e-01
5.727267265319824219e-02 2.789831161499023438e-01 4.457476139068603516e-01
6.139111518859863281e-02 3.047049045562744141e-01 4.470100402832031250e-01
5.983686447143554688e-02 2.822456359863281250e-01 4.463713169097900391e-01
5.851888656616210938e-02 2.836232185363769531e-01 4.450929164886474609e-01
6.128072738647460938e-02 3.015723228454589844e-01 4.541904926300048828e-01
5.719184875488281250e-02 2.798347473144531250e-01 4.493150711059570312e-01
5.926251411437988281e-02 2.801432609558105469e-01 4.555995464324951172e-01
5.733895301818847656e-02 2.854154109954833984e-01 4.523508548736572266e-01
5.728745460510253906e-02 2.764804363250732422e-01 4.435684680938720703e-01
5.750513076782226562e-02 2.789525985717773438e-01 4.372823238372802734e-01
6.270837783813476562e-02 3.012802600860595703e-01 4.520738124847412109e-01
5.704426765441894531e-02 2.795248031616210938e-01 4.494044780731201172e-01
5.831217765808105469e-02 2.785565853118896484e-01 4.429764747619628906e-01
5.897259712219238281e-02 2.733771800994873047e-01 4.607045650482177734e-01
6.021690368652343750e-02 2.884562015533447266e-01 4.363551139831542969e-01
6.109094619750976562e-02 2.918889522552490234e-01 4.456598758697509766e-01
5.940032005310058594e-02 2.850668430328369141e-01 4.475202560424804688e-01
6.144261360168457031e-02 2.890021800994873047e-01 4.589090347290039062e-01
6.095695495605468750e-02 2.867674827575683594e-01 4.434363842010498047e-01
6.174993515014648438e-02 2.897579669952392578e-01 4.464633464813232422e-01
5.838656425476074219e-02 2.661170959472656250e-01 4.456250667572021484e-01
6.133842468261718750e-02 2.914695739746093750e-01 4.552669525146484375e-01
