8.450698852539062500e-02 1.636517047882080078e-01 4.424169063568115234e-01
7.020664215087890625e-02 1.475815773010253906e-01 4.424350261688232422e-01
6.644368171691894531e-02 1.365969181060791016e-01 4.337086677551269531e-01
7.139372825622558594e-02 1.545958518981933594e-01 4.419112205505371094e-01
7.168650627136230469e-02 1.556675434112548828e-01 4.417243003845214844e-01
6.547498703002929688e-02 1.400070190429687500e-01 4.407186508178710938e-01
6.549739837646484375e-02 1.382446289062500000e-01 4.339509010314941406e-01
7.127356529235839844e-02 1.535661220550537109e-01 4.430351257324218750e-01
7.104420661926269531e-02 1.539294719696044922e-01 4.455161094665527344e-01
7.130479812622070312e-02 1.532106399536132812e-01 4.388492107391357422e-01
6.830573081970214844e-02 1.427652835845947266e-01 4.390964508056640625e-01
7.178544998168945312e-02 1.582167148590087891e-01 4.340138435363769531e-01
7.420444488525390625e-02 1.608850955963134766e-01 4.394199848175048828e-01
7.336711883544921875e-02 1.622126102447509766e-01 4.343798160552978516e-01
7.272243499755859375e-02 1.635451316833496094e-01 4.328687191009521484e-01
6.711745262145996094e-02 1.443417072296142578e-01 4.407334327697753906e-01
