6.627726554870605469e-02 8.100948333740234375e-01 6.970436573028564453e-01
6.682181358337402344e-02 8.140058517456054688e-01 7.084846496582031250e-01
6.868791580200195312e-02 8.056004047393798828e-01 6.918399333953857422e-01
6.715750694274902344e-02 7.916567325592041016e-01 6.824276447296142578e-01
6.883907318115234375e-02 7.981805801391601562e-01 6.932065486907958984e-01
6.729364395141601562e-02 7.686278820037841797e-01 7.119648456573486328e-01
6.618332862854003906e-02 7.408745288848876953e-01 6.949408054351806641e-01
6.611824035644531250e-02 7.364907264709472656e-01 7.083256244659423828e-01
6.884884834289550781e-02 7.422752380371093750e-01 6.787431240081787109e-01
6.693482398986816406e-02 7.480683326721191406e-01 6.870520114898681641e-01
6.881642341613769531e-02 7.429614067077636719e-01 7.074048519134521484e-01
6.694817543029785156e-02 7.393488883972167969e-01 6.899788379669189453e-01
6.660652160644531250e-02 7.313563823699951172e-01 7.158572673797607422e-01
6.680488586425781250e-02 7.382762432098388672e-01 6.965141296386718750e-01
6.674003601074218750e-02 7.386686801910400391e-01 6.936619281768798828e-01
6.697797775268554688e-02 7.287416458129882812e-01 7.007946968078613281e-01
6.691145896911621094e-02 7.244906425476074219e-01 7.235157489776611328e-01
6.708788871765136719e-02 7.345776557922363281e-01 7.106776237487792969e-01
6.660985946655273438e-02 7.343382835388183594e-01 7.178313732147216797e-01
6.711888313293457031e-02 7.324697971343994141e-01 7.188417911529541016e-01
6.664586067199707031e-02 7.337610721588134766e-01 7.191274166107177734e-01
6.680822372436523438e-02 7.264847755432128906e-01 7.230238914489746094e-01
