4.896283149719238281e-02 1.332139968872070312e-01 1.617157459259033203e-01
2.711534500122070312e-02 7.536602020263671875e-02 1.600320339202880859e-01
2.719855308532714844e-02 8.204460144042968750e-02 1.718809604644775391e-01
2.681064605712890625e-02 8.017754554748535156e-02 1.678278446197509766e-01
2.636814117431640625e-02 8.137607574462890625e-02 1.808838844299316406e-01
2.763438224792480469e-02 7.803726196289062500e-02 1.601037979125976562e-01
2.753162384033203125e-02 7.777190208435058594e-02 1.650760173797607422e-01
2.724075317382812500e-02 7.533264160156250000e-02 1.605391502380371094e-01
2.754902839660644531e-02 8.496165275573730469e-02 1.645965576171875000e-01
2.776956558227539062e-02 8.103513717651367188e-02 1.748881340026855469e-01
2.711939811706542969e-02 7.609558105468750000e-02 1.645371913909912109e-01
