7.626843452453613281e-02 4.436206817626953125e-01 4.600217342376708984e-01
5.854344367980957031e-02 4.485654830932617188e-01 4.691565036773681641e-01
5.989718437194824219e-02 5.039970874786376953e-01 4.515337944030761719e-01
5.821490287780761719e-02 5.129063129425048828e-01 4.585611820220947266e-01
5.755162239074707031e-02 5.477240085601806641e-01 4.608004093170166016e-01
5.766510963439941406e-02 5.592420101165771484e-01 4.606401920318603516e-01
6.150937080383300781e-02 6.063299179077148438e-01 4.571237564086914062e-01
5.906987190246582031e-02 5.986158847808837891e-01 4.766929149627685547e-01
6.014847755432128906e-02 6.340820789337158203e-01 4.637277126312255859e-01
5.751752853393554688e-02 6.271893978118896484e-01 4.695181846618652344e-01
5.902290344238281250e-02 6.626894474029541016e-01 4.707448482513427734e-01
5.703210830688476562e-02 6.464235782623291016e-01 4.862642288208007812e-01
5.840301513671875000e-02 6.787860393524169922e-01 4.796886444091796875e-01
5.828928947448730469e-02 6.776037216186523438e-01 4.847452640533447266e-01
6.132125854492187500e-02 6.943008899688720703e-01 4.722902774810791016e-01
6.143093109130859375e-02 7.025887966156005859e-01 4.770276546478271484e-01
6.191968917846679688e-02 7.154562473297119141e-01 4.703474044799804688e-01
6.164455413818359375e-02 7.245001792907714844e-01 4.752652645111083984e-01
6.220126152038574219e-02 7.401082515716552734e-01 4.781205654144287109e-01
5.829763412475585938e-02 7.060558795928955078e-01 4.669427871704101562e-01
5.834698677062988281e-02 7.177159786224365234e-01 4.770455360412597656e-01
6.326293945312500000e-02 7.462153434753417969e-01 4.737434387207031250e-01
6.347656250000000000e-02 7.620239257812500000e-01 4.720525741577148438e-01
6.233096122741699219e-02 7.528247833251953125e-01 4.719293117523193359e-01
6.202673912048339844e-02 7.563455104827880859e-01 4.747498035430908203e-01
6.027889251708984375e-02 7.474863529205322266e-01 4.720578193664550781e-01
6.152367591857910156e-02 7.594518661499023438e-01 4.707367420196533203e-01
6.137132644653320312e-02 7.535881996154785156e-01 4.834561347961425781e-01
6.055259704589843750e-02 7.693557739257812500e-01 4.739770889282226562e-01
6.240940093994140625e-02 7.733979225158691406e-01 4.717144966125488281e-01
