6.472039222717285156e-02 3.029477596282958984e-01 4.461209774017333984e-01
5.799007415771484375e-02 2.565968036651611328e-01 4.461886882781982422e-01
5.672287940979003906e-02 2.532517910003662109e-01 4.467487335205078125e-01
5.872583389282226562e-02 2.496860027313232422e-01 4.407033920288085938e-01
5.790948867797851562e-02 2.441556453704833984e-01 4.459490776062011719e-01
6.139826774597167969e-02 2.602081298828125000e-01 4.370157718658447266e-01
5.849623680114746094e-02 2.456424236297607422e-01 4.453718662261962891e-01
6.093573570251464844e-02 2.596385478973388672e-01 4.403927326202392578e-01
6.250023841857910156e-02 2.682423591613769531e-01 4.528250694274902344e-01
5.880832672119140625e-02 2.400462627410888672e-01 4.458031654357910156e-01
5.422449111938476562e-02 2.433464527130126953e-01 4.502601623535156250e-01
6.019854545593261719e-02 2.583777904510498047e-01 4.389278888702392578e-01
5.894994735717773438e-02 2.453975677490234375e-01 4.481141567230224609e-01
5.780696868896484375e-02 2.423739433288574219e-01 4.406554698944091797e-01
6.166505813598632812e-02 2.639317512512207031e-01 4.372317790985107422e-01
5.830025672912597656e-02 2.441556453704833984e-01 4.401075839996337891e-01
6.011509895324707031e-02 2.608873844146728516e-01 4.411973953247070312e-01
5.803179740905761719e-02 2.396602630615234375e-01 4.379925727844238281e-01
6.478238105773925781e-02 2.607836723327636719e-01 4.433059692382812500e-01
5.675315856933593750e-02 2.402791976928710938e-01 4.314563274383544922e-01
6.070184707641601562e-02 2.626068592071533203e-01 4.439711570739746094e-01
5.880522727966308594e-02 2.436566352844238281e-01 4.402809143066406250e-01
5.894589424133300781e-02 2.439863681793212891e-01 4.450349807739257812e-01
5.954408645629882812e-02 2.385544776916503906e-01 4.400880336761474609e-01
6.065034866333007812e-02 2.553265094757080078e-01 4.382364749908447266e-01
5.910229682922363281e-02 2.319474220275878906e-01 4.306819438934326172e-01
6.195926666259765625e-02 2.562966346740722656e-01 4.452409744262695312e-01
6.005930900573730469e-02 2.352886199951171875e-01 4.401571750640869141e-01
6.279587745666503906e-02 2.601063251495361328e-01 4.500963687896728516e-01
6.119871139526367188e-02 2.503564357757568359e-01 4.383208751678466797e-01
5.808877944946289062e-02 2.326765060424804688e-01 4.393286705017089844e-01
