4.649090766906738281e-02 1.279947757720947266e-01 2.818522453308105469e-01
3.704190254211425781e-02 7.189822196960449219e-02 2.322351932525634766e-01
3.686165809631347656e-02 8.209967613220214844e-02 2.026507854461669922e-01
3.832411766052246094e-02 6.757950782775878906e-02 1.910579204559326172e-01
3.836703300476074219e-02 6.703305244445800781e-02 1.725246906280517578e-01
3.895306587219238281e-02 6.685256958007812500e-02 1.773192882537841797e-01
3.836536407470703125e-02 6.585860252380371094e-02 1.673300266265869141e-01
3.881788253784179688e-02 6.696987152099609375e-02 1.873829364776611328e-01
3.726959228515625000e-02 6.512379646301269531e-02 1.636059284210205078e-01
3.770732879638671875e-02 6.833982467651367188e-02 1.698338985443115234e-01
3.715801239013671875e-02 6.689238548278808594e-02 1.685292720794677734e-01
5.524945259094238281e-02 7.753944396972656250e-02 1.734290122985839844e-01
3.866934776306152344e-02 7.048296928405761719e-02 1.674759387969970703e-01
