7.479214668273925781e-02 1.170935630798339844e-01 1.300003528594970703e-01
4.581117630004882812e-02 7.264161109924316406e-02 1.145420074462890625e-01
4.490280151367187500e-02 7.225632667541503906e-02 1.043374538421630859e-01
4.470968246459960938e-02 7.317495346069335938e-02 1.044046878814697266e-01
4.438734054565429688e-02 7.125592231750488281e-02 1.062107086181640625e-01
4.658675193786621094e-02 7.229089736938476562e-02 9.499716758728027344e-02
4.387974739074707031e-02 6.792306900024414062e-02 8.966588973999023438e-02
4.400563240051269531e-02 6.796288490295410156e-02 9.098005294799804688e-02
4.660868644714355469e-02 7.365441322326660156e-02 8.842825889587402344e-02
4.500102996826171875e-02 6.993389129638671875e-02 8.236694335937500000e-02
4.644751548767089844e-02 8.039903640747070312e-02 8.030438423156738281e-02
4.455256462097167969e-02 6.654214859008789062e-02 7.142519950866699219e-02
4.459261894226074219e-02 6.681776046752929688e-02 7.490730285644531250e-02
4.693627357482910156e-02 7.439160346984863281e-02 7.317543029785156250e-02
4.599857330322265625e-02 7.380676269531250000e-02 7.368540763854980469e-02
4.560160636901855469e-02 6.898975372314453125e-02 7.199716567993164062e-02
4.551768302917480469e-02 7.030224800109863281e-02 7.768726348876953125e-02
4.771924018859863281e-02 7.270145416259765625e-02 7.211494445800781250e-02
4.474997520446777344e-02 6.908011436462402344e-02 7.543969154357910156e-02
4.588079452514648438e-02 7.281613349914550781e-02 7.483792304992675781e-02
4.684376716613769531e-02 7.531881332397460938e-02 7.305717468261718750e-02
4.495549201965332031e-02 7.091546058654785156e-02 7.197093963623046875e-02
4.575872421264648438e-02 7.233262062072753906e-02 7.379388809204101562e-02
4.699206352233886719e-02 7.558512687683105469e-02 7.219028472900390625e-02
