6.102800369262695312e-02 5.975799560546875000e-01 2.042584419250488281e-01
4.341673851013183594e-02 5.719866752624511719e-01 1.968352794647216797e-01
4.384660720825195312e-02 5.190763473510742188e-01 2.025725841522216797e-01
4.425859451293945312e-02 4.559252262115478516e-01 1.991963386535644531e-01
4.479551315307617188e-02 4.301538467407226562e-01 1.967635154724121094e-01
4.448366165161132812e-02 4.290614128112792969e-01 1.975202560424804688e-01
4.409694671630859375e-02 4.231638908386230469e-01 2.012031078338623047e-01
4.521799087524414062e-02 4.153912067413330078e-01 1.946012973785400391e-01
4.464125633239746094e-02 3.990774154663085938e-01 1.993722915649414062e-01
4.478931427001953125e-02 3.916094303131103516e-01 1.945931911468505859e-01
4.470133781433105469e-02 3.866727352142333984e-01 1.988887786865234375e-01
4.560685157775878906e-02 3.699746131896972656e-01 1.950273513793945312e-01
