6.998014450073242188e-02 1.252737045288085938e-01 2.133603096008300781e-01
4.491996765136718750e-02 9.400415420532226562e-02 2.105882167816162109e-01
4.510951042175292969e-02 8.949494361877441406e-02 2.129304409027099609e-01
4.578113555908203125e-02 8.809876441955566406e-02 2.102665901184082031e-01
4.577016830444335938e-02 8.769369125366210938e-02 2.118525505065917969e-01
4.608273506164550781e-02 8.465075492858886719e-02 2.092199325561523438e-01
4.569649696350097656e-02 8.380866050720214844e-02 2.137482166290283203e-01
4.643344879150390625e-02 8.347058296203613281e-02 2.126986980438232422e-01
4.663801193237304688e-02 8.664369583129882812e-02 2.062127590179443359e-01
4.474258422851562500e-02 7.719111442565917969e-02 2.089288234710693359e-01
4.490613937377929688e-02 7.591557502746582031e-02 2.065958976745605469e-01
4.523515701293945312e-02 7.602334022521972656e-02 2.074577808380126953e-01
4.580473899841308594e-02 8.412885665893554688e-02 2.171192169189453125e-01
4.650020599365234375e-02 1.255517005920410156e-01 2.133131027221679688e-01
4.606842994689941406e-02 1.255879402160644531e-01 2.182910442352294922e-01
4.670572280883789062e-02 1.208004951477050781e-01 2.172527313232421875e-01
4.680323600769042969e-02 1.253690719604492188e-01 2.191886901855468750e-01
4.732322692871093750e-02 1.243646144866943359e-01 2.116513252258300781e-01
4.778027534484863281e-02 1.205976009368896484e-01 2.136907577514648438e-01
4.694271087646484375e-02 1.139760017395019531e-01 2.140059471130371094e-01
4.807949066162109375e-02 1.217947006225585938e-01 2.177708148956298828e-01
4.679059982299804688e-02 1.123106479644775391e-01 2.151010036468505859e-01
