6.232547760009765625e-02 1.182417869567871094e-01 2.035663127899169922e-01
4.843020439147949219e-02 1.010248661041259766e-01 1.923532485961914062e-01
4.822492599487304688e-02 8.698892593383789062e-02 2.057530879974365234e-01
4.837203025817871094e-02 7.844305038452148438e-02 1.675839424133300781e-01
4.922556877136230469e-02 7.903814315795898438e-02 1.410312652587890625e-01
4.796099662780761719e-02 7.527494430541992188e-02 1.072354316711425781e-01
4.956102371215820312e-02 7.693314552307128906e-02 9.068274497985839844e-02
4.788494110107421875e-02 7.634687423706054688e-02 9.822344779968261719e-02
5.086922645568847656e-02 7.588386535644531250e-02 8.535790443420410156e-02
4.784131050109863281e-02 6.988525390625000000e-02 8.070659637451171875e-02
4.781222343444824219e-02 6.941127777099609375e-02 8.291316032409667969e-02
4.940629005432128906e-02 7.796454429626464844e-02 8.261609077453613281e-02
