6.412601470947265625e-02 9.956121444702148438e-02 2.629632949829101562e-01
5.780506134033203125e-02 6.985735893249511719e-02 2.739660739898681641e-01
6.178951263427734375e-02 9.126472473144531250e-02 2.640459537506103516e-01
5.837774276733398438e-02 7.062149047851562500e-02 2.744340896606445312e-01
6.128692626953125000e-02 9.245657920837402344e-02 2.703785896301269531e-01
6.294870376586914062e-02 9.074544906616210938e-02 2.687706947326660156e-01
6.396150588989257812e-02 9.203338623046875000e-02 2.727065086364746094e-01
6.337761878967285156e-02 9.253120422363281250e-02 2.682085037231445312e-01
5.916070938110351562e-02 7.296967506408691406e-02 2.659325599670410156e-01
6.278991699218750000e-02 9.079957008361816406e-02 2.667756080627441406e-01
6.186008453369140625e-02 9.279584884643554688e-02 2.726778984069824219e-01
5.976676940917968750e-02 7.198643684387207031e-02 2.681977748870849609e-01
6.164169311523437500e-02 9.283137321472167969e-02 2.636141777038574219e-01
5.934476852416992188e-02 7.165265083312988281e-02 2.687897682189941406e-01
6.056499481201171875e-02 7.256484031677246094e-02 2.750749588012695312e-01
6.076169013977050781e-02 9.025597572326660156e-02 2.656102180480957031e-01
6.165075302124023438e-02 9.166812896728515625e-02 2.636578083038330078e-01
6.194996833801269531e-02 9.231948852539062500e-02 2.669405937194824219e-01
6.000685691833496094e-02 7.221341133117675781e-02 2.639777660369873047e-01
5.795550346374511719e-02 7.228088378906250000e-02 2.677295207977294922e-01
5.858373641967773438e-02 7.322859764099121094e-02 2.649447917938232422e-01
6.238007545471191406e-02 9.161925315856933594e-02 2.746515274047851562e-01
6.297802925109863281e-02 9.313082695007324219e-02 2.723476886749267578e-01
6.002235412597656250e-02 7.254028320312500000e-02 2.792508602142333984e-01
5.953264236450195312e-02 7.376146316528320312e-02 2.637016773223876953e-01
6.294655799865722656e-02 9.345674514770507812e-02 2.687635421752929688e-01
5.863904953002929688e-02 7.286953926086425781e-02 2.650570869445800781e-01
6.154608726501464844e-02 9.294509887695312500e-02 2.663826942443847656e-01
6.204915046691894531e-02 9.195160865783691406e-02 2.717797756195068359e-01
5.932569503784179688e-02 7.379341125488281250e-02 2.671489715576171875e-01
6.170487403869628906e-02 9.135937690734863281e-02 2.733769416809082031e-01
6.139159202575683594e-02 9.203958511352539062e-02 2.668867111206054688e-01
5.962824821472167969e-02 7.351517677307128906e-02 2.647764682769775391e-01
6.188797950744628906e-02 9.101867675781250000e-02 2.667880058288574219e-01
6.232690811157226562e-02 9.184646606445312500e-02 2.712454795837402344e-01
6.284880638122558594e-02 9.201693534851074219e-02 2.682440280914306641e-01
6.018304824829101562e-02 8.808755874633789062e-02 2.673838138580322266e-01
