7.442331314086914062e-02 9.816861152648925781e-02 3.890943527221679688e-01
5.800008773803710938e-02 7.982945442199707031e-02 4.016673564910888672e-01
5.905294418334960938e-02 8.575439453125000000e-02 3.998200893402099609e-01
5.845189094543457031e-02 8.473157882690429688e-02 3.965790271759033203e-01
6.306529045104980469e-02 1.079998016357421875e-01 4.009599685668945312e-01
6.109595298767089844e-02 8.800792694091796875e-02 4.048466682434082031e-01
6.293630599975585938e-02 1.090500354766845703e-01 3.994116783142089844e-01
6.255173683166503906e-02 1.088454723358154297e-01 3.979368209838867188e-01
6.177401542663574219e-02 1.090838909149169922e-01 4.028398990631103516e-01
5.901145935058593750e-02 8.895754814147949219e-02 4.041149616241455078e-01
5.909919738769531250e-02 8.845329284667968750e-02 4.057734012603759766e-01
6.182432174682617188e-02 1.099693775177001953e-01 4.036893844604492188e-01
6.188440322875976562e-02 1.105756759643554688e-01 3.990633487701416016e-01
5.819582939147949219e-02 9.082245826721191406e-02 4.081008434295654297e-01
6.253051757812500000e-02 1.105117797851562500e-01 4.036118984222412109e-01
5.967402458190917969e-02 9.101080894470214844e-02 4.039065837860107422e-01
6.286072731018066406e-02 1.122207641601562500e-01 4.041669368743896484e-01
6.351399421691894531e-02 1.114244461059570312e-01 4.046814441680908203e-01
6.286144256591796875e-02 1.108999252319335938e-01 4.012289047241210938e-01
6.256961822509765625e-02 1.080508232116699219e-01 4.032325744628906250e-01
6.175589561462402344e-02 1.090850830078125000e-01 3.994956016540527344e-01
6.171917915344238281e-02 1.084408760070800781e-01 4.046027660369873047e-01
6.282877922058105469e-02 9.745621681213378906e-02 4.077286720275878906e-01
