7.428216934204101562e-02 4.121408462524414062e-01 2.138783931732177734e-01
4.552984237670898438e-02 3.674781322479248047e-01 2.172324657440185547e-01
4.769039154052734375e-02 3.682098388671875000e-01 2.136723995208740234e-01
4.389572143554687500e-02 3.488283157348632812e-01 2.171223163604736328e-01
4.634881019592285156e-02 3.606328964233398438e-01 2.129163742065429688e-01
4.648375511169433594e-02 3.575294017791748047e-01 2.229640483856201172e-01
4.613804817199707031e-02 3.584325313568115234e-01 2.142884731292724609e-01
4.642963409423828125e-02 3.690364360809326172e-01 2.183005809783935547e-01
4.609274864196777344e-02 3.634037971496582031e-01 2.182209491729736328e-01
4.681134223937988281e-02 3.785157203674316406e-01 2.173738479614257812e-01
4.675412178039550781e-02 3.832683563232421875e-01 2.139556407928466797e-01
4.645586013793945312e-02 3.892421722412109375e-01 2.180316448211669922e-01
4.620766639709472656e-02 4.025719165802001953e-01 2.182121276855468750e-01
4.520082473754882812e-02 4.036817550659179688e-01 2.165658473968505859e-01
4.497718811035156250e-02 4.098432064056396484e-01 2.125620841979980469e-01
4.541182518005371094e-02 4.028220176696777344e-01 2.229447364807128906e-01
4.641532897949218750e-02 4.032936096191406250e-01 2.127149105072021484e-01
4.664111137390136719e-02 4.099919795989990234e-01 2.162482738494873047e-01
4.661941528320312500e-02 4.036178588867187500e-01 2.126905918121337891e-01
4.757475852966308594e-02 4.167404174804687500e-01 2.174141407012939453e-01
4.696607589721679688e-02 4.166796207427978516e-01 2.125067710876464844e-01
4.673361778259277344e-02 4.229457378387451172e-01 2.231571674346923828e-01
4.802703857421875000e-02 4.372999668121337891e-01 2.115921974182128906e-01
4.830098152160644531e-02 4.374744892120361328e-01 2.234194278717041016e-01
4.757785797119140625e-02 4.265818595886230469e-01 2.110326290130615234e-01
