7.739162445068359375e-02 1.122391223907470703e-01 2.643573284149169922e-01
5.706906318664550781e-02 6.980037689208984375e-02 2.633409500122070312e-01
5.850911140441894531e-02 7.018089294433593750e-02 2.655460834503173828e-01
6.122636795043945312e-02 9.403824806213378906e-02 2.751972675323486328e-01
5.829763412475585938e-02 8.167839050292968750e-02 2.667365074157714844e-01
6.119227409362792969e-02 1.071627140045166016e-01 2.734181880950927734e-01
6.222033500671386719e-02 1.047689914703369141e-01 2.684433460235595703e-01
5.960679054260253906e-02 8.401656150817871094e-02 2.694783210754394531e-01
6.250238418579101562e-02 1.029920578002929688e-01 2.741515636444091797e-01
6.009769439697265625e-02 8.023095130920410156e-02 2.695128917694091797e-01
6.265783309936523438e-02 1.019618511199951172e-01 2.688746452331542969e-01
