3.949880599975585938e-02 1.071035861968994141e-01 1.984395980834960938e-01
3.747797012329101562e-02 6.675624847412109375e-02 1.693096160888671875e-01
3.866243362426757812e-02 7.052755355834960938e-02 1.837558746337890625e-01
3.773999214172363281e-02 7.186460494995117188e-02 1.710970401763916016e-01
3.883671760559082031e-02 9.040737152099609375e-02 1.741735935211181641e-01
3.914570808410644531e-02 8.726882934570312500e-02 1.872117519378662109e-01
3.891873359680175781e-02 6.869745254516601562e-02 1.764514446258544922e-01
3.763842582702636719e-02 6.678915023803710938e-02 1.656298637390136719e-01
3.732347488403320312e-02 6.636834144592285156e-02 1.689600944519042969e-01
3.751397132873535156e-02 6.686949729919433594e-02 1.689126491546630859e-01
3.767061233520507812e-02 6.768202781677246094e-02 1.795144081115722656e-01
3.818607330322265625e-02 8.355331420898437500e-02 1.826903820037841797e-01
3.770732879638671875e-02 6.514382362365722656e-02 1.697752475738525391e-01
