4.290246963500976562e-02 3.725512027740478516e-01 2.173752784729003906e-01
2.697706222534179688e-02 2.548470497131347656e-01 2.194936275482177734e-01
2.819561958312988281e-02 2.301859855651855469e-01 2.168848514556884766e-01
2.717614173889160156e-02 2.153012752532958984e-01 2.179431915283203125e-01
2.645635604858398438e-02 1.973357200622558594e-01 2.220656871795654297e-01
2.706527709960937500e-02 1.973698139190673828e-01 2.119343280792236328e-01
2.711844444274902344e-02 1.634132862091064453e-01 2.232477664947509766e-01
2.707338333129882812e-02 1.434876918792724609e-01 2.174422740936279297e-01
2.711749076843261719e-02 1.389195919036865234e-01 2.148258686065673828e-01
2.721691131591796875e-02 1.329853534698486328e-01 2.157971858978271484e-01
2.765679359436035156e-02 1.277649402618408203e-01 2.221736907958984375e-01
2.721190452575683594e-02 1.257648468017578125e-01 2.110176086425781250e-01
2.717876434326171875e-02 1.221501827239990234e-01 2.155742645263671875e-01
2.723693847656250000e-02 1.225211620330810547e-01 2.173326015472412109e-01
