6.564354896545410156e-02 1.059482097625732422e-01 3.783130645751953125e-01
5.788779258728027344e-02 7.390785217285156250e-02 3.561630249023437500e-01
6.060361862182617188e-02 9.053230285644531250e-02 3.204584121704101562e-01
5.715465545654296875e-02 7.027316093444824219e-02 3.053116798400878906e-01
5.737662315368652344e-02 7.004332542419433594e-02 2.928326129913330078e-01
5.806827545166015625e-02 7.060265541076660156e-02 2.882027626037597656e-01
6.074452400207519531e-02 9.097933769226074219e-02 2.885618209838867188e-01
6.080365180969238281e-02 9.174680709838867188e-02 2.901356220245361328e-01
5.821919441223144531e-02 7.070350646972656250e-02 2.872545719146728516e-01
5.801606178283691406e-02 7.028269767761230469e-02 2.761838436126708984e-01
5.962538719177246094e-02 8.783507347106933594e-02 2.863740921020507812e-01
6.279516220092773438e-02 9.158658981323242188e-02 2.820041179656982422e-01
5.936455726623535156e-02 7.272052764892578125e-02 2.691187858581542969e-01
5.805063247680664062e-02 7.034969329833984375e-02 2.683172225952148438e-01
