6.261110305786132812e-02 1.600670814514160156e-01 2.095823287963867188e-01
4.637837409973144531e-02 1.531441211700439453e-01 2.165641784667968750e-01
4.807257652282714844e-02 1.354970932006835938e-01 2.090644836425781250e-01
4.774999618530273438e-02 1.223716735839843750e-01 2.122180461883544922e-01
4.632353782653808594e-02 1.037032604217529297e-01 2.081587314605712891e-01
4.674768447875976562e-02 1.086487770080566406e-01 2.117826938629150391e-01
4.655146598815917969e-02 1.017804145812988281e-01 2.051291465759277344e-01
4.540061950683593750e-02 9.724164009094238281e-02 2.121057510375976562e-01
4.612469673156738281e-02 1.004488468170166016e-01 2.094571590423583984e-01
4.653382301330566406e-02 1.032197475433349609e-01 2.155506610870361328e-01
4.631614685058593750e-02 9.701371192932128906e-02 2.062609195709228516e-01
