6.448173522949218750e-02 3.829588890075683594e-01 1.975669860839843750e-01
4.364609718322753906e-02 3.294460773468017578e-01 2.008888721466064453e-01
4.594206809997558594e-02 3.386688232421875000e-01 2.046258449554443359e-01
4.509663581848144531e-02 3.375358581542968750e-01 2.068464756011962891e-01
4.367089271545410156e-02 3.289978504180908203e-01 1.988408565521240234e-01
4.496836662292480469e-02 3.341169357299804688e-01 2.033774852752685547e-01
4.410076141357421875e-02 3.345429897308349609e-01 1.995725631713867188e-01
4.597449302673339844e-02 3.464574813842773438e-01 2.059395313262939453e-01
4.503250122070312500e-02 3.506846427917480469e-01 1.986126899719238281e-01
4.409837722778320312e-02 3.593761920928955078e-01 2.014153003692626953e-01
4.448318481445312500e-02 3.686358928680419922e-01 1.979169845581054688e-01
4.442048072814941406e-02 3.815114498138427734e-01 2.027709484100341797e-01
4.501104354858398438e-02 3.913974761962890625e-01 1.987550258636474609e-01
4.517626762390136719e-02 3.968687057495117188e-01 2.070846557617187500e-01
4.633760452270507812e-02 3.925595283508300781e-01 1.988732814788818359e-01
4.567933082580566406e-02 3.849143981933593750e-01 2.023880481719970703e-01
4.558253288269042969e-02 3.767981529235839844e-01 1.980979442596435547e-01
4.756140708923339844e-02 3.810930252075195312e-01 2.036035060882568359e-01
4.662156105041503906e-02 3.755724430084228516e-01 2.004499435424804688e-01
4.546546936035156250e-02 3.741416931152343750e-01 2.072362899780273438e-01
4.432487487792968750e-02 3.644318580627441406e-01 2.010850906372070312e-01
