3.253102302551269531e-02 1.586327552795410156e-01 2.137851715087890625e-01
3.058815002441406250e-02 1.526222229003906250e-01 2.245676517486572266e-01
3.021979331970214844e-02 1.477341651916503906e-01 2.104203701019287109e-01
3.013229370117187500e-02 1.416139602661132812e-01 2.160587310791015625e-01
3.044366836547851562e-02 1.380097866058349609e-01 2.231633663177490234e-01
3.027772903442382812e-02 1.358456611633300781e-01 2.251565456390380859e-01
3.004002571105957031e-02 1.278676986694335938e-01 2.097117900848388672e-01
2.981424331665039062e-02 1.220588684082031250e-01 2.267582416534423828e-01
3.085470199584960938e-02 1.234173774719238281e-01 2.128133773803710938e-01
3.075098991394042969e-02 1.208367347717285156e-01 2.273440361022949219e-01
3.101754188537597656e-02 1.192634105682373047e-01 2.102496623992919922e-01
3.056383132934570312e-02 1.199049949645996094e-01 2.179586887359619141e-01
3.119421005249023438e-02 1.208984851837158203e-01 2.059290409088134766e-01
3.113818168640136719e-02 1.270744800567626953e-01 2.270107269287109375e-01
3.031635284423828125e-02 1.195461750030517578e-01 2.100381851196289062e-01
3.021287918090820312e-02 1.203596591949462891e-01 2.191476821899414062e-01
3.036737442016601562e-02 1.205787658691406250e-01 2.117416858673095703e-01
3.025460243225097656e-02 1.214385032653808594e-01 2.244250774383544922e-01
3.162264823913574219e-02 1.290371417999267578e-01 2.029023170471191406e-01
3.160834312438964844e-02 1.304595470428466797e-01 2.162358760833740234e-01
3.159403800964355469e-02 1.289579868316650391e-01 2.090668678283691406e-01
3.162002563476562500e-02 1.316223144531250000e-01 2.159886360168457031e-01
3.163075447082519531e-02 1.340591907501220703e-01 2.103269100189208984e-01
3.033304214477539062e-02 1.332509517669677734e-01 2.154307365417480469e-01
3.038525581359863281e-02 1.332058906555175781e-01 2.233726978302001953e-01
3.111028671264648438e-02 1.331465244293212891e-01 2.273960113525390625e-01
3.058958053588867188e-02 1.360707283020019531e-01 2.190227508544921875e-01
