8.935332298278808594e-02 5.435466766357421875e-01 2.154843807220458984e-01
5.358266830444335938e-02 3.425362110137939453e-01 2.114109992980957031e-01
5.375504493713378906e-02 2.935693264007568359e-01 2.120912075042724609e-01
5.402731895446777344e-02 2.476205825805664062e-01 2.119693756103515625e-01
5.416870117187500000e-02 2.355189323425292969e-01 2.181291580200195312e-01
5.381250381469726562e-02 2.174429893493652344e-01 2.085344791412353516e-01
5.386877059936523438e-02 2.016952037811279297e-01 2.126374244689941406e-01
5.403017997741699219e-02 1.869978904724121094e-01 2.083568572998046875e-01
5.479264259338378906e-02 1.800565719604492188e-01 2.121384143829345703e-01
5.373334884643554688e-02 1.644871234893798828e-01 2.076401710510253906e-01
5.493664741516113281e-02 1.702589988708496094e-01 2.113211154937744141e-01
5.302548408508300781e-02 1.611356735229492188e-01 2.088923454284667969e-01
