7.011461257934570312e-02 1.145033836364746094e-01 1.641418933868408203e-01
4.677867889404296875e-02 7.741308212280273438e-02 1.624448299407958984e-01
4.782438278198242188e-02 8.503198623657226562e-02 1.631927490234375000e-01
4.739832878112792969e-02 8.443307876586914062e-02 1.649188995361328125e-01
4.545354843139648438e-02 7.672929763793945312e-02 1.673703193664550781e-01
4.639339447021484375e-02 7.682514190673828125e-02 1.698942184448242188e-01
4.651618003845214844e-02 8.277821540832519531e-02 1.618728637695312500e-01
4.622244834899902344e-02 7.699966430664062500e-02 1.666803359985351562e-01
4.658079147338867188e-02 7.949948310852050781e-02 1.632993221282958984e-01
4.521560668945312500e-02 7.881855964660644531e-02 1.669585704803466797e-01
4.618525505065917969e-02 7.922172546386718750e-02 1.704313755035400391e-01
