5.556201934814453125e-02 2.051899433135986328e-01 4.481115341186523438e-01
5.725741386413574219e-02 2.086129188537597656e-01 4.411478042602539062e-01
5.850076675415039062e-02 2.492914199829101562e-01 4.473323822021484375e-01
5.971264839172363281e-02 2.851648330688476562e-01 4.470832347869873047e-01
6.169652938842773438e-02 3.337016105651855469e-01 4.363059997558593750e-01
6.127166748046875000e-02 3.370141983032226562e-01 4.512729644775390625e-01
5.796051025390625000e-02 3.268930912017822266e-01 4.436175823211669922e-01
6.120252609252929688e-02 3.463678359985351562e-01 4.388983249664306641e-01
5.861091613769531250e-02 3.431539535522460938e-01 4.475746154785156250e-01
5.949926376342773438e-02 3.573637008666992188e-01 4.476006031036376953e-01
6.129407882690429688e-02 3.702473640441894531e-01 4.380455017089843750e-01
