5.752825736999511719e-02 5.937843322753906250e-01 4.727156162261962891e-01
5.169224739074707031e-02 5.326786041259765625e-01 4.753420352935791016e-01
4.568123817443847656e-02 5.072295665740966797e-01 4.632599353790283203e-01
4.843688011169433594e-02 5.211503505706787109e-01 4.827268123626708984e-01
4.777765274047851562e-02 5.208790302276611328e-01 4.743342399597167969e-01
4.850149154663085938e-02 5.215792655944824219e-01 4.671871662139892578e-01
4.682803153991699219e-02 5.048787593841552734e-01 4.729626178741455078e-01
4.635000228881835938e-02 4.817755222320556641e-01 4.750781059265136719e-01
4.739022254943847656e-02 5.094530582427978516e-01 4.639184474945068359e-01
4.663133621215820312e-02 4.885897636413574219e-01 4.650399684906005859e-01
4.745101928710937500e-02 5.285446643829345703e-01 4.760284423828125000e-01
5.188179016113281250e-02 5.335323810577392578e-01 4.733080863952636719e-01
4.816913604736328125e-02 5.504405498504638672e-01 4.613058567047119141e-01
4.827475547790527344e-02 5.514733791351318359e-01 4.655435085296630859e-01
4.884624481201171875e-02 5.599927902221679688e-01 4.664108753204345703e-01
4.907870292663574219e-02 5.528500080108642578e-01 4.687316417694091797e-01
4.870295524597167969e-02 5.370256900787353516e-01 4.666738510131835938e-01
4.868841171264648438e-02 5.430755615234375000e-01 4.684836864471435547e-01
4.885840415954589844e-02 5.495562553405761719e-01 4.705598354339599609e-01
4.733562469482421875e-02 5.323450565338134766e-01 4.735710620880126953e-01
4.742932319641113281e-02 5.278439521789550781e-01 4.681706428527832031e-01
4.898452758789062500e-02 5.506546497344970703e-01 4.680449962615966797e-01
4.814076423645019531e-02 5.337848663330078125e-01 4.699237346649169922e-01
4.636001586914062500e-02 5.059077739715576172e-01 4.624350070953369141e-01
4.723072052001953125e-02 5.105614662170410156e-01 4.584107398986816406e-01
4.850363731384277344e-02 5.127661228179931641e-01 4.575445652008056641e-01
4.779720306396484375e-02 5.017485618591308594e-01 4.587070941925048828e-01
4.859042167663574219e-02 5.154395103454589844e-01 4.603426456451416016e-01
4.962110519409179688e-02 5.330071449279785156e-01 4.696147441864013672e-01
4.820942878723144531e-02 5.042986869812011719e-01 4.703261852264404297e-01
4.772949218750000000e-02 5.013666152954101562e-01 4.596774578094482422e-01
4.612898826599121094e-02 4.972023963928222656e-01 4.589121341705322266e-01
4.767870903015136719e-02 5.049436092376708984e-01 4.567768573760986328e-01
4.815292358398437500e-02 5.166807174682617188e-01 4.763793945312500000e-01
4.913115501403808594e-02 5.356180667877197266e-01 4.666628837585449219e-01
4.857134819030761719e-02 5.057976245880126953e-01 4.626367092132568359e-01
4.876494407653808594e-02 5.234858989715576172e-01 4.578433036804199219e-01
4.768276214599609375e-02 5.158960819244384766e-01 4.545383453369140625e-01
4.867219924926757812e-02 5.247349739074707031e-01 4.585654735565185547e-01
4.862570762634277344e-02 5.179505348205566406e-01 4.723360538482666016e-01
4.900765419006347656e-02 5.240833759307861328e-01 4.572162628173828125e-01
4.853677749633789062e-02 5.225498676300048828e-01 4.586741924285888672e-01
4.947447776794433594e-02 5.323536396026611328e-01 4.685435295104980469e-01
4.827094078063964844e-02 4.966852664947509766e-01 4.547836780548095703e-01
4.884433746337890625e-02 5.543227195739746094e-01 4.593586921691894531e-01
4.975390434265136719e-02 5.672972202301025391e-01 4.553725719451904297e-01
4.829597473144531250e-02 5.628213882446289062e-01 4.592573642730712891e-01
4.782247543334960938e-02 5.535187721252441406e-01 4.679071903228759766e-01
4.826784133911132812e-02 5.431883335113525391e-01 4.621076583862304688e-01
4.850959777832031250e-02 5.548114776611328125e-01 4.581327438354492188e-01
4.955887794494628906e-02 5.642459392547607422e-01 4.679005146026611328e-01
