6.027841567993164062e-02 3.902537822723388672e-01 4.525165557861328125e-01
5.999445915222167969e-02 3.852612972259521484e-01 4.509551525115966797e-01
6.148433685302734375e-02 3.976941108703613281e-01 4.432306289672851562e-01
6.216812133789062500e-02 4.090871810913085938e-01 4.644322395324707031e-01
6.189990043640136719e-02 4.197738170623779297e-01 4.539227485656738281e-01
6.301879882812500000e-02 4.328768253326416016e-01 4.533586502075195312e-01
6.304550170898437500e-02 4.308321475982666016e-01 4.565792083740234375e-01
6.180286407470703125e-02 4.283668994903564453e-01 4.560172557830810547e-01
6.142592430114746094e-02 4.288096427917480469e-01 4.508731365203857422e-01
5.986332893371582031e-02 4.207813739776611328e-01 4.563450813293457031e-01
6.100344657897949219e-02 4.397296905517578125e-01 4.510371685028076172e-01
