3.369092941284179688e-02 9.640932083129882812e-02 8.444786071777343750e-02
2.956700325012207031e-02 7.298398017883300781e-02 7.858538627624511719e-02
2.842521667480468750e-02 7.193470001220703125e-02 7.825040817260742188e-02
2.752900123596191406e-02 7.442927360534667969e-02 8.524942398071289062e-02
2.765345573425292969e-02 6.660747528076171875e-02 7.317996025085449219e-02
2.812075614929199219e-02 7.065796852111816406e-02 8.635258674621582031e-02
3.547048568725585938e-02 7.617044448852539062e-02 6.560325622558593750e-02
2.808499336242675781e-02 6.425476074218750000e-02 6.455373764038085938e-02
2.748250961303710938e-02 7.274818420410156250e-02 6.617879867553710938e-02
2.726626396179199219e-02 7.659363746643066406e-02 6.775689125061035156e-02
2.749729156494140625e-02 8.063101768493652344e-02 6.709766387939453125e-02
