2.041461467742919922e-01 7.239227294921875000e-01 7.135632038116455078e-01
6.745052337646484375e-02 6.171815395355224609e-01 7.039632797241210938e-01
6.961798667907714844e-02 5.053312778472900391e-01 6.761009693145751953e-01
6.698656082153320312e-02 4.055397510528564453e-01 6.181006431579589844e-01
7.256245613098144531e-02 3.823578357696533203e-01 6.042411327362060547e-01
7.249307632446289062e-02 3.306159973144531250e-01 6.258084774017333984e-01
6.723451614379882812e-02 2.924370765686035156e-01 5.895781517028808594e-01
6.667661666870117188e-02 2.823214530944824219e-01 5.892632007598876953e-01
6.704187393188476562e-02 2.854380607604980469e-01 5.898602008819580078e-01
6.700038909912109375e-02 2.917613983154296875e-01 6.197681427001953125e-01
6.698870658874511719e-02 3.035783767700195312e-01 5.774490833282470703e-01
6.689190864562988281e-02 3.349614143371582031e-01 6.427221298217773438e-01
6.697154045104980469e-02 3.636198043823242188e-01 5.932872295379638672e-01
6.698989868164062500e-02 3.763802051544189453e-01 6.252934932708740234e-01
