5.109691619873046875e-02 5.338242053985595703e-01 2.161979675292968750e-01
4.503273963928222656e-02 5.393605232238769531e-01 2.230858802795410156e-01
4.594540596008300781e-02 4.885418415069580078e-01 2.197520732879638672e-01
4.667997360229492188e-02 4.566674232482910156e-01 2.194178104400634766e-01
4.688787460327148438e-02 4.080054759979248047e-01 2.153506278991699219e-01
4.657006263732910156e-02 3.843810558319091797e-01 2.190315723419189453e-01
4.701232910156250000e-02 3.524544239044189453e-01 2.146501541137695312e-01
4.687929153442382812e-02 2.990119457244873047e-01 2.173032760620117188e-01
4.682588577270507812e-02 2.586166858673095703e-01 2.193033695220947266e-01
4.679822921752929688e-02 2.329056262969970703e-01 2.170624732971191406e-01
4.617357254028320312e-02 2.168319225311279297e-01 2.166059017181396484e-01
