6.531834602355957031e-02 1.017887592315673828e-01 2.831120491027832031e-01
6.053876876831054688e-02 9.063529968261718750e-02 2.872221469879150391e-01
5.899333953857421875e-02 7.281637191772460938e-02 2.760412693023681641e-01
5.905961990356445312e-02 7.216310501098632812e-02 2.831950187683105469e-01
6.061911582946777344e-02 8.931231498718261719e-02 2.849800586700439453e-01
6.164121627807617188e-02 9.023761749267578125e-02 2.865118980407714844e-01
5.960416793823242188e-02 7.367920875549316406e-02 2.692711353302001953e-01
5.953049659729003906e-02 7.202482223510742188e-02 2.768859863281250000e-01
5.965733528137207031e-02 7.267236709594726562e-02 2.727768421173095703e-01
6.181144714355468750e-02 9.075021743774414062e-02 2.695453166961669922e-01
6.243371963500976562e-02 9.236001968383789062e-02 2.706840038299560547e-01
