1.453764438629150391e-01 0.000000000000000000e+00
4.193961620330810547e-01 2.907667160034179688e-01
5.079159736633300781e-01 3.391695022583007812e-01
4.718008041381835938e-01 2.838649749755859375e-01
4.255402088165283203e-01 2.839465141296386719e-01
4.400913715362548828e-01 2.997484207153320312e-01
5.026283264160156250e-01 2.865102291107177734e-01
4.691693782806396484e-01 3.265054225921630859e-01
4.227442741394042969e-01 2.840845584869384766e-01
4.927296638488769531e-01 2.910585403442382812e-01
4.786994457244873047e-01 2.908141613006591797e-01
4.369308948516845703e-01 3.200302124023437500e-01
4.892048835754394531e-01 3.446326255798339844e-01
4.304940700531005859e-01 3.069832324981689453e-01
4.759936332702636719e-01 3.034641742706298828e-01
4.224824905395507812e-01 2.917230129241943359e-01
4.295749664306640625e-01 2.937314510345458984e-01
4.650914669036865234e-01 2.853295803070068359e-01
4.364752769470214844e-01 2.980730533599853516e-01
4.309980869293212891e-01 2.911221981048583984e-01
5.508096218109130859e-01 3.005256652832031250e-01
4.818694591522216797e-01 3.136885166168212891e-01
4.603383541107177734e-01 2.902843952178955078e-01
4.847631454467773438e-01 2.930176258087158203e-01
4.219770431518554688e-01 2.905373573303222656e-01
4.310839176177978516e-01 2.843234539031982422e-01
4.254419803619384766e-01 3.245761394500732422e-01
4.562032222747802734e-01 3.262083530426025391e-01
5.107219219207763672e-01 3.018043041229248047e-01
4.399113655090332031e-01 2.993879318237304688e-01
