6.622815132141113281e-02 6.127998828887939453e-01 6.720569133758544922e-01
6.699180603027343750e-02 4.991991519927978516e-01 6.516964435577392578e-01
6.689906120300292969e-02 3.977472782135009766e-01 6.457324028015136719e-01
6.720423698425292969e-02 3.316619396209716797e-01 6.293797492980957031e-01
6.606745719909667969e-02 2.581052780151367188e-01 5.748388767242431641e-01
6.637644767761230469e-02 2.016687393188476562e-01 5.645318031311035156e-01
6.637978553771972656e-02 1.718711853027343750e-01 5.853457450866699219e-01
6.742119789123535156e-02 1.625971794128417969e-01 5.740854740142822266e-01
6.676220893859863281e-02 1.513564586639404297e-01 5.808751583099365234e-01
6.725096702575683594e-02 1.438729763031005859e-01 5.577347278594970703e-01
6.711935997009277344e-02 1.455130577087402344e-01 5.609674453735351562e-01
6.708407402038574219e-02 1.410992145538330078e-01 5.567111968994140625e-01
6.730437278747558594e-02 1.399836540222167969e-01 5.784604549407958984e-01
6.680774688720703125e-02 1.387281417846679688e-01 5.660021305084228516e-01
6.664609909057617188e-02 1.385695934295654297e-01 5.762436389923095703e-01
6.650066375732421875e-02 1.411442756652832031e-01 5.780515670776367188e-01
6.684088706970214844e-02 1.439068317413330078e-01 5.780920982360839844e-01
6.897974014282226562e-02 1.500697135925292969e-01 5.547909736633300781e-01
6.705522537231445312e-02 1.449155807495117188e-01 5.737054347991943359e-01
6.719827651977539062e-02 1.506891250610351562e-01 5.766363143920898438e-01
6.719684600830078125e-02 1.533160209655761719e-01 5.702083110809326172e-01
6.728267669677734375e-02 1.571359634399414062e-01 5.675761699676513672e-01
6.714987754821777344e-02 1.590261459350585938e-01 5.708744525909423828e-01
6.703758239746093750e-02 1.594924926757812500e-01 5.750441551208496094e-01
6.687140464782714844e-02 1.647961139678955078e-01 5.697541236877441406e-01
6.663489341735839844e-02 1.752583980560302734e-01 5.653347969055175781e-01
6.688904762268066406e-02 1.789333820343017578e-01 5.711748600006103516e-01
6.877756118774414062e-02 1.965088844299316406e-01 5.577566623687744141e-01
