3.027343750000000000e-02 1.495478153228759766e-01 2.019493579864501953e-01
2.831625938415527344e-02 1.635842323303222656e-01 2.059006690979003906e-01
2.865934371948242188e-02 1.741144657135009766e-01 2.088639736175537109e-01
2.773094177246093750e-02 1.699073314666748047e-01 1.957087516784667969e-01
2.758789062500000000e-02 1.662001609802246094e-01 2.060852050781250000e-01
2.862048149108886719e-02 1.620478630065917969e-01 1.924426555633544922e-01
2.884793281555175781e-02 1.568486690521240234e-01 2.117748260498046875e-01
2.982783317565917969e-02 1.565227508544921875e-01 2.088422775268554688e-01
2.999639511108398438e-02 1.540617942810058594e-01 2.034697532653808594e-01
3.028702735900878906e-02 1.567773818969726562e-01 1.951668262481689453e-01
3.000116348266601562e-02 1.560964584350585938e-01 2.027325630187988281e-01
