6.677341461181640625e-02 3.854448795318603516e-01 2.004125118255615234e-01
4.353690147399902344e-02 3.528747558593750000e-01 1.980619430541992188e-01
4.409766197204589844e-02 3.463387489318847656e-01 2.070839405059814453e-01
4.580879211425781250e-02 3.490655422210693359e-01 1.978855133056640625e-01
4.538536071777343750e-02 3.458285331726074219e-01 2.030398845672607422e-01
4.573059082031250000e-02 3.405978679656982422e-01 2.009918689727783203e-01
4.511666297912597656e-02 3.445999622344970703e-01 2.021117210388183594e-01
4.564499855041503906e-02 3.463470935821533203e-01 2.005360126495361328e-01
4.508185386657714844e-02 3.483603000640869141e-01 2.061429023742675781e-01
4.506182670593261719e-02 3.581132888793945312e-01 2.050697803497314453e-01
4.503226280212402344e-02 3.671827316284179688e-01 2.004590034484863281e-01
4.508686065673828125e-02 3.592851161956787109e-01 1.969513893127441406e-01
4.561805725097656250e-02 3.532068729400634766e-01 2.061035633087158203e-01
4.638624191284179688e-02 3.467397689819335938e-01 1.994485855102539062e-01
4.578042030334472656e-02 3.404154777526855469e-01 2.024610042572021484e-01
4.565930366516113281e-02 3.380146026611328125e-01 1.994686126708984375e-01
