8.605980873107910156e-02 6.154279708862304688e-01 4.629011154174804688e-01
5.737757682800292969e-02 5.243389606475830078e-01 4.704787731170654297e-01
5.752325057983398438e-02 4.793133735656738281e-01 4.519174098968505859e-01
6.279993057250976562e-02 4.985280036926269531e-01 4.626481533050537109e-01
6.290745735168457031e-02 4.958810806274414062e-01 4.579920768737792969e-01
6.196117401123046875e-02 4.604194164276123047e-01 4.550349712371826172e-01
5.909061431884765625e-02 4.368698596954345703e-01 4.557080268859863281e-01
5.885481834411621094e-02 4.381158351898193359e-01 4.536910057067871094e-01
6.121563911437988281e-02 4.656732082366943359e-01 4.502563476562500000e-01
5.884838104248046875e-02 4.481320381164550781e-01 4.695954322814941406e-01
5.894708633422851562e-02 4.427018165588378906e-01 4.597990512847900391e-01
6.131386756896972656e-02 4.656150341033935547e-01 4.565930366516113281e-01
