6.891274452209472656e-02 1.027719974517822266e-01 2.636799812316894531e-01
5.833101272583007812e-02 6.476020812988281250e-02 2.079336643218994141e-01
6.182026863098144531e-02 8.260917663574218750e-02 1.815679073333740234e-01
5.887007713317871094e-02 6.202244758605957031e-02 1.775722503662109375e-01
5.750656127929687500e-02 6.245779991149902344e-02 1.632037162780761719e-01
6.189870834350585938e-02 7.988834381103515625e-02 1.631028652191162109e-01
5.943632125854492188e-02 5.930352210998535156e-02 1.462414264678955078e-01
6.048703193664550781e-02 5.954527854919433594e-02 1.511657238006591797e-01
5.885624885559082031e-02 5.956220626831054688e-02 1.383540630340576172e-01
5.978465080261230469e-02 5.966186523437500000e-02 1.446974277496337891e-01
5.903267860412597656e-02 5.788516998291015625e-02 1.404485702514648438e-01
5.959081649780273438e-02 5.903291702270507812e-02 1.394431591033935547e-01
6.249904632568359375e-02 7.659316062927246094e-02 1.442184448242187500e-01
6.298661231994628906e-02 7.812976837158203125e-02 1.399757862091064453e-01
5.886530876159667969e-02 5.889153480529785156e-02 1.319105625152587891e-01
