6.944870948791503906e-02 3.175988197326660156e-01 2.143294811248779297e-01
4.563307762145996094e-02 2.913885116577148438e-01 2.153570652008056641e-01
4.652571678161621094e-02 3.001775741577148438e-01 2.099153995513916016e-01
4.667448997497558594e-02 3.017480373382568359e-01 2.168173789978027344e-01
4.607486724853515625e-02 3.078677654266357422e-01 2.122313976287841797e-01
4.647994041442871094e-02 3.120040893554687500e-01 2.177040576934814453e-01
4.703903198242187500e-02 3.188092708587646484e-01 2.088427543640136719e-01
4.621434211730957031e-02 3.149540424346923828e-01 2.161169052124023438e-01
4.679083824157714844e-02 3.227989673614501953e-01 2.106401920318603516e-01
4.802274703979492188e-02 3.390624523162841797e-01 2.177031040191650391e-01
4.661202430725097656e-02 3.403742313385009766e-01 2.109282016754150391e-01
