4.993557929992675781e-02 6.722528934478759766e-01 2.368159294128417969e-01
6.810975074768066406e-02 7.319915294647216797e-01 2.512066364288330078e-01
5.097246170043945312e-02 7.312159538269042969e-01 2.424647808074951172e-01
5.080986022949218750e-02 7.219958305358886719e-01 2.405855655670166016e-01
4.923009872436523438e-02 7.105052471160888672e-01 2.412090301513671875e-01
5.099058151245117188e-02 7.295887470245361328e-01 2.323358058929443359e-01
5.108261108398437500e-02 7.295067310333251953e-01 2.339205741882324219e-01
5.109310150146484375e-02 7.282063961029052734e-01 2.293663024902343750e-01
5.042052268981933594e-02 7.277481555938720703e-01 2.296981811523437500e-01
5.035686492919921875e-02 7.305252552032470703e-01 2.288718223571777344e-01
5.024147033691406250e-02 7.192494869232177734e-01 2.367055416107177734e-01
5.065727233886718750e-02 7.261903285980224609e-01 2.278504371643066406e-01
5.145168304443359375e-02 7.398285865783691406e-01 2.364177703857421875e-01
4.872274398803710938e-02 7.112843990325927734e-01 2.263343334197998047e-01
