9.737324714660644531e-02 5.912084579467773438e-01 4.757096767425537109e-01
6.502532958984375000e-02 5.552830696105957031e-01 4.695146083831787109e-01
6.585836410522460938e-02 5.906240940093994141e-01 4.842162132263183594e-01
7.018423080444335938e-02 6.234285831451416016e-01 4.772322177886962891e-01
7.386207580566406250e-02 6.579160690307617188e-01 4.746372699737548828e-01
6.895732879638671875e-02 6.208591461181640625e-01 4.703042507171630859e-01
6.844854354858398438e-02 6.343982219696044922e-01 4.761581420898437500e-01
6.847357749938964844e-02 6.329648494720458984e-01 4.701874256134033203e-01
7.222080230712890625e-02 7.056994438171386719e-01 4.837880134582519531e-01
7.210659980773925781e-02 6.396696567535400391e-01 4.832282066345214844e-01
6.817102432250976562e-02 6.667792797088623047e-01 4.790244102478027344e-01
7.167172431945800781e-02 6.865258216857910156e-01 4.801015853881835938e-01
