6.822705268859863281e-02 4.313941001892089844e-01 1.968121528625488281e-01
4.314160346984863281e-02 4.207468032836914062e-01 2.023792266845703125e-01
4.414772987365722656e-02 4.161624908447265625e-01 1.965408325195312500e-01
4.380369186401367188e-02 4.027178287506103516e-01 2.032847404479980469e-01
4.452657699584960938e-02 4.123179912567138672e-01 1.968138217926025391e-01
4.480910301208496094e-02 4.036328792572021484e-01 2.026290893554687500e-01
4.340815544128417969e-02 3.916864395141601562e-01 2.005183696746826172e-01
4.509902000427246094e-02 3.925926685333251953e-01 1.993343830108642578e-01
4.530048370361328125e-02 3.984375000000000000e-01 1.964886188507080078e-01
4.475498199462890625e-02 4.059293270111083984e-01 2.024636268615722656e-01
4.713582992553710938e-02 4.240365028381347656e-01 1.971824169158935547e-01
4.573464393615722656e-02 4.218864440917968750e-01 2.023928165435791016e-01
4.414248466491699219e-02 4.149613380432128906e-01 1.947443485260009766e-01
4.405021667480468750e-02 4.198408126831054688e-01 1.990113258361816406e-01
4.400181770324707031e-02 4.225022792816162109e-01 1.981468200683593750e-01
4.497337341308593750e-02 4.301156997680664062e-01 1.999375820159912109e-01
