7.222056388854980469e-02 1.198797225952148438e-01 1.383378505706787109e-01
4.489088058471679688e-02 7.505559921264648438e-02 1.430370807647705078e-01
4.701876640319824219e-02 8.233261108398437500e-02 1.504390239715576172e-01
4.682588577270507812e-02 8.691501617431640625e-02 1.386110782623291016e-01
4.589056968688964844e-02 8.070302009582519531e-02 1.432862281799316406e-01
4.573082923889160156e-02 8.174395561218261719e-02 1.404025554656982422e-01
4.654765129089355469e-02 9.498357772827148438e-02 1.410636901855468750e-01
4.543948173522949219e-02 8.988213539123535156e-02 1.423211097717285156e-01
4.699301719665527344e-02 9.067440032958984375e-02 1.464266777038574219e-01
4.516148567199707031e-02 8.395195007324218750e-02 1.374249458312988281e-01
4.633784294128417969e-02 8.246779441833496094e-02 1.425943374633789062e-01
