5.540561676025390625e-02 4.342801570892333984e-01 1.976985931396484375e-01
3.409504890441894531e-02 2.634003162384033203e-01 2.080802917480468750e-01
3.346061706542968750e-02 1.395311355590820312e-01 1.912128925323486328e-01
3.445720672607421875e-02 1.143953800201416016e-01 2.048461437225341797e-01
3.580904006958007812e-02 1.626198291778564453e-01 1.941661834716796875e-01
3.559708595275878906e-02 1.980197429656982422e-01 2.061235904693603516e-01
3.564333915710449219e-02 2.284600734710693359e-01 1.935825347900390625e-01
3.468108177185058594e-02 2.025170326232910156e-01 1.988704204559326172e-01
3.502750396728515625e-02 1.936314105987548828e-01 1.923389434814453125e-01
3.473806381225585938e-02 1.924679279327392578e-01 1.999130249023437500e-01
3.502249717712402344e-02 2.066283226013183594e-01 1.929922103881835938e-01
3.446817398071289062e-02 2.043590545654296875e-01 2.056164741516113281e-01
