7.991647720336914062e-02 1.374249458312988281e-01 4.373586177825927734e-01
6.573653221130371094e-02 1.098339557647705078e-01 4.319658279418945312e-01
7.009959220886230469e-02 1.226975917816162109e-01 4.337878227233886719e-01
6.476473808288574219e-02 9.998846054077148438e-02 4.285240173339843750e-01
6.463432312011718750e-02 1.003727912902832031e-01 4.427211284637451172e-01
6.617903709411621094e-02 9.842395782470703125e-02 4.357435703277587891e-01
7.193970680236816406e-02 1.165797710418701172e-01 4.302344322204589844e-01
7.089996337890625000e-02 1.120154857635498047e-01 4.242482185363769531e-01
7.134819030761718750e-02 1.137406826019287109e-01 4.407699108123779297e-01
7.247400283813476562e-02 1.101257801055908203e-01 4.406447410583496094e-01
6.768751144409179688e-02 9.465789794921875000e-02 4.306135177612304688e-01
7.441639900207519531e-02 1.128673553466796875e-01 4.252009391784667969e-01
7.377719879150390625e-02 1.135318279266357422e-01 4.367029666900634766e-01
7.346868515014648438e-02 1.112666130065917969e-01 4.244961738586425781e-01
6.787204742431640625e-02 9.296584129333496094e-02 4.258635044097900391e-01
7.080054283142089844e-02 1.048409938812255859e-01 4.282336235046386719e-01
6.889677047729492188e-02 1.058175563812255859e-01 4.263775348663330078e-01
6.711220741271972656e-02 8.890962600708007812e-02 4.274981021881103516e-01
