6.647729873657226562e-02 1.061737537384033203e-01 6.043767929077148438e-02
4.377436637878417969e-02 6.068420410156250000e-02 3.874802589416503906e-02
4.486894607543945312e-02 6.401515007019042969e-02 3.868508338928222656e-02
4.438948631286621094e-02 6.402182579040527344e-02 5.785036087036132812e-02
4.597640037536621094e-02 6.419062614440917969e-02 3.839540481567382812e-02
4.468774795532226562e-02 6.132221221923828125e-02 3.863334655761718750e-02
4.362678527832031250e-02 5.893373489379882812e-02 3.908801078796386719e-02
4.486989974975585938e-02 6.476664543151855469e-02 3.920245170593261719e-02
4.648566246032714844e-02 6.712388992309570312e-02 3.963947296142578125e-02
4.565048217773437500e-02 6.369948387145996094e-02 3.928947448730468750e-02
4.519248008728027344e-02 6.230640411376953125e-02 3.852772712707519531e-02
