5.509567260742187500e-02 7.443714141845703125e-02 3.231730461120605469e-01
6.070423126220703125e-02 9.725236892700195312e-02 3.235793113708496094e-01
5.948138236999511719e-02 8.255147933959960938e-02 3.251919746398925781e-01
5.809330940246582031e-02 8.565068244934082031e-02 3.239841461181640625e-01
5.972599983215332031e-02 8.611154556274414062e-02 3.274331092834472656e-01
5.869770050048828125e-02 8.458495140075683594e-02 3.218152523040771484e-01
6.162858009338378906e-02 1.073312759399414062e-01 3.290634155273437500e-01
6.008982658386230469e-02 8.858036994934082031e-02 3.250396251678466797e-01
6.318259239196777344e-02 1.118814945220947266e-01 3.258702754974365234e-01
6.047844886779785156e-02 9.295582771301269531e-02 3.263251781463623047e-01
5.888962745666503906e-02 9.124565124511718750e-02 3.290321826934814453e-01
5.867576599121093750e-02 9.321451187133789062e-02 3.249537944793701172e-01
5.981850624084472656e-02 9.629940986633300781e-02 3.364171981811523438e-01
6.234693527221679688e-02 1.128816604614257812e-01 3.272509574890136719e-01
6.127166748046875000e-02 1.193904876708984375e-01 3.248703479766845703e-01
5.772614479064941406e-02 1.007273197174072266e-01 3.251700401306152344e-01
5.730867385864257812e-02 1.023936271667480469e-01 3.265969753265380859e-01
5.741024017333984375e-02 1.035876274108886719e-01 3.281896114349365234e-01
5.834960937500000000e-02 1.034646034240722656e-01 3.262765407562255859e-01
5.849099159240722656e-02 1.050121784210205078e-01 3.238036632537841797e-01
5.858898162841796875e-02 1.052646636962890625e-01 3.261375427246093750e-01
6.117486953735351562e-02 1.292395591735839844e-01 3.234009742736816406e-01
5.852675437927246094e-02 1.084697246551513672e-01 3.316397666931152344e-01
6.025862693786621094e-02 1.268858909606933594e-01 3.355362415313720703e-01
5.732154846191406250e-02 1.150081157684326172e-01 3.255078792572021484e-01
5.879831314086914062e-02 1.193337440490722656e-01 3.248193264007568359e-01
6.141281127929687500e-02 1.448760032653808594e-01 3.255727291107177734e-01
6.174635887145996094e-02 1.458873748779296875e-01 3.336338996887207031e-01
5.936384201049804688e-02 1.239583492279052734e-01 3.323874473571777344e-01
5.913829803466796875e-02 1.199746131896972656e-01 3.298301696777343750e-01
5.909538269042968750e-02 1.180043220520019531e-01 3.328032493591308594e-01
6.245803833007812500e-02 1.395692825317382812e-01 3.247029781341552734e-01
5.987310409545898438e-02 1.200067996978759766e-01 3.283648490905761719e-01
6.290721893310546875e-02 1.414163112640380859e-01 3.297870159149169922e-01
