7.053732872009277344e-02 3.857157230377197266e-01 2.308208942413330078e-01
4.561424255371093750e-02 3.414542675018310547e-01 2.171158790588378906e-01
4.672360420227050781e-02 3.304636478424072266e-01 2.199277877807617188e-01
4.497098922729492188e-02 3.285777568817138672e-01 2.218341827392578125e-01
4.614377021789550781e-02 3.221046924591064453e-01 2.183163166046142578e-01
4.783964157104492188e-02 3.153975009918212891e-01 2.175953388214111328e-01
4.596996307373046875e-02 3.078005313873291016e-01 2.225646972656250000e-01
4.531955718994140625e-02 2.964544296264648438e-01 2.205638885498046875e-01
4.620146751403808594e-02 2.972543239593505859e-01 2.218663692474365234e-01
4.629445075988769531e-02 3.020834922790527344e-01 2.152907848358154297e-01
4.729843139648437500e-02 2.968349456787109375e-01 2.145171165466308594e-01
4.744362831115722656e-02 3.084089756011962891e-01 2.200143337249755859e-01
4.639196395874023438e-02 3.012990951538085938e-01 2.173318862915039062e-01
4.656171798706054688e-02 2.859330177307128906e-01 2.200405597686767578e-01
4.562950134277343750e-02 2.795295715332031250e-01 2.144320011138916016e-01
4.540586471557617188e-02 2.727913856506347656e-01 2.125360965728759766e-01
4.626202583312988281e-02 2.756609916687011719e-01 2.168450355529785156e-01
4.636573791503906250e-02 2.727656364440917969e-01 2.144150733947753906e-01
4.636430740356445312e-02 2.712895870208740234e-01 2.209060192108154297e-01
4.644250869750976562e-02 2.677915096282958984e-01 2.234079837799072266e-01
4.615497589111328125e-02 2.593772411346435547e-01 2.172579765319824219e-01
4.686617851257324219e-02 2.641572952270507812e-01 2.153763771057128906e-01
