7.907247543334960938e-02 2.475237846374511719e-01 2.063193321228027344e-01
5.164361000061035156e-02 2.061660289764404297e-01 2.002449035644531250e-01
5.244874954223632812e-02 1.875376701354980469e-01 1.998505592346191406e-01
5.227375030517578125e-02 1.775712966918945312e-01 2.050461769104003906e-01
5.155968666076660156e-02 1.608796119689941406e-01 2.041587829589843750e-01
5.140757560729980469e-02 1.512408256530761719e-01 1.993069648742675781e-01
5.065798759460449219e-02 1.726348400115966797e-01 2.015764713287353516e-01
5.218768119812011719e-02 1.815888881683349609e-01 2.115855216979980469e-01
5.279040336608886719e-02 1.894671916961669922e-01 2.013595104217529297e-01
5.331897735595703125e-02 1.865546703338623047e-01 2.002210617065429688e-01
5.320572853088378906e-02 1.844780445098876953e-01 1.979105472564697266e-01
5.315804481506347656e-02 1.815061569213867188e-01 2.007317543029785156e-01
5.318450927734375000e-02 1.790237426757812500e-01 1.993246078491210938e-01
5.314230918884277344e-02 1.745994091033935547e-01 2.037260532379150391e-01
5.170774459838867188e-02 1.668825149536132812e-01 1.986854076385498047e-01
5.177903175354003906e-02 1.607537269592285156e-01 1.977581977844238281e-01
