7.147121429443359375e-02 1.940183639526367188e-01 2.179234027862548828e-01
4.631495475769042969e-02 1.196739673614501953e-01 2.130756378173828125e-01
4.664301872253417969e-02 1.010432243347167969e-01 2.091112136840820312e-01
4.520249366760253906e-02 8.719062805175781250e-02 2.071511745452880859e-01
4.484891891479492188e-02 8.149099349975585938e-02 2.020385265350341797e-01
4.476022720336914062e-02 7.927799224853515625e-02 2.036111354827880859e-01
4.500365257263183594e-02 7.925200462341308594e-02 2.020487785339355469e-01
4.665207862854003906e-02 8.478450775146484375e-02 2.059047222137451172e-01
4.512715339660644531e-02 7.996535301208496094e-02 2.038030624389648438e-01
4.661393165588378906e-02 8.103823661804199219e-02 2.031311988830566406e-01
4.654479026794433594e-02 8.126187324523925781e-02 2.015957832336425781e-01
4.555678367614746094e-02 7.943797111511230469e-02 2.031481266021728516e-01
4.638504981994628906e-02 7.915759086608886719e-02 1.993942260742187500e-01
4.514956474304199219e-02 7.746863365173339844e-02 2.071483135223388672e-01
4.507207870483398438e-02 7.720589637756347656e-02 1.985657215118408203e-01
4.509449005126953125e-02 7.589912414550781250e-02 2.000293731689453125e-01
4.640603065490722656e-02 8.379840850830078125e-02 2.025864124298095703e-01
4.627752304077148438e-02 8.738970756530761719e-02 2.087972164154052734e-01
4.552388191223144531e-02 8.378076553344726562e-02 1.983690261840820312e-01
4.653859138488769531e-02 8.932900428771972656e-02 2.020368576049804688e-01
4.622721672058105469e-02 7.996582984924316406e-02 1.966211795806884766e-01
4.681682586669921875e-02 9.075331687927246094e-02 2.055187225341796875e-01
4.626798629760742188e-02 7.807970046997070312e-02 1.989367008209228516e-01
4.773139953613281250e-02 8.474302291870117188e-02 2.065501213073730469e-01
4.610776901245117188e-02 7.466220855712890625e-02 1.764953136444091797e-01
