6.899213790893554688e-02 2.856616973876953125e-01 2.172467708587646484e-01
4.493665695190429688e-02 2.420201301574707031e-01 2.196614742279052734e-01
4.608011245727539062e-02 2.473506927490234375e-01 2.203378677368164062e-01
4.544019699096679688e-02 2.422699928283691406e-01 2.208046913146972656e-01
4.609179496765136719e-02 2.439389228820800781e-01 2.154622077941894531e-01
4.574561119079589844e-02 2.357079982757568359e-01 2.161972522735595703e-01
4.683566093444824219e-02 2.381458282470703125e-01 2.149331569671630859e-01
4.682350158691406250e-02 2.364277839660644531e-01 2.170252799987792969e-01
4.603242874145507812e-02 2.289948463439941406e-01 2.168695926666259766e-01
4.698014259338378906e-02 2.282080650329589844e-01 2.128832340240478516e-01
4.588198661804199219e-02 2.232275009155273438e-01 2.163014411926269531e-01
4.702544212341308594e-02 2.209088802337646484e-01 2.183980941772460938e-01
4.631209373474121094e-02 2.228622436523437500e-01 2.174258232116699219e-01
4.625225067138671875e-02 2.170090675354003906e-01 2.127325534820556641e-01
4.587268829345703125e-02 2.180967330932617188e-01 2.200641632080078125e-01
4.809188842773437500e-02 2.271132469177246094e-01 2.131934165954589844e-01
4.572367668151855469e-02 2.211267948150634766e-01 2.190265655517578125e-01
4.768204689025878906e-02 2.336349487304687500e-01 2.161018848419189453e-01
4.621171951293945312e-02 2.287428379058837891e-01 2.161514759063720703e-01
4.644155502319335938e-02 2.221813201904296875e-01 2.186903953552246094e-01
