6.301212310791015625e-02 2.383308410644531250e-01 2.056329250335693359e-01
4.419422149658203125e-02 2.023315429687500000e-01 2.035620212554931641e-01
4.469037055969238281e-02 2.485368251800537109e-01 2.003650665283203125e-01
4.448413848876953125e-02 3.167979717254638672e-01 2.034137248992919922e-01
4.433393478393554688e-02 3.757138252258300781e-01 2.043747901916503906e-01
4.413771629333496094e-02 3.941280841827392578e-01 2.008581161499023438e-01
4.392242431640625000e-02 3.902978897094726562e-01 2.081189155578613281e-01
4.596877098083496094e-02 3.971858024597167969e-01 2.043960094451904297e-01
4.402470588684082031e-02 3.667035102844238281e-01 2.005803585052490234e-01
4.436516761779785156e-02 3.374838829040527344e-01 1.985423564910888672e-01
4.609847068786621094e-02 3.194656372070312500e-01 2.065985202789306641e-01
4.443073272705078125e-02 2.791738510131835938e-01 2.005496025085449219e-01
4.494309425354003906e-02 2.679262161254882812e-01 1.992993354797363281e-01
