6.811428070068359375e-02 4.316604137420654297e-01 2.013983726501464844e-01
4.340672492980957031e-02 3.684682846069335938e-01 2.005372047424316406e-01
4.435968399047851562e-02 3.703062534332275391e-01 1.982266902923583984e-01
4.270148277282714844e-02 3.707799911499023438e-01 2.009868621826171875e-01
4.410362243652343750e-02 3.867428302764892578e-01 1.984312534332275391e-01
4.397225379943847656e-02 3.962316513061523438e-01 2.006766796112060547e-01
4.353880882263183594e-02 4.001019001007080078e-01 1.993718147277832031e-01
4.289197921752929688e-02 4.164915084838867188e-01 2.001008987426757812e-01
4.399061203002929688e-02 4.284205436706542969e-01 2.014799118041992188e-01
4.420661926269531250e-02 4.290616512298583984e-01 2.037372589111328125e-01
4.406046867370605469e-02 4.256727695465087891e-01 2.022426128387451172e-01
4.475426673889160156e-02 4.303152561187744141e-01 2.004618644714355469e-01
4.432010650634765625e-02 4.227797985076904297e-01 1.977188587188720703e-01
4.453277587890625000e-02 4.286544322967529297e-01 2.004599571228027344e-01
4.461860656738281250e-02 4.283177852630615234e-01 2.035734653472900391e-01
4.416942596435546875e-02 4.366149902343750000e-01 2.032794952392578125e-01
4.418063163757324219e-02 4.542610645294189453e-01 1.983487606048583984e-01
