7.071566581726074219e-02 3.595981597900390625e-01 2.087411880493164062e-01
4.291725158691406250e-02 2.969276905059814453e-01 1.903686523437500000e-01
4.362225532531738281e-02 2.554059028625488281e-01 2.055692672729492188e-01
4.434895515441894531e-02 2.690680027008056641e-01 1.935851573944091797e-01
4.422736167907714844e-02 2.976696491241455078e-01 2.007439136505126953e-01
4.498386383056640625e-02 3.321185111999511719e-01 1.924664974212646484e-01
4.423999786376953125e-02 3.290853500366210938e-01 2.016153335571289062e-01
4.600119590759277344e-02 3.263719081878662109e-01 1.927649974822998047e-01
4.450631141662597656e-02 2.954037189483642578e-01 1.978020668029785156e-01
4.560446739196777344e-02 2.676682472229003906e-01 1.937527656555175781e-01
4.494285583496093750e-02 1.986103057861328125e-01 1.985304355621337891e-01
