7.138252258300781250e-02 3.117892742156982422e-01 4.454748630523681641e-01
4.299974441528320312e-02 3.628790378570556641e-01 4.598507881164550781e-01
4.822683334350585938e-02 3.567829132080078125e-01 4.431302547454833984e-01
4.647612571716308594e-02 2.565052509307861328e-01 4.390802383422851562e-01
4.824662208557128906e-02 2.034764289855957031e-01 4.454324245452880859e-01
4.764509201049804688e-02 1.401891708374023438e-01 4.571306705474853516e-01
4.735040664672851562e-02 1.313831806182861328e-01 4.460566043853759766e-01
4.801964759826660156e-02 1.257932186126708984e-01 4.487655162811279297e-01
4.741358757019042969e-02 1.003832817077636719e-01 4.416761398315429688e-01
4.644966125488281250e-02 1.086256504058837891e-01 4.415483474731445312e-01
4.873299598693847656e-02 1.129562854766845703e-01 4.291503429412841797e-01
4.798293113708496094e-02 1.094880104064941406e-01 4.387681484222412109e-01
4.923558235168457031e-02 1.088914871215820312e-01 4.330725669860839844e-01
