4.395914077758789062e-02 1.289634704589843750e-01 3.961317539215087891e-01
3.686881065368652344e-02 7.877254486083984375e-02 3.900110721588134766e-01
3.790783882141113281e-02 1.006240844726562500e-01 3.827910423278808594e-01
3.804230690002441406e-02 7.986140251159667969e-02 3.852345943450927734e-01
3.750491142272949219e-02 7.897830009460449219e-02 3.576972484588623047e-01
3.765368461608886719e-02 9.525895118713378906e-02 3.463428020477294922e-01
3.758645057678222656e-02 7.806992530822753906e-02 3.389515876770019531e-01
3.774738311767578125e-02 7.764315605163574219e-02 3.520400524139404297e-01
3.823256492614746094e-02 8.219242095947265625e-02 3.501253128051757812e-01
3.818774223327636719e-02 1.040956974029541016e-01 3.464429378509521484e-01
3.821969032287597656e-02 8.595561981201171875e-02 3.525621891021728516e-01
