5.011844635009765625e-02 2.578403949737548828e-01 2.053635120391845703e-01
4.395747184753417969e-02 2.358067035675048828e-01 2.011265754699707031e-01
4.415178298950195312e-02 1.978952884674072266e-01 2.007901668548583984e-01
4.263901710510253906e-02 1.663630008697509766e-01 1.976468563079833984e-01
4.290366172790527344e-02 1.424269676208496094e-01 2.008378505706787109e-01
4.454946517944335938e-02 1.285920143127441406e-01 1.988101005554199219e-01
4.474449157714843750e-02 1.237392425537109375e-01 2.003390789031982422e-01
4.388570785522460938e-02 1.100313663482666016e-01 1.973800659179687500e-01
4.466938972473144531e-02 1.144824028015136719e-01 1.964905261993408203e-01
4.410266876220703125e-02 1.097860336303710938e-01 1.954584121704101562e-01
4.375886917114257812e-02 1.143529415130615234e-01 1.977744102478027344e-01
4.404878616333007812e-02 1.160404682159423828e-01 1.989569664001464844e-01
4.461908340454101562e-02 1.181526184082031250e-01 2.051248550415039062e-01
4.438066482543945312e-02 1.126387119293212891e-01 1.967122554779052734e-01
4.459428787231445312e-02 1.256828308105468750e-01 2.020995616912841797e-01
4.467630386352539062e-02 1.316478252410888672e-01 1.968314647674560547e-01
4.344654083251953125e-02 1.279745101928710938e-01 1.971547603607177734e-01
4.422307014465332031e-02 1.247892379760742188e-01 1.981012821197509766e-01
4.426717758178710938e-02 1.239769458770751953e-01 1.957201957702636719e-01
4.465556144714355469e-02 1.269991397857666016e-01 1.947281360626220703e-01
4.277133941650390625e-02 1.209321022033691406e-01 2.007565498352050781e-01
4.436326026916503906e-02 1.187295913696289062e-01 1.973757743835449219e-01
4.474186897277832031e-02 1.090567111968994141e-01 2.006425857543945312e-01
4.417657852172851562e-02 1.005349159240722656e-01 1.948809623718261719e-01
4.340863227844238281e-02 1.022591590881347656e-01 1.979832649230957031e-01
4.399037361145019531e-02 1.027598381042480469e-01 1.969361305236816406e-01
4.409146308898925781e-02 1.020827293395996094e-01 1.986706256866455078e-01
4.347872734069824219e-02 1.027481555938720703e-01 1.957693099975585938e-01
4.296469688415527344e-02 1.018865108489990234e-01 1.949553489685058594e-01
4.433584213256835938e-02 1.042487621307373047e-01 1.961550712585449219e-01
4.367923736572265625e-02 1.043705940246582031e-01 1.988153457641601562e-01
4.371166229248046875e-02 1.151144504547119141e-01 1.988143920898437500e-01
4.468226432800292969e-02 1.017508506774902344e-01 1.952934265136718750e-01
4.410982131958007812e-02 9.228754043579101562e-02 1.971266269683837891e-01
4.447650909423828125e-02 9.576678276062011719e-02 1.984207630157470703e-01
4.379820823669433594e-02 9.575057029724121094e-02 1.960735321044921875e-01
4.403591156005859375e-02 9.013390541076660156e-02 1.958096027374267578e-01
4.549217224121093750e-02 9.028005599975585938e-02 1.930654048919677734e-01
