6.950926780700683594e-02 1.158728599548339844e-01 1.534061431884765625e-01
4.345059394836425781e-02 7.051157951354980469e-02 1.093103885650634766e-01
4.478907585144042969e-02 6.871247291564941406e-02 7.173848152160644531e-02
4.640197753906250000e-02 7.738304138183593750e-02 7.642316818237304688e-02
5.634617805480957031e-02 7.620382308959960938e-02 5.920433998107910156e-02
4.601693153381347656e-02 6.533551216125488281e-02 5.713152885437011719e-02
4.487705230712890625e-02 6.591868400573730469e-02 5.874252319335937500e-02
4.706740379333496094e-02 6.494212150573730469e-02 4.597806930541992188e-02
4.514598846435546875e-02 6.113433837890625000e-02 4.167389869689941406e-02
4.463124275207519531e-02 6.090140342712402344e-02 4.150915145874023438e-02
4.498791694641113281e-02 6.426715850830078125e-02 4.144072532653808594e-02
4.276728630065917969e-02 6.016182899475097656e-02 4.188323020935058594e-02
4.512763023376464844e-02 6.307983398437500000e-02 4.117250442504882812e-02
4.502558708190917969e-02 6.580209732055664062e-02 4.203391075134277344e-02
4.459095001220703125e-02 6.233334541320800781e-02 4.190015792846679688e-02
4.398298263549804688e-02 6.189203262329101562e-02 4.203200340270996094e-02
4.458689689636230469e-02 6.290674209594726562e-02 4.156184196472167969e-02
4.466319084167480469e-02 6.372499465942382812e-02 4.239392280578613281e-02
4.437947273254394531e-02 6.334018707275390625e-02 4.155921936035156250e-02
4.423451423645019531e-02 6.470799446105957031e-02 4.214310646057128906e-02
4.502797126770019531e-02 6.646680831909179688e-02 4.171299934387207031e-02
