6.644392013549804688e-02 1.048748493194580078e-01 3.420579433441162109e-01
6.255078315734863281e-02 9.411668777465820312e-02 3.163948059082031250e-01
6.130862236022949219e-02 7.648134231567382812e-02 3.184230327606201172e-01
5.998229980468750000e-02 8.263468742370605469e-02 3.269565105438232422e-01
5.982255935668945312e-02 9.292078018188476562e-02 3.240158557891845703e-01
5.921101570129394531e-02 8.817172050476074219e-02 3.273072242736816406e-01
5.965828895568847656e-02 7.984781265258789062e-02 3.172976970672607422e-01
5.926728248596191406e-02 7.299637794494628906e-02 3.142502307891845703e-01
5.961251258850097656e-02 7.064199447631835938e-02 2.717306613922119141e-01
6.179523468017578125e-02 8.825755119323730469e-02 2.535095214843750000e-01
5.972266197204589844e-02 6.751656532287597656e-02 2.358615398406982422e-01
