6.706690788269042969e-02 2.954561710357666016e-01 1.934096813201904297e-01
4.430770874023437500e-02 2.562136650085449219e-01 2.033476829528808594e-01
4.412102699279785156e-02 2.497763633728027344e-01 2.023808956146240234e-01
4.499745368957519531e-02 2.541949748992919922e-01 1.986391544342041016e-01
4.439473152160644531e-02 2.443795204162597656e-01 2.028176784515380859e-01
4.391169548034667969e-02 2.384829521179199219e-01 1.976764202117919922e-01
4.358363151550292969e-02 2.327771186828613281e-01 2.021222114562988281e-01
4.356288909912109375e-02 2.314317226409912109e-01 1.971533298492431641e-01
4.348587989807128906e-02 2.284314632415771484e-01 1.972403526306152344e-01
4.416680335998535156e-02 2.313101291656494141e-01 1.960420608520507812e-01
4.336261749267578125e-02 2.237908840179443359e-01 1.979458332061767578e-01
4.329776763916015625e-02 2.237317562103271484e-01 1.982588768005371094e-01
4.350137710571289062e-02 2.221527099609375000e-01 2.030684947967529297e-01
4.403471946716308594e-02 2.241613864898681641e-01 2.025229930877685547e-01
4.428672790527343750e-02 2.206497192382812500e-01 2.021751403808593750e-01
4.571914672851562500e-02 2.399375438690185547e-01 1.982228755950927734e-01
4.592227935791015625e-02 2.293941974639892578e-01 1.986451148986816406e-01
4.495263099670410156e-02 2.240557670593261719e-01 1.979002952575683594e-01
4.513049125671386719e-02 2.227730751037597656e-01 2.030031681060791016e-01
