3.850054740905761719e-02 3.972754478454589844e-01 4.466595649719238281e-01
3.618741035461425781e-02 3.098101615905761719e-01 4.441394805908203125e-01
3.624510765075683594e-02 2.862491607666015625e-01 4.343199729919433594e-01
3.807115554809570312e-02 2.863485813140869141e-01 4.544997215270996094e-01
3.861737251281738281e-02 2.591335773468017578e-01 4.437737464904785156e-01
3.849935531616210938e-02 2.628514766693115234e-01 4.388492107391357422e-01
3.946995735168457031e-02 2.706863880157470703e-01 4.408278465270996094e-01
3.865003585815429688e-02 2.677977085113525391e-01 4.450836181640625000e-01
3.686952590942382812e-02 2.663829326629638672e-01 4.337506294250488281e-01
3.801059722900390625e-02 2.521324157714843750e-01 4.485166072845458984e-01
3.763866424560546875e-02 2.745578289031982422e-01 4.350888729095458984e-01
3.797483444213867188e-02 2.775182723999023438e-01 4.407544136047363281e-01
3.737950325012207031e-02 2.860195636749267578e-01 4.470727443695068359e-01
3.815817832946777344e-02 2.660984992980957031e-01 4.476106166839599609e-01
3.638958930969238281e-02 2.633483409881591797e-01 4.338998794555664062e-01
3.802347183227539062e-02 2.657186985015869141e-01 4.404075145721435547e-01
3.671813011169433594e-02 2.715408802032470703e-01 4.315521717071533203e-01
3.903508186340332031e-02 2.977740764617919922e-01 4.451441764831542969e-01
3.886556625366210938e-02 3.066136837005615234e-01 4.442789554595947266e-01
3.848099708557128906e-02 3.164319992065429688e-01 4.473664760589599609e-01
3.791117668151855469e-02 3.238008022308349609e-01 4.422960281372070312e-01
3.734159469604492188e-02 3.254032135009765625e-01 4.524703025817871094e-01
3.749108314514160156e-02 3.394415378570556641e-01 4.404411315917968750e-01
3.769254684448242188e-02 3.176832199096679688e-01 4.376609325408935547e-01
3.652858734130859375e-02 3.401861190795898438e-01 4.394040107727050781e-01
3.690409660339355469e-02 3.242244720458984375e-01 4.423730373382568359e-01
3.734111785888671875e-02 3.343029022216796875e-01 4.388077259063720703e-01
3.659319877624511719e-02 3.450071811676025391e-01 4.425437450408935547e-01
3.650045394897460938e-02 3.668220043182373047e-01 4.556849002838134766e-01
3.802251815795898438e-02 3.727307319641113281e-01 4.536404609680175781e-01
3.854489326477050781e-02 3.809502124786376953e-01 4.489219188690185547e-01
3.930926322937011719e-02 3.913753032684326172e-01 4.529752731323242188e-01
3.771471977233886719e-02 3.961508274078369141e-01 4.396159648895263672e-01
3.847002983093261719e-02 4.275898933410644531e-01 4.522697925567626953e-01
3.749346733093261719e-02 4.117133617401123047e-01 4.551525115966796875e-01
3.793478012084960938e-02 4.211876392364501953e-01 4.563362598419189453e-01
3.733325004577636719e-02 4.221985340118408203e-01 4.420759677886962891e-01
3.779268264770507812e-02 4.409224987030029297e-01 4.473340511322021484e-01
