6.407737731933593750e-02 3.118536472320556641e-01 2.237725257873535156e-01
4.488039016723632812e-02 2.075021266937255859e-01 1.984114646911621094e-01
4.493832588195800781e-02 1.918790340423583984e-01 2.002744674682617188e-01
4.480719566345214844e-02 1.720094680786132812e-01 2.034204006195068359e-01
4.612588882446289062e-02 1.600871086120605469e-01 1.989676952362060547e-01
4.554629325866699219e-02 1.362152099609375000e-01 1.987662315368652344e-01
4.598736763000488281e-02 1.272547245025634766e-01 2.043809890747070312e-01
4.643130302429199219e-02 1.331806182861328125e-01 1.971106529235839844e-01
4.533886909484863281e-02 1.255085468292236328e-01 2.027709484100341797e-01
4.487347602844238281e-02 1.185719966888427734e-01 2.054815292358398438e-01
4.546928405761718750e-02 1.251950263977050781e-01 1.985158920288085938e-01
