8.169221878051757812e-02 5.895156860351562500e-01 2.162597179412841797e-01
5.568194389343261719e-02 5.455653667449951172e-01 2.137477397918701172e-01
5.447578430175781250e-02 5.438752174377441406e-01 2.195272445678710938e-01
5.671429634094238281e-02 5.384349822998046875e-01 2.140529155731201172e-01
5.582547187805175781e-02 5.378584861755371094e-01 2.213492393493652344e-01
5.675649642944335938e-02 5.351631641387939453e-01 2.153582572937011719e-01
5.552411079406738281e-02 5.363612174987792969e-01 2.222130298614501953e-01
5.459809303283691406e-02 5.242547988891601562e-01 2.199656963348388672e-01
5.519032478332519531e-02 5.283694267272949219e-01 2.181785106658935547e-01
5.393385887145996094e-02 5.041515827178955078e-01 2.178556919097900391e-01
5.372071266174316406e-02 5.030317306518554688e-01 2.224779129028320312e-01
5.373573303222656250e-02 4.960243701934814453e-01 2.131826877593994141e-01
