7.415246963500976562e-02 2.482891082763671875e-01 2.135155200958251953e-01
4.452013969421386719e-02 1.197581291198730469e-01 2.106957435607910156e-01
4.602980613708496094e-02 1.243753433227539062e-01 2.133128643035888672e-01
4.536199569702148438e-02 1.519534587860107422e-01 2.115733623504638672e-01
4.713869094848632812e-02 1.596207618713378906e-01 2.161726951599121094e-01
4.616880416870117188e-02 1.555457115173339844e-01 2.119157314300537109e-01
4.622721672058105469e-02 1.538729667663574219e-01 2.160794734954833984e-01
4.672956466674804688e-02 1.529340744018554688e-01 2.114231586456298828e-01
4.592871665954589844e-02 1.384451389312744141e-01 2.145147323608398438e-01
4.607844352722167969e-02 1.206040382385253906e-01 2.094569206237792969e-01
4.631710052490234375e-02 1.089897155761718750e-01 2.131457328796386719e-01
