6.493568420410156250e-02 4.513936042785644531e-01 4.413151741027832031e-01
6.063032150268554688e-02 5.297718048095703125e-01 4.551634788513183594e-01
6.255817413330078125e-02 5.740454196929931641e-01 4.591073989868164062e-01
6.305527687072753906e-02 5.620472431182861328e-01 4.617521762847900391e-01
6.045579910278320312e-02 5.497286319732666016e-01 4.594044685363769531e-01
6.236410140991210938e-02 5.619270801544189453e-01 4.635410308837890625e-01
6.222319602966308594e-02 5.873522758483886719e-01 4.660842418670654297e-01
6.121015548706054688e-02 5.781600475311279297e-01 4.597728252410888672e-01
5.892300605773925781e-02 5.864920616149902344e-01 4.674956798553466797e-01
6.121134757995605469e-02 6.122932434082031250e-01 4.626715183258056641e-01
6.094622611999511719e-02 6.182055473327636719e-01 4.592819213867187500e-01
5.723023414611816406e-02 6.075422763824462891e-01 4.664852619171142578e-01
5.874395370483398438e-02 6.461062431335449219e-01 4.757447242736816406e-01
5.877161026000976562e-02 6.361002922058105469e-01 4.754655361175537109e-01
6.090235710144042969e-02 6.653532981872558594e-01 4.736738204956054688e-01
5.819201469421386719e-02 6.331179141998291016e-01 4.768662452697753906e-01
6.124734878540039062e-02 6.463229656219482422e-01 4.778935909271240234e-01
5.979228019714355469e-02 6.266729831695556641e-01 4.754397869110107422e-01
6.118679046630859375e-02 6.512055397033691406e-01 4.686558246612548828e-01
5.951547622680664062e-02 6.021409034729003906e-01 4.733352661132812500e-01
6.259393692016601562e-02 6.382284164428710938e-01 4.667632579803466797e-01
6.339764595031738281e-02 6.431570053100585938e-01 4.713263511657714844e-01
6.297516822814941406e-02 6.623067855834960938e-01 4.713397026062011719e-01
5.802512168884277344e-02 6.321582794189453125e-01 4.745671749114990234e-01
6.231021881103515625e-02 6.757466793060302734e-01 4.674148559570312500e-01
6.133151054382324219e-02 6.580700874328613281e-01 4.656724929809570312e-01
5.877590179443359375e-02 6.383781433105468750e-01 4.644153118133544922e-01
6.092524528503417969e-02 6.337323188781738281e-01 4.780848026275634766e-01
5.968141555786132812e-02 6.589574813842773438e-01 4.780011177062988281e-01
5.871486663818359375e-02 6.209139823913574219e-01 4.673302173614501953e-01
6.086683273315429688e-02 6.528017520904541016e-01 4.740951061248779297e-01
6.101250648498535156e-02 6.460256576538085938e-01 4.787576198577880859e-01
5.888962745666503906e-02 6.302862167358398438e-01 4.630098342895507812e-01
