6.596207618713378906e-02 1.075150966644287109e-01 1.866490840911865234e-01
4.588794708251953125e-02 7.645153999328613281e-02 1.772966384887695312e-01
4.603171348571777344e-02 7.690882682800292969e-02 1.768519878387451172e-01
4.576826095581054688e-02 7.787060737609863281e-02 1.768164634704589844e-01
4.531240463256835938e-02 7.744455337524414062e-02 1.761870384216308594e-01
4.708552360534667969e-02 8.304929733276367188e-02 1.722729206085205078e-01
4.600524902343750000e-02 7.718706130981445312e-02 1.707265377044677734e-01
4.679584503173828125e-02 7.677054405212402344e-02 1.706655025482177734e-01
4.595136642456054688e-02 7.505416870117187500e-02 1.676542758941650391e-01
4.606270790100097656e-02 7.943964004516601562e-02 1.813871860504150391e-01
4.575872421264648438e-02 7.576727867126464844e-02 1.708672046661376953e-01
4.420638084411621094e-02 7.415699958801269531e-02 1.618843078613281250e-01
4.633831977844238281e-02 7.542991638183593750e-02 1.652059555053710938e-01
4.434895515441894531e-02 7.369184494018554688e-02 1.652088165283203125e-01
4.651212692260742188e-02 7.500195503234863281e-02 1.548700332641601562e-01
4.513406753540039062e-02 7.292246818542480469e-02 1.633486747741699219e-01
4.490852355957031250e-02 7.445168495178222656e-02 1.552605628967285156e-01
4.528832435607910156e-02 7.387042045593261719e-02 1.512799263000488281e-01
4.615783691406250000e-02 7.928967475891113281e-02 1.625123023986816406e-01
4.517650604248046875e-02 7.210516929626464844e-02 1.484887599945068359e-01
4.584121704101562500e-02 7.486104965209960938e-02 1.557650566101074219e-01
4.511952400207519531e-02 7.224559783935546875e-02 1.564238071441650391e-01
4.555177688598632812e-02 7.348275184631347656e-02 1.477131843566894531e-01
