5.010247230529785156e-02 1.391217708587646484e-01 4.218831062316894531e-01
4.789638519287109375e-02 1.149790287017822266e-01 4.461615085601806641e-01
4.825901985168457031e-02 9.380388259887695312e-02 4.319605827331542969e-01
4.811573028564453125e-02 1.051874160766601562e-01 4.375529289245605469e-01
4.702329635620117188e-02 9.960675239562988281e-02 4.348838329315185547e-01
4.848814010620117188e-02 1.040933132171630859e-01 4.287738800048828125e-01
4.706645011901855469e-02 8.417582511901855469e-02 4.266340732574462891e-01
4.875588417053222656e-02 1.059403419494628906e-01 4.408724308013916016e-01
4.792809486389160156e-02 8.470010757446289062e-02 4.338424205780029297e-01
4.674839973449707031e-02 9.814214706420898438e-02 4.257366657257080078e-01
4.880380630493164062e-02 1.052405834197998047e-01 4.283466339111328125e-01
