7.944869995117187500e-02 1.247420310974121094e-01 2.076661586761474609e-01
5.188655853271484375e-02 9.105730056762695312e-02 2.015142440795898438e-01
5.182456970214843750e-02 7.919168472290039062e-02 1.914801597595214844e-01
5.302810668945312500e-02 7.882523536682128906e-02 1.844763755798339844e-01
5.276823043823242188e-02 7.343578338623046875e-02 1.442413330078125000e-01
5.342221260070800781e-02 7.502937316894531250e-02 1.294622421264648438e-01
5.382752418518066406e-02 7.107853889465332031e-02 1.086750030517578125e-01
5.455780029296875000e-02 7.623505592346191406e-02 1.075937747955322266e-01
5.341649055480957031e-02 7.022690773010253906e-02 1.008896827697753906e-01
5.463385581970214844e-02 7.235836982727050781e-02 1.028733253479003906e-01
5.415439605712890625e-02 6.970262527465820312e-02 7.912254333496093750e-02
5.416941642761230469e-02 7.136273384094238281e-02 7.826709747314453125e-02
