7.574200630187988281e-02 2.778489589691162109e-01 1.986870765686035156e-01
4.441356658935546875e-02 2.487790584564208984e-01 1.966626644134521484e-01
4.516720771789550781e-02 3.316333293914794922e-01 2.014825344085693359e-01
4.410314559936523438e-02 2.907598018646240234e-01 1.987094879150390625e-01
4.458713531494140625e-02 2.525122165679931641e-01 1.978886127471923828e-01
4.388070106506347656e-02 2.149662971496582031e-01 1.981866359710693359e-01
4.447555541992187500e-02 1.913466453552246094e-01 1.995017528533935547e-01
4.354071617126464844e-02 1.762859821319580078e-01 1.963787078857421875e-01
4.392027854919433594e-02 1.668875217437744141e-01 1.954889297485351562e-01
4.434394836425781250e-02 1.638779640197753906e-01 1.995089054107666016e-01
4.413151741027832031e-02 1.686260700225830078e-01 1.955935955047607422e-01
4.418659210205078125e-02 1.487116813659667969e-01 1.967432498931884766e-01
