5.434036254882812500e-02 2.873306274414062500e-01 4.501366615295410156e-01
5.673575401306152344e-02 3.014719486236572266e-01 4.528760910034179688e-01
5.682253837585449219e-02 3.132112026214599609e-01 4.427459239959716797e-01
5.885958671569824219e-02 3.108158111572265625e-01 4.541432857513427734e-01
5.800437927246093750e-02 3.149983882904052734e-01 4.415497779846191406e-01
6.072640419006347656e-02 3.383862972259521484e-01 4.393064975738525391e-01
6.192469596862792969e-02 3.439915180206298828e-01 4.472086429595947266e-01
6.245470046997070312e-02 3.462061882019042969e-01 4.430024623870849609e-01
6.296157836914062500e-02 3.541164398193359375e-01 4.472045898437500000e-01
5.948781967163085938e-02 3.292183876037597656e-01 4.547774791717529297e-01
6.247663497924804688e-02 3.616111278533935547e-01 4.426939487457275391e-01
6.126713752746582031e-02 3.549423217773437500e-01 4.416289329528808594e-01
5.830597877502441406e-02 3.420119285583496094e-01 4.457695484161376953e-01
6.139683723449707031e-02 3.594312667846679688e-01 4.418222904205322266e-01
5.859327316284179688e-02 3.457710742950439453e-01 4.394373893737792969e-01
6.016111373901367188e-02 3.625459671020507812e-01 4.506590366363525391e-01
5.855798721313476562e-02 3.535454273223876953e-01 4.469964504241943359e-01
5.888056755065917969e-02 3.539912700653076172e-01 4.463074207305908203e-01
6.109023094177246094e-02 3.801991939544677734e-01 4.643068313598632812e-01
5.826497077941894531e-02 3.652067184448242188e-01 4.456765651702880859e-01
6.097173690795898438e-02 3.876743316650390625e-01 4.516224861145019531e-01
6.141805648803710938e-02 3.889033794403076172e-01 4.544942378997802734e-01
5.828070640563964844e-02 3.798818588256835938e-01 4.466111660003662109e-01
6.006813049316406250e-02 3.864696025848388672e-01 4.464986324310302734e-01
6.208896636962890625e-02 4.161007404327392578e-01 4.460217952728271484e-01
