5.998849868774414062e-02 1.053688526153564453e-01 1.700131893157958984e-01
4.497170448303222656e-02 6.992888450622558594e-02 1.241741180419921875e-01
4.526758193969726562e-02 6.779575347900390625e-02 8.544611930847167969e-02
4.799723625183105469e-02 7.997345924377441406e-02 7.415652275085449219e-02
5.039596557617187500e-02 7.469964027404785156e-02 6.739282608032226562e-02
4.679393768310546875e-02 7.125544548034667969e-02 6.698703765869140625e-02
4.728770256042480469e-02 6.826996803283691406e-02 6.361722946166992188e-02
4.744839668273925781e-02 6.791830062866210938e-02 5.819129943847656250e-02
4.760217666625976562e-02 6.818437576293945312e-02 5.649495124816894531e-02
4.534745216369628906e-02 6.056118011474609375e-02 5.442094802856445312e-02
4.761219024658203125e-02 6.683921813964843750e-02 5.492162704467773438e-02
4.731917381286621094e-02 6.689381599426269531e-02 6.325173377990722656e-02
