6.502747535705566406e-02 1.562936305999755859e-01 4.342167377471923828e-01
5.870413780212402344e-02 2.710089683532714844e-01 4.380643367767333984e-01
5.938839912414550781e-02 2.727808952331542969e-01 4.421172142028808594e-01
6.242394447326660156e-02 2.352671623229980469e-01 4.300053119659423828e-01
6.059980392456054688e-02 2.014310359954833984e-01 4.400858879089355469e-01
6.274604797363281250e-02 2.452156543731689453e-01 4.314963817596435547e-01
6.298971176147460938e-02 2.949738502502441406e-01 4.413845539093017578e-01
6.089854240417480469e-02 2.975146770477294922e-01 4.381346702575683594e-01
6.044435501098632812e-02 3.072233200073242188e-01 4.399261474609375000e-01
6.171631813049316406e-02 3.151495456695556641e-01 4.569895267486572266e-01
6.112074851989746094e-02 3.679931163787841797e-01 4.491620063781738281e-01
