3.466391563415527344e-02 1.134405136108398438e-01 9.359669685363769531e-02
2.550029754638671875e-02 6.907439231872558594e-02 9.387588500976562500e-02
2.712154388427734375e-02 7.311820983886718750e-02 9.759187698364257812e-02
2.690696716308593750e-02 7.108974456787109375e-02 9.447669982910156250e-02
2.667927742004394531e-02 7.539415359497070312e-02 1.084904670715332031e-01
3.038001060485839844e-02 8.568477630615234375e-02 1.136639118194580078e-01
2.799749374389648438e-02 7.452416419982910156e-02 9.562778472900390625e-02
2.658534049987792969e-02 7.044792175292968750e-02 9.485006332397460938e-02
2.665901184082031250e-02 6.978607177734375000e-02 9.405589103698730469e-02
2.658033370971679688e-02 6.992650032043457031e-02 9.410643577575683594e-02
2.639150619506835938e-02 6.971979141235351562e-02 9.350275993347167969e-02
2.605938911437988281e-02 6.932234764099121094e-02 9.396791458129882812e-02
2.590775489807128906e-02 7.030797004699707031e-02 9.371685981750488281e-02
2.725195884704589844e-02 7.447052001953125000e-02 9.471678733825683594e-02
