7.318377494812011719e-02 1.156187057495117188e-01 8.842945098876953125e-02
4.584717750549316406e-02 6.526684761047363281e-02 5.280256271362304688e-02
4.641675949096679688e-02 6.589007377624511719e-02 4.538321495056152344e-02
4.576349258422851562e-02 6.463074684143066406e-02 4.545855522155761719e-02
4.593014717102050781e-02 6.625342369079589844e-02 4.516625404357910156e-02
4.534626007080078125e-02 6.282687187194824219e-02 5.281257629394531250e-02
4.613137245178222656e-02 6.366348266601562500e-02 3.175592422485351562e-02
4.433655738830566406e-02 5.873847007751464844e-02 3.086805343627929688e-02
4.513406753540039062e-02 6.039309501647949219e-02 3.075242042541503906e-02
4.401731491088867188e-02 5.536794662475585938e-02 2.419900894165039062e-02
4.402732849121093750e-02 5.595898628234863281e-02 2.404260635375976562e-02
4.454255104064941406e-02 5.822873115539550781e-02 2.555346488952636719e-02
4.442143440246582031e-02 5.654859542846679688e-02 2.430152893066406250e-02
4.424309730529785156e-02 6.271195411682128906e-02 2.587532997131347656e-02
4.428505897521972656e-02 6.421947479248046875e-02 2.500200271606445312e-02
4.385542869567871094e-02 6.237411499023437500e-02 2.479600906372070312e-02
