4.031991958618164062e-02 9.616684913635253906e-02 5.280354022979736328e-01
4.031205177307128906e-02 9.108209609985351562e-02 5.094726085662841797e-01
3.949761390686035156e-02 8.307933807373046875e-02 4.001820087432861328e-01
3.966188430786132812e-02 8.067512512207031250e-02 3.680696487426757812e-01
3.973269462585449219e-02 8.219885826110839844e-02 4.045338630676269531e-01
3.977227210998535156e-02 8.239722251892089844e-02 3.817110061645507812e-01
4.001307487487792969e-02 9.255194664001464844e-02 4.007313251495361328e-01
3.983044624328613281e-02 8.992624282836914062e-02 3.770885467529296875e-01
3.974485397338867188e-02 1.022400856018066406e-01 4.062650203704833984e-01
4.022908210754394531e-02 1.169338226318359375e-01 4.120817184448242188e-01
3.968501091003417969e-02 1.062541007995605469e-01 4.104630947113037109e-01
4.013681411743164062e-02 1.138460636138916016e-01 3.956220149993896484e-01
3.927969932556152344e-02 1.288559436798095703e-01 4.049117565155029297e-01
4.025292396545410156e-02 1.138775348663330078e-01 4.075751304626464844e-01
3.962111473083496094e-02 1.325867176055908203e-01 3.834934234619140625e-01
3.959608078002929688e-02 1.350758075714111328e-01 3.911566734313964844e-01
3.931570053100585938e-02 1.400420665740966797e-01 3.847792148590087891e-01
3.963661193847656250e-02 1.358971595764160156e-01 3.779647350311279297e-01
3.972268104553222656e-02 1.304030418395996094e-01 4.033608436584472656e-01
4.015135765075683594e-02 1.380751132965087891e-01 3.915412425994873047e-01
4.022145271301269531e-02 1.618878841400146484e-01 4.003119468688964844e-01
3.974151611328125000e-02 1.724853515625000000e-01 4.206705093383789062e-01
4.021525382995605469e-02 1.818938255310058594e-01 4.100575447082519531e-01
4.016709327697753906e-02 1.790542602539062500e-01 4.165320396423339844e-01
3.952765464782714844e-02 1.618700027465820312e-01 4.198772907257080078e-01
