3.576946258544921875e-02 1.303379535675048828e-01 1.050496101379394531e-01
2.732920646667480469e-02 7.011771202087402344e-02 9.223604202270507812e-02
2.725815773010253906e-02 7.636785507202148438e-02 1.082417964935302734e-01
3.054118156433105469e-02 7.262063026428222656e-02 9.312605857849121094e-02
2.801060676574707031e-02 7.587146759033203125e-02 1.088097095489501953e-01
3.013443946838378906e-02 8.452415466308593750e-02 1.065623760223388672e-01
2.962732315063476562e-02 7.121896743774414062e-02 9.207916259765625000e-02
2.762532234191894531e-02 7.182526588439941406e-02 9.291768074035644531e-02
2.702927589416503906e-02 7.122468948364257812e-02 1.002049446105957031e-01
2.903580665588378906e-02 7.231664657592773438e-02 8.600568771362304688e-02
2.734088897705078125e-02 7.442212104797363281e-02 8.658146858215332031e-02
2.741813659667968750e-02 7.355237007141113281e-02 8.774042129516601562e-02
