5.982780456542968750e-02 6.552329063415527344e-01 2.091109752655029297e-01
4.701638221740722656e-02 6.617531776428222656e-01 2.214915752410888672e-01
4.837894439697265625e-02 6.983149051666259766e-01 2.106151580810546875e-01
4.859137535095214844e-02 7.046210765838623047e-01 2.164790630340576172e-01
4.703998565673828125e-02 6.983914375305175781e-01 2.217962741851806641e-01
5.166745185852050781e-02 7.306432723999023438e-01 2.064270973205566406e-01
4.717159271240234375e-02 7.001097202301025391e-01 2.203874588012695312e-01
4.761552810668945312e-02 7.118728160858154297e-01 2.179086208343505859e-01
4.800820350646972656e-02 7.059786319732666016e-01 2.115566730499267578e-01
4.801750183105468750e-02 7.097563743591308594e-01 2.131915092468261719e-01
4.739618301391601562e-02 7.091886997222900391e-01 2.234404087066650391e-01
4.912638664245605469e-02 7.395055294036865234e-01 2.210853099822998047e-01
4.789948463439941406e-02 7.264380455017089844e-01 2.103660106658935547e-01
4.830169677734375000e-02 7.336754798889160156e-01 2.193858623504638672e-01
4.715585708618164062e-02 7.168943881988525391e-01 2.037103176116943359e-01
4.730534553527832031e-02 7.216987609863281250e-01 2.075994014739990234e-01
4.729008674621582031e-02 7.363133430480957031e-01 2.098305225372314453e-01
4.717135429382324219e-02 7.321453094482421875e-01 2.155694961547851562e-01
