1.829960346221923828e-01 0.000000000000000000e+00
7.157335281372070312e-01 2.117440700531005859e-01
7.563605308532714844e-01 2.161941528320312500e-01
7.386801242828369141e-01 2.177844047546386719e-01
7.549293041229248047e-01 2.105884552001953125e-01
7.494041919708251953e-01 2.168295383453369141e-01
7.187225818634033203e-01 2.174472808837890625e-01
7.391867637634277344e-01 2.093877792358398438e-01
7.285833358764648438e-01 2.090311050415039062e-01
7.460856437683105469e-01 2.127861976623535156e-01
7.446601390838623047e-01 2.180500030517578125e-01
7.403302192687988281e-01 2.115018367767333984e-01
7.430512905120849609e-01 2.101435661315917969e-01
7.316112518310546875e-01 2.108867168426513672e-01
7.309064865112304688e-01 2.097156047821044922e-01
7.502901554107666016e-01 2.169339656829833984e-01
7.228219509124755859e-01 2.076337337493896484e-01
7.185885906219482422e-01 2.093100547790527344e-01
7.328236103057861328e-01 2.219586372375488281e-01
7.353861331939697266e-01 2.096638679504394531e-01
7.613267898559570312e-01 2.087523937225341797e-01
7.281591892242431641e-01 2.086565494537353516e-01
7.143254280090332031e-01 2.082350254058837891e-01
7.360439300537109375e-01 2.094731330871582031e-01
7.513556480407714844e-01 2.193958759307861328e-01
7.394263744354248047e-01 2.102782726287841797e-01
7.327089309692382812e-01 2.094419002532958984e-01
7.565085887908935547e-01 2.098500728607177734e-01
7.650496959686279297e-01 2.098760604858398438e-01
7.295374870300292969e-01 2.160365581512451172e-01
7.414035797119140625e-01 2.093129158020019531e-01
7.524411678314208984e-01 2.117357254028320312e-01
7.365996837615966797e-01 2.152338027954101562e-01
7.446238994598388672e-01 2.114555835723876953e-01
7.519130706787109375e-01 2.269179821014404297e-01
7.353799343109130859e-01 2.108757495880126953e-01
7.411456108093261719e-01 2.089805603027343750e-01
7.236206531524658203e-01 2.087056636810302734e-01
7.395231723785400391e-01 2.144622802734375000e-01
7.492980957031250000e-01 2.146151065826416016e-01
7.283887863159179688e-01 2.077388763427734375e-01
7.471497058868408203e-01 2.141797542572021484e-01
7.404901981353759766e-01 2.094535827636718750e-01
7.520513534545898438e-01 2.158854007720947266e-01
7.210812568664550781e-01 2.142035961151123047e-01
7.406165599822998047e-01 2.104623317718505859e-01
7.601606845855712891e-01 2.146067619323730469e-01
7.358269691467285156e-01 2.102329730987548828e-01
7.404372692108154297e-01 2.086820602416992188e-01
7.474393844604492188e-01 2.080049514770507812e-01
7.309126853942871094e-01 2.094979286193847656e-01
7.376353740692138672e-01 2.106895446777343750e-01
7.603101730346679688e-01 2.170646190643310547e-01
7.350122928619384766e-01 2.152144908905029297e-01
7.414672374725341797e-01 2.151961326599121094e-01
7.545592784881591797e-01 2.091951370239257812e-01
7.428648471832275391e-01 2.106053829193115234e-01
7.360723018646240234e-01 2.096664905548095703e-01
7.468886375427246094e-01 2.184278964996337891e-01
7.421431541442871094e-01 2.177417278289794922e-01
7.313280105590820312e-01 2.166743278503417969e-01
7.385215759277343750e-01 2.099096775054931641e-01
7.447552680969238281e-01 2.120778560638427734e-01
7.582170963287353516e-01 2.142953872680664062e-01
7.404589653015136719e-01 2.137658596038818359e-01
7.509417533874511719e-01 2.154550552368164062e-01
7.452521324157714844e-01 2.168803215026855469e-01
7.571680545806884766e-01 2.156252861022949219e-01
7.357709407806396484e-01 2.178642749786376953e-01
7.476930618286132812e-01 2.143647670745849609e-01
7.339599132537841797e-01 2.101185321807861328e-01
7.614257335662841797e-01 2.154016494750976562e-01
7.287735939025878906e-01 2.178552150726318359e-01
7.422282695770263672e-01 2.202041149139404297e-01
7.268810272216796875e-01 2.135386466979980469e-01
7.339260578155517578e-01 2.166154384613037109e-01
7.345221042633056641e-01 2.127933502197265625e-01
7.225151062011718750e-01 2.110385894775390625e-01
7.482481002807617188e-01 2.139382362365722656e-01
7.388422489166259766e-01 2.160997390747070312e-01
7.381458282470703125e-01 2.155246734619140625e-01
7.626953125000000000e-01 2.108871936798095703e-01
7.383532524108886719e-01 2.082443237304687500e-01
7.501177787780761719e-01 2.102987766265869141e-01
7.501063346862792969e-01 2.163698673248291016e-01
7.508380413055419922e-01 2.196011543273925781e-01
7.585909366607666016e-01 2.080674171447753906e-01
7.346451282501220703e-01 2.147300243377685547e-01
7.595834732055664062e-01 2.139410972595214844e-01
7.513244152069091797e-01 2.264997959136962891e-01
7.657177448272705078e-01 2.181010246276855469e-01
7.438294887542724609e-01 2.093985080718994141e-01
7.592940330505371094e-01 2.155218124389648438e-01
7.345128059387207031e-01 2.096004486083984375e-01
7.693350315093994141e-01 2.163631916046142578e-01
7.367548942565917969e-01 2.144188880920410156e-01
7.404818534851074219e-01 2.143476009368896484e-01
7.413041591644287109e-01 2.088809013366699219e-01
