5.255794525146484375e-02 1.432936191558837891e-01 1.938700675964355469e-01
3.448867797851562500e-02 1.096343994140625000e-01 2.028212547302246094e-01
3.569245338439941406e-02 1.186892986297607422e-01 1.936416625976562500e-01
3.457093238830566406e-02 1.200699806213378906e-01 2.037670612335205078e-01
3.417348861694335938e-02 1.191055774688720703e-01 1.898448467254638672e-01
3.418421745300292969e-02 1.251871585845947266e-01 2.044713497161865234e-01
3.459739685058593750e-02 1.345441341400146484e-01 1.965281963348388672e-01
3.448629379272460938e-02 1.380558013916015625e-01 2.058210372924804688e-01
3.465294837951660156e-02 1.463768482208251953e-01 1.905770301818847656e-01
3.475165367126464844e-02 1.542513370513916016e-01 2.054319381713867188e-01
3.418755531311035156e-02 1.445641517639160156e-01 1.985173225402832031e-01
